#Parameters = {D=8; L=167.5; Z0=73; Gap=1.5}
#"Frequency / GHz"	"S1,1 (L=167.5) [Magnitude]"
#----------------------------------------------
0.10000000149012	0.16733603925985
0.10400000214577	0.14185608005107
0.10800000280142	0.11598727331464
0.11200000345707	0.089799670205225
0.11599999666214	0.063361327677635
0.11999999731779	0.036747754815296
0.12399999797344	0.010032496593827
0.12800000607967	-0.016709463681953
0.13199999928474	-0.043400588388111
0.13600000739098	-0.069962900633276
0.14000000059605	-0.096317729497248
0.14399999380112	-0.12238537643390
0.14800000190735	-0.14808681511501
0.15199999511242	-0.17334325223419
0.15600000321865	-0.19807386682488
0.15999999642372	-0.22220147758145
0.16400000452995	-0.24564844005503
0.16799999773502	-0.26834082204877
0.17200000584126	-0.29020357096282
0.17599999904633	-0.31116444350492
0.18000000715256	-0.33115633483509
0.18400000035763	-0.35011095446604
0.18799999356270	-0.36796807154518
0.19200000166893	-0.38466724667086
0.19599999487400	-0.40015549607319
0.20000000298023	-0.41438199007958
0.20399999618530	-0.42730099680566
0.20800000429153	-0.43887236906625
0.21199999749660	-0.44906263014536
0.21600000560284	-0.45783980424399
0.21999999880791	-0.46518487698385
0.22400000691414	-0.47107674033568
0.22800000011921	-0.47550732606287
0.23199999332428	-0.47846974461238
0.23600000143051	-0.47996727593938
0.23999999463558	-0.48000599040771
0.24400000274181	-0.47860177302317
0.24799999594688	-0.47577364474986
0.25200000405312	-0.47154901979535
0.25600001215935	-0.46596110706284
0.25999999046326	-0.45904644161279
0.26399999856949	-0.45084931649068
0.26800000667572	-0.44141943782790
0.27200001478195	-0.43080933812416
0.27599999308586	-0.41907912872112
0.28000000119209	-0.40629122861496
0.28400000929832	-0.39251341358413
0.28799998760223	-0.37781397836472
0.29199999570847	-0.36226851922936
0.29600000381470	-0.34595282723176
0.30000001192093	-0.32894778184425
0.30399999022484	-0.31133199721493
0.30799999833107	-0.29319026256366
0.31200000643730	-0.27460646524519
0.31600001454353	-0.25566687112265
0.31999999284744	-0.23645753075321
0.32400000095367	-0.21706528695962
0.32800000905991	-0.19757581405720
0.33199998736382	-0.17807853659593
0.33599999547005	-0.15865765997694
0.34000000357628	-0.13940021072337
0.34400001168251	-0.12039011794028
0.34799998998642	-0.10171464566545
0.35199999809265	-0.083454315395482
0.35600000619888	-0.065691019440471
0.36000001430511	-0.048506038871393
0.36399999260902	-0.031978009937052
0.36800000071526	-0.016183880888700
0.37200000882149	-0.0011990645311135
0.37599998712540	0.012902146560284
0.37999999523163	0.026047560316253
0.38400000333786	0.038167723568983
0.38800001144409	0.049192166294101
0.39199998974800	0.059057795305273
0.39599999785423	0.067694936196879
0.40000000596046	0.075045312551207
0.40400001406670	0.081042910353343
0.40799999237061	0.085631724616712
0.41200000047684	0.088751923555129
0.41600000858307	0.090347528574496
0.41999998688698	0.090363879716797
0.42399999499321	0.088746680206529
0.42800000309944	0.085445077001741
0.43200001120567	0.080407081875554
0.43599998950958	0.073583321428502
0.43999999761581	0.064928010206475
0.44400000572205	0.054392467952358
0.44800001382828	0.041930702996716
0.45199999213219	0.027497899659098
0.45600000023842	0.011049483313743
0.46000000834465	-0.0074565606360588
0.46399998664856	-0.028064412966233
0.46799999475479	-0.050815649456491
0.47200000286102	-0.075750000937837
0.47600001096725	-0.10291143173948
0.47999998927116	-0.13233742239782
0.48399999737740	-0.16407145780273
0.48800000548363	-0.19814943266264
0.49200001358986	-0.23461633275767
0.49599999189377	-0.27350861913889
0.50000000000000	-0.31486793995338
0.50400000810623	-0.35873383759141
0.50800001621246	-0.40514530475303
0.51200002431870	-0.45414695553570
0.51599997282028	-0.50577605499129
0.51999998092651	-0.56007595128684
0.52399998903275	-0.61708935674545
0.52799999713898	-0.67685934118205
0.53200000524521	-0.73942993904409
0.53600001335144	-0.80484447555892
0.54000002145767	-0.87315020091810
0.54400002956390	-0.94439420989106
0.54799997806549	-1.0186244799350
0.55199998617172	-1.0958903030888
0.55599999427795	-1.1762434986217
0.56000000238419	-1.2597361669763
0.56400001049042	-1.3464236396073
0.56800001859665	-1.4363625645846
0.57200002670288	-1.5296113148167
0.57599997520447	-1.6262295405492
0.57999998331070	-1.7262824337443
0.58399999141693	-1.8298334369122
0.58799999952316	-1.9369543236640
0.59200000762939	-2.0477138516879
0.59600001573563	-2.1621867854131
0.60000002384186	-2.2804523695308
0.60399997234344	-2.4025925226621
0.60799998044968	-2.5286896695569
0.61199998855591	-2.6588359292449
0.61599999666214	-2.7931251261026
0.62000000476837	-2.9316551270995
0.62400001287460	-3.0745291931564
0.62800002098083	-3.2218575375231
0.63200002908707	-3.3737555325703
0.63599997758865	-3.5303421305988
0.63999998569489	-3.6917465691080
0.64399999380112	-3.8581023145747
0.64800000190735	-4.0295523979441
0.65200001001358	-4.2062478926335
0.65600001811981	-4.3883455290373
0.66000002622604	-4.5760164103588
0.66399997472763	-4.7694359895580
0.66799998283386	-4.9687954997042
0.67199999094009	-5.1742927270238
0.67599999904633	-5.3861416578720
0.68000000715256	-5.6045676302901
0.68400001525879	-5.8298098978844
0.68800002336502	-6.0621207782392
0.69199997186661	-6.3017706729135
0.69599997997284	-6.5490450348728
0.69999998807907	-6.8042465888772
0.70399999618530	-7.0676978722125
0.70800000429153	-7.3397370821520
0.71200001239777	-7.6207260483723
0.71600002050400	-7.9110404445721
0.72000002861023	-8.2110792498104
0.72399997711182	-8.5212582905617
0.72799998521805	-8.8420109818942
0.73199999332428	-9.1737794248517
0.73600000143051	-9.5170198600232
0.74000000953674	-9.8721861711966
0.74400001764297	-10.239720258659
0.74800002574921	-10.620042286814
0.75199997425079	-11.013520513898
0.75599998235703	-11.420445230915
0.75999999046326	-11.840984526330
0.76399999856949	-12.275120967342
0.76800000667572	-12.722574964199
0.77200001478195	-13.182689159220
0.77600002288818	-13.654283868414
0.77999997138977	-14.135455871730
0.78399997949600	-14.623343086375
0.78799998760223	-15.113805581734
0.79199999570847	-15.601090335757
0.79600000381470	-16.077469918445
0.80000001192093	-16.532958098884
0.80400002002716	-16.955238899571
0.80800002813339	-17.329980841292
0.81199997663498	-17.641772665411
0.81599998474121	-17.875744135412
0.81999999284744	-18.019729367500
0.82400000095367	-18.066462090926
0.82800000905991	-18.015066320757
0.83200001716614	-17.871239107965
0.83600002527237	-17.646057477782
0.83999997377396	-17.353899297248
0.84399998188019	-17.010205153917
0.84799998998642	-16.629681502908
0.85199999809265	-16.225201793316
0.85600000619888	-15.807340441982
0.86000001430511	-15.384370752946
0.86400002241135	-14.962506496155
0.86799997091293	-14.546251290340
0.87199997901917	-14.138749295991
0.87599998712540	-13.742107514435
0.87999999523163	-13.357656009999
0.88400000333786	-12.986151162723
0.88800001144409	-12.627944517387
0.89200001955032	-12.283090242610
0.89600002765656	-11.951446591520
0.89999997615814	-11.632731985340
0.90399998426437	-11.326574925067
0.90799999237061	-11.032549671539
0.91200000047684	-10.750196819677
0.91600000858307	-10.479048107536
0.92000001668930	-10.218627054881
0.92400002479553	-9.9684680405957
0.92799997329712	-9.7281162715823
0.93199998140335	-9.4971309443767
0.93599998950958	-9.2750881368985
0.93999999761581	-9.0615865741479
0.94400000572205	-8.8562408489817
0.94800001382828	-8.6586845798364
0.95200002193451	-8.4685719718692
0.95599997043610	-8.2855740534673
0.95999997854233	-8.1093780884607
0.96399998664856	-7.9396897223445
0.96799999475479	-7.7762290949457
0.97200000286102	-7.6187326005780
0.97600001096725	-7.4669466836521
0.98000001907349	-7.3206346910419
0.98400002717972	-7.1795716062895
0.98799997568130	-7.0435412558392
0.99199998378754	-6.9123398024918
0.99599999189377	-6.7857724073629
1.0000000000000	-6.6636561195540
1.0039999485016	-6.5458135116782
1.0080000162125	-6.4320752941620
1.0119999647141	-6.3222828558719
1.0160000324249	-6.2162824038823
1.0199999809265	-6.1139247601050
1.0240000486374	-6.0150714969178
1.0279999971390	-5.9195860218640
1.0319999456406	-5.8273418515659
1.0360000133514	-5.7382110366476
1.0399999618530	-5.6520758806528
1.0440000295639	-5.5688202187339
1.0479999780655	-5.4883338604336
1.0520000457764	-5.4105113250152
1.0559999942780	-5.3352482386481
1.0599999427795	-5.2624462432175
1.0640000104904	-5.1920072017440
1.0679999589920	-5.1238415597384
1.0720000267029	-5.0578586605940
1.0759999752045	-4.9939711633863
1.0800000429153	-4.9320964351936
1.0839999914169	-4.8721528329935
1.0880000591278	-4.8140644919448
1.0920000076294	-4.7577513196552
1.0959999561310	-4.7031422686970
1.1000000238419	-4.6501666167828
1.1039999723434	-4.5987550597970
1.1080000400543	-4.5488404569681
1.1119999885559	-4.5003584164867
1.1160000562668	-4.4532479001970
1.1200000047684	-4.4074483988203
1.1239999532700	-4.3629010965015
1.1280000209808	-4.3195482684598
1.1319999694824	-4.2773380420848
1.1360000371933	-4.2362147132812
1.1399999856949	-4.1961308135952
1.1440000534058	-4.1570367025954
1.1480000019073	-4.1188835885217
1.1519999504089	-4.0816271871470
1.1560000181198	-4.0452238857007
1.1599999666214	-4.0096333218768
1.1640000343323	-3.9748127670793
1.1679999828339	-3.9407271335660
1.1720000505447	-3.9073349553867
1.1759999990463	-3.8746052741142
1.1799999475479	-3.8425029122156
1.1840000152588	-3.8109964507996
1.1879999637604	-3.7800541880844
1.1920000314713	-3.7496502117791
1.1959999799728	-3.7197538124557
1.2000000476837	-3.6903420770473
1.2039999961853	-3.6613897534820
1.2079999446869	-3.6328730530307
1.2120000123978	-3.6047710503006
1.2159999608994	-3.5770648332673
1.2200000286102	-3.5497363530766
1.2239999771118	-3.5227653647989
1.2280000448227	-3.4961366627062
1.2319999933243	-3.4698363274813
1.2359999418259	-3.4438520601125
1.2400000095367	-3.4181674309744
1.2439999580383	-3.3927752627158
1.2480000257492	-3.3676610511537
1.2519999742508	-3.3428210456230
1.2560000419617	-3.3182408245049
1.2599999904633	-3.2939183458382
1.2640000581741	-3.2698443447910
1.2680000066757	-3.2460123365887
1.2719999551773	-3.2224208396834
1.2760000228882	-3.1990641707873
1.2799999713898	-3.1759381015567
1.2840000391006	-3.1530414953812
1.2879999876022	-3.1303711102053
1.2920000553131	-3.1079263936193
1.2960000038147	-3.0857067662823
1.2999999523163	-3.0637110265518
1.3040000200272	-3.0419379273961
1.3079999685287	-3.0203907489334
1.3120000362396	-2.9990682715104
1.3159999847412	-2.9779715316465
1.3200000524521	-2.9571014990722
1.3240000009537	-2.9364611293033
1.3279999494553	-2.9160510208788
1.3320000171661	-2.8958727609871
1.3359999656677	-2.8759289395745
1.3400000333786	-2.8562208512138
1.3439999818802	-2.8367506171553
1.3480000495911	-2.8175202172928
1.3519999980927	-2.7985328584812
1.3559999465942	-2.7797878575105
1.3600000143051	-2.7612877893913
1.3639999628067	-2.7430360016035
1.3680000305176	-2.7250335335882
1.3719999790192	-2.7072807605179
1.3760000467300	-2.6897785159474
1.3799999952316	-2.6725308710965
1.3839999437332	-2.6555337966065
1.3880000114441	-2.6387928650648
1.3919999599457	-2.6223054856948
1.3960000276566	-2.6060744251995
1.3999999761581	-2.5900953820696
1.4040000438690	-2.5743720318720
1.4079999923706	-2.5589010977560
1.4119999408722	-2.5436846491362
1.4160000085831	-2.5287187016499
1.4199999570847	-2.5140030841470
1.4240000247955	-2.4995354150535
1.4279999732971	-2.4853147156383
1.4320000410080	-2.4713380206543
1.4359999895096	-2.4576032707298
1.4400000572205	-2.4441080790530
1.4440000057220	-2.4308488966241
1.4479999542236	-2.4178220008581
1.4520000219345	-2.4050255836118
1.4559999704361	-2.3924545248636
1.4600000381470	-2.3801047326921
1.4639999866486	-2.3679740781457
1.4680000543594	-2.3560562977316
1.4720000028610	-2.3443484263591
1.4759999513626	-2.3328448172680
1.4800000190735	-2.3215416646597
1.4839999675751	-2.3104338037402
1.4880000352859	-2.2995156104380
1.4919999837875	-2.2887834679272
1.4960000514984	-2.2782308298050
1.5000000000000	-2.2678539130804
1.5039999485016	-2.2576456064059
1.5080000162125	-2.2476025328472
1.5119999647141	-2.2377190702692
1.5160000324249	-2.2279888560055
1.5199999809265	-2.2184080850857
1.5240000486374	-2.2089712820436
1.5279999971390	-2.1996718895213
1.5319999456406	-2.1905075766811
1.5360000133514	-2.1814699142011
1.5399999618530	-2.1725587124740
1.5440000295639	-2.1637636201498
1.5479999780655	-2.1550842409780
1.5520000457764	-2.1465140708622
1.5559999942780	-2.1380487088178
1.5599999427795	-2.1296869382049
1.5640000104904	-2.1214201513714
1.5679999589920	-2.1132484139867
1.5720000267029	-2.1051670219540
1.5759999752045	-2.0971711387223
1.5800000429153	-2.0892597532307
1.5839999914169	-2.0814291132217
1.5880000591278	-2.0736760765163
1.5920000076294	-2.0659990517471
1.5959999561310	-2.0583954971337
1.6000000238419	-2.0508628732769
1.6039999723434	-2.0434014366405
1.6080000400543	-2.0360060590044
1.6119999885559	-2.0286792734828
1.6160000562668	-2.0214182791844
1.6200000047684	-2.0142233169700
1.6239999532700	-2.0070936094600
1.6280000209808	-2.0000281367031
1.6319999694824	-1.9930272393861
1.6360000371933	-1.9860913389239
1.6399999856949	-1.9792214496357
1.6440000534058	-1.9724183013481
1.6480000019073	-1.9656810412830
1.6519999504089	-1.9590129788256
1.6560000181198	-1.9524132000558
1.6599999666214	-1.9458861695627
1.6640000343323	-1.9394304391901
1.6679999828339	-1.9330517423603
1.6720000505447	-1.9267468409697
1.6759999990463	-1.9205213566654
1.6799999475479	-1.9143773038127
1.6840000152588	-1.9083161138943
1.6879999637604	-1.9023404196914
1.6920000314713	-1.8964537761425
1.6959999799728	-1.8906564018576
1.7000000476837	-1.8849529124579
1.7039999961853	-1.8793462360510
1.7079999446869	-1.8738374150624
1.7120000123978	-1.8684312835266
1.7159999608994	-1.8631291323466
1.7200000286102	-1.8579346488471
1.7239999771118	-1.8528504248449
1.7280000448227	-1.8478785166952
1.7319999933243	-1.8430225798567
1.7359999418259	-1.8382851824778
1.7400000095367	-1.8336675092739
1.7439999580383	-1.8291732900958
1.7480000257492	-1.8248057902716
1.7519999742508	-1.8205648022485
1.7560000419617	-1.8164548224495
1.7599999904633	-1.8124770144422
1.7640000581741	-1.8086351869358
1.7680000066757	-1.8049293938120
1.7719999551773	-1.8013602146480
1.7760000228882	-1.7979327525998
1.7799999713898	-1.7946464423305
1.7840000391006	-1.7915026441295
1.7879999876022	-1.7885028239188
1.7920000553131	-1.7856482667538
1.7960000038147	-1.7829416748601
1.7999999523163	-1.7803794424899
1.8040000200272	-1.7779658116730
1.8079999685287	-1.7757003634350
1.8120000362396	-1.7735844055606
1.8159999847412	-1.7716182924131
1.8200000524521	-1.7697996224127
1.8240000009537	-1.7681307644142
1.8279999494553	-1.7666114200843
1.8320000171661	-1.7652413961287
1.8359999656677	-1.7640193683509
1.8400000333786	-1.7629461944801
1.8439999818802	-1.7620204204232
1.8480000495911	-1.7612436647257
1.8519999980927	-1.7606128375861
1.8559999465942	-1.7601288819463
1.8600000143051	-1.7597912471653
1.8639999628067	-1.7595984237188
1.8680000305176	-1.7595504990924
1.8719999790192	-1.7596455872334
1.8760000467300	-1.7598846161383
1.8799999952316	-1.7602666641206
1.8839999437332	-1.7607908121783
1.8880000114441	-1.7614564347090
1.8919999599457	-1.7622632450536
1.8960000276566	-1.7632130514138
1.8999999761581	-1.7643028452518
1.9040000438690	-1.7655333064559
1.9079999923706	-1.7669061138241
1.9119999408722	-1.7684211183261
1.9160000085831	-1.7700771274273
1.9199999570847	-1.7718763877919
1.9240000247955	-1.7738206232598
1.9279999732971	-1.7759082403871
1.9320000410080	-1.7781439981543
1.9359999895096	-1.7805273175483
1.9400000572205	-1.7830609193243
1.9440000057220	-1.7857477554226
1.9479999542236	-1.7885895963851
1.9520000219345	-1.7915888662872
1.9559999704361	-1.7947501927390
1.9600000381470	-1.7980767111455
1.9639999866486	-1.8015717662358
1.9680000543594	-1.8052411981287
1.9720000028610	-1.8090883668659
1.9759999513626	-1.8131179110166
1.9800000190735	-1.8173369482375
1.9839999675751	-1.8217505115136
1.9880000352859	-1.8263655796801
1.9919999837875	-1.8311879660952
1.9960000514984	-1.8362255424058
2.0000000000000	-1.8414862493631
2.0039999485016	-1.8469765622154
2.0079998970032	-1.8527055414362
2.0120000839233	-1.8586835868714
2.0160000324249	-1.8649172114238
2.0199999809265	-1.8714193546517
2.0239999294281	-1.8781972319179
2.0280001163483	-1.8852619108403
2.0320000648499	-1.8926258837178
2.0360000133514	-1.9002983890546
2.0399999618530	-1.9082927582932
2.0439999103546	-1.9166202928953
2.0480000972748	-1.9252944790900
2.0520000457764	-1.9343259001260
2.0559999942780	-1.9437293148155
2.0599999427795	-1.9535184175029
2.0639998912811	-1.9637065359137
2.0680000782013	-1.9743089282620
2.0720000267029	-1.9853374669223
2.0759999752045	-1.9968087057335
2.0799999237061	-2.0087382667945
2.0840001106262	-2.0211390799867
2.0880000591278	-2.0340285001376
2.0920000076294	-2.0474223393559
2.0959999561310	-2.0613357343944
2.0999999046326	-2.0757845388182
2.1040000915527	-2.0907852473357
2.1080000400543	-2.1063546361590
2.1119999885559	-2.1225088817201
2.1159999370575	-2.1392644433103
2.1199998855591	-2.1566377340434
2.1240000724792	-2.1746465169234
2.1280000209808	-2.1933072615476
2.1319999694824	-2.2126357963101
2.1359999179840	-2.2326506455508
2.1400001049042	-2.2533682620553
2.1440000534058	-2.2748018172716
2.1480000019073	-2.2969738828121
2.1519999504089	-2.3198980837920
2.1559998989105	-2.3435901258065
2.1600000858307	-2.3680665162101
2.1640000343323	-2.3933452489532
2.1679999828339	-2.4194401067324
2.1719999313354	-2.4463677588384
2.1760001182556	-2.4741455961638
2.1800000667572	-2.5027844911120
2.1840000152588	-2.5323034947148
2.1879999637604	-2.5627148239811
2.1919999122620	-2.5940344451492
2.1960000991821	-2.6262742116186
2.2000000476837	-2.6594496434378
2.2039999961853	-2.6935724920694
2.2079999446869	-2.7286548641088
2.2119998931885	-2.7647106834025
2.2160000801086	-2.8017498020722
2.2200000286102	-2.8397833786175
2.2239999771118	-2.8788214985825
2.2279999256134	-2.9188736490382
2.2320001125336	-2.9599496274133
2.2360000610352	-3.0020564279500
2.2400000095367	-3.0452017291365
2.2439999580383	-3.0893917415639
2.2479999065399	-3.1346325517538
2.2520000934601	-3.1809267500487
2.2560000419617	-3.2282792943997
2.2599999904633	-3.2766931651528
2.2639999389648	-3.3261675758305
2.2679998874664	-3.3767048864295
2.2720000743866	-3.4283022293181
2.2760000228882	-3.4809583109962
2.2799999713898	-3.5346665630832
2.2839999198914	-3.5894233008372
2.2880001068115	-3.6452206912522
2.2920000553131	-3.7020504437015
2.2960000038147	-3.7599009230954
2.2999999523163	-3.8187603395413
2.3039999008179	-3.8786133694708
2.3080000877380	-3.9394411616673
2.3120000362396	-4.0012298025794
2.3159999847412	-4.0639545600127
2.3199999332428	-4.1275932308331
2.3239998817444	-4.1921175710819
2.3280000686646	-4.2574991756934
2.3320000171661	-4.3237077723502
2.3359999656677	-4.3907076641817
2.3399999141693	-4.4584610800664
2.3440001010895	-4.5269260805871
2.3480000495911	-4.5960598723123
2.3519999980927	-4.6658128401466
2.3559999465942	-4.7361350831420
2.3599998950958	-4.8069718115666
2.3640000820160	-4.8782608288620
2.3680000305176	-4.9499427819451
2.3719999790192	-5.0219487730214
2.3759999275208	-5.0942066846409
2.3800001144409	-5.1666426797300
2.3840000629425	-5.2391768367559
2.3880000114441	-5.3117226568903
2.3919999599457	-5.3841956669322
2.3959999084473	-5.4564977598909
2.4000000953674	-5.5285368700960
2.4040000438690	-5.6002069189996
2.4079999923706	-5.6714046655347
2.4119999408722	-5.7420187549648
2.4159998893738	-5.8119364751142
2.4200000762939	-5.8810390881922
2.4240000247955	-5.9492066896515
2.4279999732971	-6.0163157314153
2.4319999217987	-6.0822371815069
2.4360001087189	-6.1468439333472
2.4400000572205	-6.2100043280758
2.4440000057220	-6.2715860731390
2.4479999542236	-6.3314569783613
2.4519999027252	-6.3894832783304
2.4560000896454	-6.4455333142220
2.4600000381470	-6.4994767941046
2.4639999866486	-6.5511839321781
2.4679999351501	-6.6005306283556
2.4719998836517	-6.6473939669790
2.4760000705719	-6.6916586575677
2.4800000190735	-6.7332111448381
2.4839999675751	-6.7719502405942
2.4879999160767	-6.8077750209898
2.4920001029968	-6.8405965007213
2.4960000514984	-6.8703369800266
2.5000000000000	-6.8969229668977
2.5039999485016	-6.9202946829201
2.5079998970032	-6.9404029004641
2.5120000839233	-6.9572078406596
2.5160000324249	-6.9706841308121
2.5199999809265	-6.9808157077447
2.5239999294281	-6.9876006864694
2.5280001163483	-6.9910452762417
2.5320000648499	-6.9911722253403
2.5360000133514	-6.9880151360140
2.5399999618530	-6.9816141205837
2.5439999103546	-6.9720273732069
2.5480000972748	-6.9593190077173
2.5520000457764	-6.9435629824407
2.5559999942780	-6.9248448558362
2.5599999427795	-6.9032539718615
2.5639998912811	-6.8788931606099
2.5680000782013	-6.8518667827641
2.5720000267029	-6.8222878203561
2.5759999752045	-6.7902743033910
2.5799999237061	-6.7559453179051
2.5840001106262	-6.7194269994599
2.5880000591278	-6.6808471585320
2.5920000076294	-6.6403315845229
2.5959999561310	-6.5980122462311
2.5999999046326	-6.5540167058305
2.6040000915527	-6.5084736320101
2.6080000400543	-6.4615115676521
2.6119999885559	-6.4132550560354
2.6159999370575	-6.3638301134941
2.6199998855591	-6.3133547380151
2.6240000724792	-6.2619497847769
2.6280000209808	-6.2097274172897
2.6319999694824	-6.1567995152324
2.6359999179840	-6.1032705478085
2.6400001049042	-6.0492468128795
2.6440000534058	-5.9948236780452
2.6480000019073	-5.9400967136282
2.6519999504089	-5.8851541656675
2.6559998989105	-5.8300817159724
2.6600000858307	-5.7749607868263
2.6640000343323	-5.7198654737714
2.6679999828339	-5.6648680380969
2.6719999313354	-5.6100368742997
2.6760001182556	-5.5554340367818
2.6800000667572	-5.5011171176646
2.6840000152588	-5.4471413957760
2.6879999637604	-5.3935593450250
2.6919999122620	-5.3404156382421
2.6960000991821	-5.2877528176728
2.7000000476837	-5.2356122629420
2.7039999961853	-5.1840277737547
2.7079999446869	-5.1330316630376
2.7119998931885	-5.0826565344687
2.7160000801086	-5.0329238881234
2.7200000286102	-4.9838612386701
2.7239999771118	-4.9354861152090
2.7279999256134	-4.8878182159544
2.7320001125336	-4.8408702560178
2.7360000610352	-4.7946574582313
2.7400000095367	-4.7491899839997
2.7439999580383	-4.7044746297580
2.7479999065399	-4.6605189525138
2.7520000934601	-4.6173266597188
2.7560000419617	-4.5748996782505
2.7599999904633	-4.5332403994635
2.7639999389648	-4.4923455646816
2.7679998874664	-4.4522139229238
2.7720000743866	-4.4128422169434
2.7760000228882	-4.3742216773134
2.7799999713898	-4.3363489140339
2.7839999198914	-4.2992146547600
2.7880001068115	-4.2628130786730
2.7920000553131	-4.2271299482307
2.7960000038147	-4.1921552218795
2.7999999523163	-4.1578789520203
2.8039999008179	-4.1242868348567
2.8080000877380	-4.0913659916189
2.8120000362396	-4.0591023245210
2.8159999847412	-4.0274821422998
2.8199999332428	-3.9964891884909
2.8239998817444	-3.9661094030887
2.8280000686646	-3.9363230900488
2.8320000171661	-3.9071182473056
2.8359999656677	-3.8784754967373
2.8399999141693	-3.8503780823270
2.8440001010895	-3.8228107456126
2.8480000495911	-3.7957543197493
2.8519999980927	-3.7691916400272
2.8559999465942	-3.7431064529210
2.8599998950958	-3.7174810869784
2.8640000820160	-3.6922985099969
2.8680000305176	-3.6675401368606
2.8719999790192	-3.6431896327969
2.8759999275208	-3.6192307596873
2.8800001144409	-3.5956464183839
2.8840000629425	-3.5724214998714
2.8880000114441	-3.5495366232121
2.8919999599457	-3.5269809678052
2.8959999084473	-3.5047356688742
2.9000000953674	-3.4827866330929
2.9040000438690	-3.4611206286196
2.9079999923706	-3.4397225714847
2.9119999408722	-3.4185796385451
2.9159998893738	-3.3976777162556
2.9200000762939	-3.3770066162064
2.9240000247955	-3.3565532916246
2.9279999732971	-3.3363047299250
2.9319999217987	-3.3162549047865
2.9360001087189	-3.2963902584846
2.9400000572205	-3.2767033790469
2.9440000057220	-3.2571831132443
2.9479999542236	-3.2378236686973
2.9519999027252	-3.2186170058206
2.9560000896454	-3.1995551104381
2.9600000381470	-3.1806359372110
2.9639999866486	-3.1618485797305
2.9679999351501	-3.1431917494438
2.9719998836517	-3.1246603928121
2.9760000705719	-3.1062510896472
2.9800000190735	-3.0879616824683
2.9839999675751	-3.0697893682963
2.9879999160767	-3.0517312147936
2.9920001029968	-3.0337880999345
2.9960000514984	-3.0159585474830
3.0000000000000	-2.9982417646288
3.0039999485016	-2.9806398305807
3.0079998970032	-2.9631520002968
3.0120000839233	-2.9457816202715
3.0160000324249	-2.9285292955162
3.0199999809265	-2.9113983243027
3.0239999294281	-2.8943915806314
3.0280001163483	-2.8775107074352
3.0320000648499	-2.8607610632224
3.0360000133514	-2.8441438525911
3.0399999618530	-2.8276650378956
3.0439999103546	-2.8113293237851
3.0480000972748	-2.7951385173703
3.0520000457764	-2.7791012752183
3.0559999942780	-2.7632186128351
3.0599999427795	-2.7474972058286
3.0639998912811	-2.7319422857513
3.0680000782013	-2.7165583258220
3.0720000267029	-2.7013500874105
3.0759999752045	-2.6863234462250
3.0799999237061	-2.6714835419978
3.0840001106262	-2.6568331741725
3.0880000591278	-2.6423808268793
3.0920000076294	-2.6281288067518
3.0959999561310	-2.6140829534418
3.0999999046326	-2.6002461829721
3.1040000915527	-2.5866238453467
3.1080000400543	-2.5732203212214
3.1119999885559	-2.5600386641891
3.1159999370575	-2.5470822462545
3.1199998855591	-2.5343555856653
3.1240000724792	-2.5218593530188
3.1280000209808	-2.5095996178614
3.1319999694824	-2.4975758233474
3.1359999179840	-2.4857914058824
3.1400001049042	-2.4742473600467
3.1440000534058	-2.4629440813526
3.1480000019073	-2.4518841474791
3.1519999504089	-2.4410685733606
3.1559998989105	-2.4304944118403
3.1600000858307	-2.4201647811791
3.1640000343323	-2.4100770368577
3.1679999828339	-2.4002297735146
3.1719999313354	-2.3906234051793
3.1760001182556	-2.3812544172069
3.1800000667572	-2.3721208295350
3.1840000152588	-2.3632200659699
3.1879999637604	-2.3545495514246
3.1919999122620	-2.3461049543516
3.1960000991821	-2.3378831880148
3.2000000476837	-2.3298794750279
3.2039999961853	-2.3220889428593
3.2079999446869	-2.3145075409993
3.2119998931885	-2.3071286933215
3.2160000801086	-2.2999477935535
3.2200000286102	-2.2929604288672
3.2239999771118	-2.2861561390512
3.2279999256134	-2.2795316672744
3.2320001125336	-2.2730799391338
3.2360000610352	-2.2667948462443
3.2400000095367	-2.2606661639894
3.2439999580383	-2.2546894549370
3.2479999065399	-2.2488545311882
3.2520000934601	-2.2431567311743
3.2560000419617	-2.2375866252435
3.2599999904633	-2.2321358630650
3.2639999389648	-2.2267963483367
3.2679998874664	-2.2215614766560
3.2720000743866	-2.2164224672454
3.2760000228882	-2.2113717672538
3.2799999713898	-2.2063999824684
3.2839999198914	-2.2014996670493
3.2880001068115	-2.1966639015168
3.2920000553131	-2.1918839997845
3.2960000038147	-2.1871528062632
3.2999999523163	-2.1824627252799
3.3039999008179	-2.1778061089567
3.3080000877380	-2.1731765509213
3.3120000362396	-2.1685659946951
3.3159999847412	-2.1639708709751
3.3199999332428	-2.1593822914015
3.3239998817444	-2.1547940013374
3.3280000686646	-2.1502028445228
3.3320000171661	-2.1456015004961
3.3359999656677	-2.1409861866937
3.3399999141693	-2.1363521046293
3.3440001010895	-2.1316942283581
3.3480000495911	-2.1270107117495
3.3519999980927	-2.1222977761042
3.3559999465942	-2.1175526712327
3.3599998950958	-2.1127717927291
3.3640000820160	-2.1079557059767
3.3680000305176	-2.1031019475586
3.3719999790192	-2.0982079767728
3.3759999275208	-2.0932765107033
3.3800001144409	-2.0883063463587
3.3840000629425	-2.0832982340804
3.3880000114441	-2.0782517532834
3.3919999599457	-2.0731707402265
3.3959999084473	-2.0680562272041
3.4000000953674	-2.0629116736800
3.4040000438690	-2.0577389965585
3.4079999923706	-2.0525425131708
3.4119999408722	-2.0473240806691
3.4159998893738	-2.0420910490401
3.4200000762939	-2.0368462272641
3.4240000247955	-2.0315967286496
3.4279999732971	-2.0263445004869
3.4319999217987	-2.0210990122623
3.4360001087189	-2.0158657217100
3.4400000572205	-2.0106489698956
3.4440000057220	-2.0054580899355
3.4479999542236	-2.0002979818220
3.4519999027252	-1.9951791145866
3.4560000896454	-1.9901061541892
3.4600000381470	-1.9850897164936
3.4639999866486	-1.9801337509869
3.4679999351501	-1.9752500558203
3.4719998836517	-1.9704445953099
3.4760000705719	-1.9657264621154
3.4800000190735	-1.9611041541144
3.4839999675751	-1.9565849712457
3.4879999160767	-1.9521778353480
3.4920001029968	-1.9478921773301
3.4960000514984	-1.9437355927518
3.5000000000000	-1.9397162258489
3.5039999485016	-1.9358420759273
3.5079998970032	-1.9321214288671
3.5120000839233	-1.9285625914556
3.5160000324249	-1.9251711521729
3.5199999809265	-1.9219569232928
3.5239999294281	-1.9189276184831
3.5280001163483	-1.9160879522981
3.5320000648499	-1.9134462203758
3.5360000133514	-1.9110083734827
3.5399999618530	-1.9087812631811
3.5439999103546	-1.9067702312067
3.5480000972748	-1.9049812839017
3.5520000457764	-1.9034197691915
3.5559999942780	-1.9020890712055
3.5599999427795	-1.9009961634551
3.5639998912811	-1.9001435692443
3.5680000782013	-1.8995351855273
3.5720000267029	-1.8991752312018
3.5759999752045	-1.8990656977985
3.5799999237061	-1.8992100286874
3.5840001106262	-1.8996091935288
3.5880000591278	-1.9002661561790
3.5920000076294	-1.9011814392863
3.5959999561310	-1.9023566572674
3.5999999046326	-1.9037917496782
3.6040000915527	-1.9054875075224
3.6080000400543	-1.9074432169835
3.6119999885559	-1.9096577962691
3.6159999370575	-1.9121300095371
3.6199998855591	-1.9148603079631
3.6240000724792	-1.9178459998117
3.6280000209808	-1.9210837729626
3.6319999694824	-1.9245718858635
3.6359999179840	-1.9283083281432
3.6400001049042	-1.9322879759039
3.6440000534058	-1.9365106052801
3.6480000019073	-1.9409696173133
3.6519999504089	-1.9456626300110
3.6559998989105	-1.9505853259932
3.6600000858307	-1.9557337907895
3.6640000343323	-1.9611015318615
3.6679999828339	-1.9666857856776
3.6719999313354	-1.9724816562977
3.6760001182556	-1.9784837881433
3.6800000667572	-1.9846873431682
3.6840000152588	-1.9910870838157
3.6879999637604	-1.9976783391991
3.6919999122620	-2.0044553051537
3.6960000991821	-2.0114145707776
3.7000000476837	-2.0185492942664
3.7039999961853	-2.0258552479009
3.7079999446869	-2.0333274987172
3.7119998931885	-2.0409627297029
3.7160000801086	-2.0487553685039
3.7200000286102	-2.0567005574387
3.7239999771118	-2.0647963491456
3.7279999256134	-2.0730381831900
3.7320001125336	-2.0814212723506
3.7360000610352	-2.0899438873520
3.7400000095367	-2.0986024075586
3.7439999580383	-2.1073957672929
3.7479999065399	-2.1163207807925
3.7520000934601	-2.1253765888100
3.7560000419617	-2.1345609176452
3.7599999904633	-2.1438742485640
3.7639999389648	-2.1533149331728
3.7679998874664	-2.1628839177845
3.7720000743866	-2.1725815092291
3.7760000228882	-2.1824091631101
3.7799999713898	-2.1923688233508
3.7839999198914	-2.2024622225919
3.7880001068115	-2.2126922302160
3.7920000553131	-2.2230598571014
3.7960000038147	-2.2335726115368
3.7999999523163	-2.2442338948895
3.8039999008179	-2.2550455782535
3.8080000877380	-2.2660152101399
3.8120000362396	-2.2771474196936
3.8159999847412	-2.2884495137388
3.8199999332428	-2.2999263221590
3.8239998817444	-2.3115868431506
3.8280000686646	-2.3234372240997
3.8320000171661	-2.3354859312946
3.8359999656677	-2.3477415112044
3.8399999141693	-2.3602117197200
3.8440001010895	-2.3729037803460
3.8480000495911	-2.3858300043319
3.8519999980927	-2.3989994334819
3.8559999465942	-2.4124185194627
3.8599998950958	-2.4261002110875
3.8640000820160	-2.4400538772713
3.8680000305176	-2.4542881849744
3.8719999790192	-2.4688147323168
3.8759999275208	-2.4836413461864
3.8800001144409	-2.4987807764527
3.8840000629425	-2.5142412408852
3.8880000114441	-2.5300319906400
3.8919999599457	-2.5461637189805
3.8959999084473	-2.5626447376610
3.9000000953674	-2.5794837563021
3.9040000438690	-2.5966910727066
3.9079999923706	-2.6142738176289
3.9119999408722	-2.6322404122883
3.9159998893738	-2.6505961146305
3.9200000762939	-2.6693490332370
3.9240000247955	-2.6885041950426
3.9279999732971	-2.7080665847528
3.9319999217987	-2.7280424243712
3.9360001087189	-2.7484338023748
3.9400000572205	-2.7692449531004
3.9440000057220	-2.7904758689317
3.9479999542236	-2.8121284531923
3.9519999027252	-2.8342015998836
3.9560000896454	-2.8566926280916
3.9600000381470	-2.8796015721568
3.9639999866486	-2.9029249397211
3.9679999351501	-2.9266547971446
3.9719998836517	-2.9507856718775
3.9760000705719	-2.9753103738290
3.9800000190735	-3.0002187144410
3.9839999675751	-3.0255000746023
3.9879999160767	-3.0511429650435
3.9920001029968	-3.0771318110090
3.9960000514984	-3.1034516029219
4.0000000000000	-3.1300842278770
4.0040001869202	-3.1570115693065
4.0079998970032	-3.1842119328076
4.0120000839233	-3.2116637671096
4.0159997940063	-3.2393423556333
4.0199999809265	-3.2672201935102
4.0240001678467	-3.2952708353716
4.0279998779297	-3.3234628197862
4.0320000648499	-3.3517659361059
4.0359997749329	-3.3801462793643
4.0399999618530	-3.4085679416719
4.0440001487732	-3.4369916477311
4.0479998588562	-3.4653840902069
4.0520000457764	-3.4936998779614
4.0560002326965	-3.5218986282710
4.0599999427795	-3.5499376267781
4.0640001296997	-3.5777713099591
4.0679998397827	-3.6053518720491
4.0720000267029	-3.6326341194066
4.0760002136230	-3.6595656373660
4.0799999237061	-3.6861008170636
4.0840001106262	-3.7121866444199
4.0879998207092	-3.7377730333037
4.0920000076294	-3.7628071698505
4.0960001945496	-3.7872375739537
4.0999999046326	-3.8110120659301
