#Parameters = {D=8; L=80; d_a=10; e_m=9; e_s=30; gap=1.5; m_x=30; m_y=40; m_z=100; mu_m=1; mu_s=1; s_d=2}
#"Frequency / GHz"	"S2,1 (m_z=100) [Magnitude]"
#----------------------------------------------
0.0000000000000	-79.866389449727
0.0040000001899898	-57.577893888544
0.0080000003799796	-51.579128379754
0.012000000104308	-48.065113749075
0.016000000759959	-45.573422347111
0.019999999552965	-43.643141279417
0.024000000208616	-42.068567050237
0.028000000864267	-40.739818143913
0.032000001519918	-39.591209108878
0.035999998450279	-38.580293510947
0.039999999105930	-37.678021403596
0.043999999761581	-36.863610994257
0.048000000417233	-36.121668915544
0.052000001072884	-35.440456733597
0.056000001728535	-34.810814397500
0.059999998658895	-34.225452929250
0.064000003039837	-33.678475316921
0.068000003695488	-33.165047416404
0.071999996900558	-32.681159227407
0.075999997556210	-32.223457283044
0.079999998211861	-31.789112725158
0.083999998867512	-31.375727823881
0.087999999523163	-30.981259741221
0.092000000178814	-30.603963943771
0.096000000834465	-30.242347520100
0.10000000149012	-29.895128322059
0.10400000214577	-29.561206190864
0.10800000280142	-29.239634910140
0.11200000345707	-28.929600808730
0.11599999666214	-28.630402880283
0.11999999731779	-28.341435148064
0.12399999797344	-28.062169859508
0.12800000607967	-27.792149788836
0.13199999928474	-27.530971188475
0.13600000739098	-27.278272558016
0.14000000059605	-27.033730181187
0.14399999380112	-26.797048912319
0.14800000190735	-26.567951820220
0.15199999511242	-26.346178790346
0.15600000321865	-26.131479763197
0.15999999642372	-25.923610127974
0.16400000452995	-25.722328654970
0.16799999773502	-25.527394755492
0.17200000584126	-25.338564611117
0.17599999904633	-25.155599471866
0.18000000715256	-24.978250421688
0.18400000035763	-24.806270565469
0.18799999356270	-24.639414416622
0.19200000166893	-24.477434667281
0.19599999487400	-24.320086878719
0.20000000298023	-24.167127165829
0.20399999618530	-24.018322654158
0.20800000429153	-23.873446023623
0.21199999749660	-23.732279287995
0.21600000560284	-23.594617288426
0.21999999880791	-23.460269782893
0.22400000691414	-23.329063298538
0.22800000011921	-23.200833481939
0.23199999332428	-23.075445263568
0.23600000143051	-22.952772735133
0.23999999463558	-22.832711666648
0.24400000274181	-22.715174076345
0.24799999594688	-22.600091550289
0.25200000405312	-22.487412476111
0.25600001215935	-22.377090573549
0.25999999046326	-22.269102115604
0.26399999856949	-22.163423719272
0.26800000667572	-22.060046778644
0.27200001478195	-21.958956697109
0.27599999308586	-21.860149736775
0.28000000119209	-21.763614913376
0.28400000929832	-21.669337038681
0.28799998760223	-21.577292712699
0.29199999570847	-21.487453133139
0.29600000381470	-21.399771291903
0.30000001192093	-21.314190023977
0.30399999022484	-21.230636715713
0.30799999833107	-21.149020084575
0.31200000643730	-21.069237708523
0.31600001454353	-20.991164048304
0.31999999284744	-20.914660157635
0.32400000095367	-20.839571638100
0.32800000905991	-20.765725064512
0.33199998736382	-20.692938877360
0.33599999547005	-20.621018719881
0.34000000357628	-20.549760084656
0.34400001168251	-20.478953044991
0.34799998998642	-20.408382453103
0.35199999809265	-20.337832112899
0.35600000619888	-20.267087940832
0.36000001430511	-20.195939240704
0.36399999260902	-20.124179288403
0.36800000071526	-20.051609457360
0.37200000882149	-19.978041480023
0.37599998712540	-19.903299164591
0.37999999523163	-19.827212946436
0.38400000333786	-19.749629056246
0.38800001144409	-19.670404574382
0.39199998974800	-19.589399995680
0.39599999785423	-19.506496037738
0.40000000596046	-19.421573137575
0.40400001406670	-19.334519744340
0.40799999237061	-19.245232245676
0.41200000047684	-19.153605754472
0.41600000858307	-19.059538012270
0.41999998688698	-18.962927744531
0.42399999499321	-18.863666190640
0.42800000309944	-18.761651214163
0.43200001120567	-18.656767644040
0.43599998950958	-18.548909289907
0.43999999761581	-18.437957910735
0.44400000572205	-18.323800590708
0.44800001382828	-18.206326817038
0.45199999213219	-18.085428149043
0.45600000023842	-17.961003632582
0.46000000834465	-17.832966593171
0.46399998664856	-17.701235020185
0.46799999475479	-17.565753139732
0.47200000286102	-17.426480159498
0.47600001096725	-17.283399679214
0.47999998927116	-17.136515747242
0.48399999737740	-16.985867595678
0.48800000548363	-16.831515446456
0.49200001358986	-16.673550831078
0.49599999189377	-16.512094247596
0.50000000000000	-16.347292593204
0.50400000810623	-16.179316575774
0.50800001621246	-16.008365359609
0.51200002431870	-15.834651954860
0.51599997282028	-15.658409710169
0.51999998092651	-15.479887450871
0.52399998903275	-15.299342124336
0.52799999713898	-15.117036819592
0.53200000524521	-14.933238549341
0.53600001335144	-14.748210412743
0.54000002145767	-14.562218909958
0.54400002956390	-14.375517146063
0.54799997806549	-14.188351927887
0.55199998617172	-14.000960851106
0.55599999427795	-13.813568127628
0.56000000238419	-13.626381956796
0.56400001049042	-13.439602635836
0.56800001859665	-13.253411377632
0.57200002670288	-13.067978055405
0.57599997520447	-12.883458124474
0.57999998331070	-12.699995422377
0.58399999141693	-12.517720444446
0.58799999952316	-12.336751540805
0.59200000762939	-12.157199997742
0.59600001573563	-11.979167856831
0.60000002384186	-11.802749437018
0.60399997234344	-11.628030344489
0.60799998044968	-11.455098810453
0.61199998855591	-11.284029683384
0.61599999666214	-11.114899269927
0.62000000476837	-10.947782765801
0.62400001287460	-10.782751993094
0.62800002098083	-10.619881637661
0.63200002908707	-10.459238714338
0.63599997758865	-10.300896760325
0.63999998569489	-10.144927429158
0.64399999380112	-9.9914010744543
0.64800000190735	-9.8403911195833
0.65200001001358	-9.6919646508142
0.65600001811981	-9.5461959215003
0.66000002622604	-9.4031534214397
0.66399997472763	-9.2629062778647
0.66799998283386	-9.1255203850266
0.67199999094009	-8.9910605959088
0.67599999904633	-8.8595912109507
0.68000000715256	-8.7311691784630
0.68400001525879	-8.6058531228918
0.68800002336502	-8.4836935381159
0.69199997186661	-8.3647413410899
0.69599997997284	-8.2490375721172
0.69999998807907	-8.1366237824043
0.70399999618530	-8.0275370044549
0.70800000429153	-7.9218065523416
0.71200001239777	-7.8194582595889
0.71600002050400	-7.7205139310410
0.72000002861023	-7.6249935496538
0.72399997711182	-7.5329077192581
0.72799998521805	-7.4442670568429
0.73199999332428	-7.3590775540161
0.73600000143051	-7.2773422347610
0.74000000953674	-7.1990595489823
0.74400001764297	-7.1242267209675
0.74800002574921	-7.0528383857423
0.75199997425079	-6.9848875535759
0.75599998235703	-6.9203675765006
0.75999999046326	-6.8592656461000
0.76399999856949	-6.8015729737071
0.76800000667572	-6.7472768371980
0.77200001478195	-6.6963679072365
0.77600002288818	-6.6488337881453
0.77999997138977	-6.6046610650405
0.78399997949600	-6.5638393219232
0.78799998760223	-6.5263564174610
0.79199999570847	-6.4922016876281
0.79600000381470	-6.4613613434726
0.80000001192093	-6.4338267167255
0.80400002002716	-6.4095820844294
0.80800002813339	-6.3886154468919
0.81199997663498	-6.3709131023013
0.81599998474121	-6.3564584933650
0.81999999284744	-6.3452327746856
0.82400000095367	-6.3372200175603
0.82800000905991	-6.3323948201340
0.83200001716614	-6.3307323343206
0.83600002527237	-6.3322040777281
0.83999997377396	-6.3367779243981
0.84399998188019	-6.3444168642592
0.84799998998642	-6.3550800212295
0.85199999809265	-6.3687220247620
0.85600000619888	-6.3852912106779
0.86000001430511	-6.4047336394844
0.86400002241135	-6.4269876148520
0.86799997091293	-6.4519882083514
0.87199997901917	-6.4796648378227
0.87599998712540	-6.5099447468162
0.87999999523163	-6.5427466323481
0.88400000333786	-6.5779901973004
0.88800001144409	-6.6155883453705
0.89200001955032	-6.6554549589179
0.89600002765656	-6.6974957153784
0.89999997615814	-6.7416239721576
0.90399998426437	-6.7877447012492
0.90799999237061	-6.8357675287560
0.91200000047684	-6.8856029150362
0.91600000858307	-6.9371633709268
0.92000001668930	-6.9903611758932
0.92400002479553	-7.0451179487245
0.92799997329712	-7.1013548675477
0.93199998140335	-7.1589990335962
0.93599998950958	-7.2179845686032
0.93999999761581	-7.2782493831363
0.94400000572205	-7.3397370630878
0.94800001382828	-7.4023985899218
0.95200002193451	-7.4661895783270
0.95599997043610	-7.5310714011563
0.95999997854233	-7.5970095401596
0.96399998664856	-7.6639769623546
0.96799999475479	-7.7319456597940
0.97200000286102	-7.8008947387258
0.97600001096725	-7.8708033648451
0.98000001907349	-7.9416514947541
0.98400002717972	-8.0134204343476
0.98799997568130	-8.0860889875404
0.99199998378754	-8.1596369290603
0.99599999189377	-8.2340387020662
1.0000000000000	-8.3092645936802
1.0039999485016	-8.3852836008592
1.0080000162125	-8.4620591697621
1.0119999647141	-8.5395483815105
1.0160000324249	-8.6177034670957
1.0199999809265	-8.6964716761508
1.0240000486374	-8.7757964939862
1.0279999971390	-8.8556163919711
1.0319999456406	-8.9358648154632
1.0360000133514	-9.0164753395743
1.0399999618530	-9.0973792966276
1.0440000295639	-9.1785051427274
1.0479999780655	-9.2597842081789
1.0520000457764	-9.3411506652266
1.0559999942780	-9.4225409337625
1.0599999427795	-9.5038993739269
1.0640000104904	-9.5851722808526
1.0679999589920	-9.6663173957154
1.0720000267029	-9.7473000859524
1.0759999752045	-9.8280963072317
1.0800000429153	-9.9086862063681
1.0839999914169	-9.9890687456708
1.0880000591278	-10.069244543801
1.0920000076294	-10.149227372464
1.0959999561310	-10.229042227178
1.1000000238419	-10.308715261716
1.1039999723434	-10.388284529519
1.1080000400543	-10.467790861699
1.1119999885559	-10.547275193602
1.1160000562668	-10.626782694610
1.1200000047684	-10.706358210451
1.1239999532700	-10.786037376557
1.1280000209808	-10.865857851547
1.1319999694824	-10.945845701245
1.1360000371933	-11.026023190216
1.1399999856949	-11.106396731023
1.1440000534058	-11.186966051715
1.1480000019073	-11.267719037561
1.1519999504089	-11.348630661231
1.1560000181198	-11.429666135327
1.1599999666214	-11.510775062009
1.1640000343323	-11.591901651338
1.1679999828339	-11.672980452922
1.1720000505447	-11.753938543674
1.1759999990463	-11.834696846724
1.1799999475479	-11.915174560460
1.1840000152588	-11.995293841081
1.1879999637604	-12.074975560085
1.1920000314713	-12.154149114983
1.1959999799728	-12.232751152322
1.2000000476837	-12.310728902553
1.2039999961853	-12.388042455385
1.2079999446869	-12.464666968232
1.2120000123978	-12.540592782429
1.2159999608994	-12.615825782923
1.2200000286102	-12.690393222697
1.2239999771118	-12.764332544701
1.2280000448227	-12.837701037975
1.2319999933243	-12.910567751569
1.2359999418259	-12.983012990053
1.2400000095367	-13.055125649023
1.2439999580383	-13.127001678389
1.2480000257492	-13.198738464844
1.2519999742508	-13.270431604425
1.2560000419617	-13.342173536095
1.2599999904633	-13.414047937830
1.2640000581741	-13.486125934254
1.2680000066757	-13.558466265276
1.2719999551773	-13.631108983224
1.2760000228882	-13.704076880543
1.2799999713898	-13.777371510497
1.2840000391006	-13.850974499410
1.2879999876022	-13.924844727602
1.2920000553131	-13.998922784578
1.2960000038147	-14.073128199033
1.2999999523163	-14.147367460402
1.3040000200272	-14.221528962023
1.3079999685287	-14.295492998353
1.3120000362396	-14.369134788997
1.3159999847412	-14.442325651159
1.3200000524521	-14.514941222669
1.3240000009537	-14.586864050245
1.3279999494553	-14.657988641254
1.3320000171661	-14.728227721419
1.3359999656677	-14.797512778376
1.3400000333786	-14.865799198669
1.3439999818802	-14.933071233520
1.3480000495911	-14.999338081259
1.3519999980927	-15.064635897965
1.3559999465942	-15.129033958021
1.3600000143051	-15.192624543228
1.3639999628067	-15.255519925219
1.3680000305176	-15.317857715671
1.3719999790192	-15.379786325857
1.3760000467300	-15.441467328641
1.3799999952316	-15.503066000031
1.3839999437332	-15.564746190795
1.3880000114441	-15.626662977350
1.3919999599457	-15.688961548061
1.3960000276566	-15.751766220702
1.3999999761581	-15.815179696121
1.4040000438690	-15.879276330644
1.4079999923706	-15.944101824776
1.4119999408722	-16.009665348679
1.4160000085831	-16.075943074885
1.4199999570847	-16.142877909562
1.4240000247955	-16.210375540319
1.4279999732971	-16.278313704863
1.4320000410080	-16.346539062235
1.4359999895096	-16.414874690973
1.4400000572205	-16.483125712155
1.4440000057220	-16.551085830284
1.4479999542236	-16.618543029871
1.4520000219345	-16.685288305923
1.4559999704361	-16.751124098251
1.4600000381470	-16.815870959419
1.4639999866486	-16.879377305300
1.4680000543594	-16.941520024386
1.4720000028610	-17.002218990888
1.4759999513626	-17.061434518619
1.4800000190735	-17.119174656496
1.4839999675751	-17.175489581020
1.4880000352859	-17.230479290725
1.4919999837875	-17.284285616520
1.4960000514984	-17.337088167576
1.5000000000000	-17.389098907638
1.5039999485016	-17.440557266385
1.5080000162125	-17.491717091411
1.5119999647141	-17.542841672031
1.5160000324249	-17.594191184259
1.5199999809265	-17.646014655779
1.5240000486374	-17.698544804628
1.5279999971390	-17.751978700880
1.5319999456406	-17.806481554867
1.5360000133514	-17.862173520690
1.5399999618530	-17.919124726530
1.5440000295639	-17.977354544954
1.5479999780655	-18.036822037791
1.5520000457764	-18.097433964033
1.5559999942780	-18.159039632083
1.5599999427795	-18.221436302736
1.5640000104904	-18.284371285832
1.5679999589920	-18.347553150050
1.5720000267029	-18.410654159580
1.5759999752045	-18.473325872288
1.5800000429153	-18.535207513448
1.5839999914169	-18.595937040753
1.5880000591278	-18.655169008286
1.5920000076294	-18.712580572454
1.5959999561310	-18.767893989165
1.6000000238419	-18.820878212256
1.6039999723434	-18.871365862611
1.6080000400543	-18.919256944184
1.6119999885559	-18.964527606679
1.6160000562668	-19.007228493331
1.6200000047684	-19.047486645493
1.6239999532700	-19.085501209356
1.6280000209808	-19.121531048392
1.6319999694824	-19.155890636845
1.6360000371933	-19.188937110614
1.6399999856949	-19.221053387315
1.6440000534058	-19.252633758664
1.6480000019073	-19.284069919408
1.6519999504089	-19.315734919882
1.6560000181198	-19.347969384307
1.6599999666214	-19.381061416216
1.6640000343323	-19.415243755953
1.6679999828339	-19.450676173284
1.6720000505447	-19.487437774340
1.6759999990463	-19.525520658424
1.6799999475479	-19.564828570631
1.6840000152588	-19.605167729656
1.6879999637604	-19.646256846913
1.6920000314713	-19.687723212978
1.6959999799728	-19.729116258863
1.7000000476837	-19.769914366832
1.7039999961853	-19.809539231240
1.7079999446869	-19.847374146494
1.7120000123978	-19.882783107605
1.7159999608994	-19.915132511260
1.7200000286102	-19.943818585335
1.7239999771118	-19.968286942903
1.7280000448227	-19.988064386646
1.7319999933243	-20.002775719652
1.7359999418259	-20.012166335233
1.7400000095367	-20.016118235045
1.7439999580383	-20.014658858178
1.7480000257492	-20.007971298350
1.7519999742508	-19.996383838801
1.7560000419617	-19.980370486010
1.7599999904633	-19.960533875817
1.7640000581741	-19.937593041217
1.7680000066757	-19.912358537541
1.7719999551773	-19.885712378051
1.7760000228882	-19.858585403829
1.7799999713898	-19.831938417438
1.7840000391006	-19.806733737932
1.7879999876022	-19.783927590304
1.7920000553131	-19.764444886174
1.7960000038147	-19.749170143290
1.7999999523163	-19.738939244580
1.8040000200272	-19.734528734451
1.8079999685287	-19.736653337344
1.8120000362396	-19.745955947670
1.8159999847412	-19.763019868506
1.8200000524521	-19.788352451001
1.8240000009537	-19.822399175073
1.8279999494553	-19.865538862455
1.8320000171661	-19.918087799312
1.8359999656677	-19.980304935257
1.8400000333786	-20.052386738625
1.8439999818802	-20.134480719263
1.8480000495911	-20.226681166827
1.8519999980927	-20.329036213659
1.8559999465942	-20.441551638512
1.8600000143051	-20.564182699227
1.8639999628067	-20.696856008078
1.8680000305176	-20.839454720676
1.8719999790192	-20.991830982072
1.8760000467300	-21.153804537266
1.8799999952316	-21.325168369112
1.8839999437332	-21.505689109989
1.8880000114441	-21.695107983370
1.8919999599457	-21.893153087999
1.8960000276566	-22.099531401299
1.8999999761581	-22.313939703023
1.9040000438690	-22.536065996449
1.9079999923706	-22.765594765023
1.9119999408722	-23.002213630205
1.9160000085831	-23.245611647325
1.9199999570847	-23.495490173549
1.9240000247955	-23.751568670818
1.9279999732971	-24.013583937392
1.9320000410080	-24.281305722602
1.9359999895096	-24.554526345297
1.9400000572205	-24.833084978754
1.9440000057220	-25.116854397821
1.9479999542236	-25.405754939357
1.9520000219345	-25.699760493530
1.9559999704361	-25.998886600014
1.9600000381470	-26.303212309633
1.9639999866486	-26.612862532694
1.9680000543594	-26.928022149775
1.9720000028610	-27.248922765826
1.9759999513626	-27.575854592478
1.9800000190735	-27.909150353431
1.9839999675751	-28.249187997390
1.9880000352859	-28.596384374281
1.9919999837875	-28.951189849828
1.9960000514984	-29.314079119741
2.0000000000000	-29.685550264533
2.0039999485016	-30.066104171805
2.0079998970032	-30.456245765317
2.0120000839233	-30.856461048411
2.0160000324249	-31.267214237287
2.0199999809265	-31.688923115852
2.0239999294281	-32.121945886343
2.0280001163483	-32.566555135748
2.0320000648499	-33.022916603516
2.0360000133514	-33.491057847542
2.0399999618530	-33.970833561550
2.0439999103546	-34.461883955148
2.0480000972748	-34.963594749312
2.0520000457764	-35.475040477133
2.0559999942780	-35.994931585919
2.0599999427795	-36.521555234506
2.0639998912811	-37.052710062664
2.0680000782013	-37.585650705800
2.0720000267029	-38.117032507390
2.0759999752045	-38.642870559021
2.0799999237061	-39.158524042634
2.0840001106262	-39.658688703785
2.0880000591278	-40.137441267850
2.0920000076294	-40.588307282795
2.0959999561310	-41.004359823067
2.0999999046326	-41.378370604996
2.1040000915527	-41.702988742210
2.1080000400543	-41.970986562979
2.1119999885559	-42.175552953493
2.1159999370575	-42.310695726950
2.1199998855591	-42.371699930340
2.1240000724792	-42.355640206733
2.1280000209808	-42.261854440224
2.1319999694824	-42.092262811080
2.1359999179840	-41.851423336255
2.1400001049042	-41.546285700481
2.1440000534058	-41.185662266365
2.1480000019073	-40.779525847326
2.1519999504089	-40.338274028156
2.1559998989105	-39.872071968806
2.1600000858307	-39.390378877364
2.1640000343323	-38.901621344457
2.1679999828339	-38.413058511941
2.1719999313354	-37.930757171745
2.1760001182556	-37.459651003145
2.1800000667572	-37.003640113114
2.1840000152588	-36.565715420596
2.1879999637604	-36.148064919464
2.1919999122620	-35.752188414493
2.1960000991821	-35.378976607698
2.2000000476837	-35.028768407288
2.2039999961853	-34.701405848015
2.2079999446869	-34.396253767958
2.2119998931885	-34.112203640323
2.2160000801086	-33.847678426514
2.2200000286102	-33.600617103440
2.2239999771118	-33.368456517868
2.2279999256134	-33.148125623106
2.2320001125336	-32.936056247532
2.2360000610352	-32.728219137822
2.2400000095367	-32.520202529400
2.2439999580383	-32.307341314516
2.2479999065399	-32.084913755257
2.2520000934601	-31.848394457922
2.2560000419617	-31.593735332142
2.2599999904633	-31.317672691844
2.2639999389648	-31.017987084000
2.2679998874664	-30.693700827291
2.2720000743866	-30.345146857878
2.2760000228882	-29.973920261475
2.2799999713898	-29.582704983298
2.2839999198914	-29.175021076363
2.2880001068115	-28.754929983848
2.2920000553131	-28.326732414966
2.2960000038147	-27.894723047170
2.2999999523163	-27.462974800585
2.3039999008179	-27.035206300517
2.3080000877380	-26.614693846545
2.3120000362396	-26.204232880506
2.3159999847412	-25.806132668064
2.3199999332428	-25.422236655725
2.3239998817444	-25.053945318145
2.3280000686646	-24.702252255519
2.3320000171661	-24.367773704690
2.3359999656677	-24.050777229976
2.3399999141693	-23.751209093415
2.3440001010895	-23.468699610929
2.3480000495911	-23.202578954049
2.3519999980927	-22.951883718088
2.3559999465942	-22.715349050613
2.3599998950958	-22.491414767003
2.3640000820160	-22.278225608128
2.3680000305176	-22.073629779009
2.3719999790192	-21.875200604261
2.3759999275208	-21.680261987014
2.3800001144409	-21.485941989936
2.3840000629425	-21.289231033578
2.3880000114441	-21.087088873510
2.3919999599457	-20.876559678246
2.3959999084473	-20.654902590890
2.4000000953674	-20.419743555874
2.4040000438690	-20.169213568316
2.4079999923706	-19.902059938243
2.4119999408722	-19.617732139252
2.4159998893738	-19.316411159337
2.4200000762939	-18.998982054303
2.4240000247955	-18.666973133338
2.4279999732971	-18.322439349919
2.4319999217987	-17.967826828576
2.4360001087189	-17.605830712242
2.4400000572205	-17.239261684321
2.4440000057220	-16.870924864580
2.4479999542236	-16.503529463447
2.4519999027252	-16.139613068400
2.4560000896454	-15.781504593813
2.4600000381470	-15.431291887241
2.4639999866486	-15.090823513427
2.4679999351501	-14.761708261067
2.4719998836517	-14.445324733429
2.4760000705719	-14.142854257402
2.4800000190735	-13.855280504759
2.4839999675751	-13.583432995064
2.4879999160767	-13.327988417659
2.4920001029968	-13.089504620076
2.4960000514984	-12.868427977022
2.5000000000000	-12.665111938515
2.5039999485016	-12.479830006022
2.5079998970032	-12.312783464845
2.5120000839233	-12.164113620815
2.5160000324249	-12.033901654874
2.5199999809265	-11.922174442414
2.5239999294281	-11.828909545520
2.5280001163483	-11.754028033049
2.5320000648499	-11.697394163461
2.5360000133514	-11.658812288267
2.5399999618530	-11.638012339950
2.5439999103546	-11.634649813727
2.5480000972748	-11.648278804278
2.5520000457764	-11.678350111454
2.5559999942780	-11.724181155212
2.5599999427795	-11.784937842803
2.5639998912811	-11.859615441285
2.5680000782013	-11.946999557004
2.5720000267029	-12.045650652698
2.5759999752045	-12.153868718331
2.5799999237061	-12.269675498603
2.5840001106262	-12.390793519886
2.5880000591278	-12.514644277921
2.5920000076294	-12.638360240772
2.5959999561310	-12.758825094234
2.5999999046326	-12.872731724691
2.6040000915527	-12.976692071597
2.6080000400543	-13.067368465940
2.6119999885559	-13.141632671725
2.6159999370575	-13.196750327410
2.6199998855591	-13.230561238627
2.6240000724792	-13.241631320899
2.6280000209808	-13.229366010254
2.6319999694824	-13.194056816970
2.6359999179840	-13.136858819418
2.6400001049042	-13.059697171933
2.6440000534058	-12.965126693104
2.6480000019073	-12.856159458448
2.6519999504089	-12.736072898270
2.6559998989105	-12.608251650400
2.6600000858307	-12.476031647907
2.6640000343323	-12.342589723664
2.6679999828339	-12.210866277762
2.6719999313354	-12.083518464342
2.6760001182556	-11.962893738408
2.6800000667572	-11.851033173195
2.6840000152588	-11.749680263346
2.6879999637604	-11.660300108692
2.6919999122620	-11.584106237942
2.6960000991821	-11.522082612950
2.7000000476837	-11.475009436422
2.7039999961853	-11.443486376034
2.7079999446869	-11.427951656238
2.7119998931885	-11.428697992765
2.7160000801086	-11.445882032583
2.7200000286102	-11.479540305943
2.7239999771118	-11.529583827061
2.7279999256134	-11.595811333299
2.7320001125336	-11.677900912373
2.7360000610352	-11.775406859163
2.7400000095367	-11.887753112023
2.7439999580383	-12.014225463898
2.7479999065399	-12.153960092389
2.7520000934601	-12.305929120759
2.7560000419617	-12.468931082357
2.7599999904633	-12.641579453324
2.7639999389648	-12.822295868372
2.7679998874664	-13.009301557009
2.7720000743866	-13.200631243426
2.7760000228882	-13.394142314029
2.7799999713898	-13.587542727661
2.7839999198914	-13.778439412788
2.7880001068115	-13.964396068424
2.7920000553131	-14.143011976505
2.7960000038147	-14.312013388874
2.7999999523163	-14.469356486572
2.8039999008179	-14.613326693213
2.8080000877380	-14.742630485685
2.8120000362396	-14.856479407659
2.8159999847412	-14.954619772848
2.8199999332428	-15.037361559794
2.8239998817444	-15.105543862575
2.8280000686646	-15.160484608103
2.8320000171661	-15.203895357572
2.8359999656677	-15.237786903678
2.8399999141693	-15.264363059167
2.8440001010895	-15.285924961338
2.8480000495911	-15.304779437934
2.8519999980927	-15.323169573847
2.8559999465942	-15.343211121131
2.8599998950958	-15.366862760640
2.8640000820160	-15.395896342714
2.8680000305176	-15.431883392981
2.8719999790192	-15.476202214836
2.8759999275208	-15.530034919467
2.8800001144409	-15.594380281803
2.8840000629425	-15.670072005298
2.8880000114441	-15.757778413296
2.8919999599457	-15.858038970496
2.8959999084473	-15.971259321800
2.9000000953674	-16.097728948890
2.9040000438690	-16.237639109084
2.9079999923706	-16.391076887371
2.9119999408722	-16.558046013557
2.9159998893738	-16.738460741468
2.9200000762939	-16.932145751495
2.9240000247955	-17.138839420774
2.9279999732971	-17.358178511489
2.9319999217987	-17.589693030415
2.9360001087189	-17.832789078027
2.9400000572205	-18.086719651913
2.9440000057220	-18.350562627914
2.9479999542236	-18.623182882468
2.9519999027252	-18.903190591532
2.9560000896454	-19.188894743530
2.9600000381470	-19.478246126330
2.9639999866486	-19.768786691764
2.9679999351501	-20.057602701985
2.9719998836517	-20.341291353556
2.9760000705719	-20.615947789649
2.9800000190735	-20.877211069221
2.9839999675751	-21.120348790992
2.9879999160767	-21.340429433861
2.9920001029968	-21.532559860918
2.9960000514984	-21.692215338386
3.0000000000000	-21.815579894317
3.0039999485016	-21.899918856412
3.0079998970032	-21.943856388000
3.0120000839233	-21.947552961255
3.0160000324249	-21.912723686437
3.0199999809265	-21.842482003639
3.0239999294281	-21.741072410221
3.0280001163483	-21.613511541428
3.0320000648499	-21.465223503755
3.0360000133514	-21.301705783034
3.0399999618530	-21.128259068591
3.0439999103546	-20.949798993442
3.0480000972748	-20.770745774895
3.0520000457764	-20.594972736027
3.0559999942780	-20.425805758995
3.0599999427795	-20.266041771184
3.0639998912811	-20.118001634559
3.0680000782013	-19.983575067299
3.0720000267029	-19.864272746933
3.0759999752045	-19.761276661315
3.0799999237061	-19.675473569129
3.0840001106262	-19.607496179695
3.0880000591278	-19.557741452715
3.0920000076294	-19.526390872939
3.0959999561310	-19.513420072153
3.0999999046326	-19.518596585012
3.1040000915527	-19.541477774271
3.1080000400543	-19.581400630122
3.1119999885559	-19.637457576264
3.1159999370575	-19.708485951171
3.1199998855591	-19.793032020681
3.1240000724792	-19.889335080109
3.1280000209808	-19.995297796451
3.1319999694824	-20.108479781622
3.1359999179840	-20.226090740638
3.1400001049042	-20.345013895642
3.1440000534058	-20.461852956654
3.1480000019073	-20.573015248474
3.1519999504089	-20.674833425726
3.1559998989105	-20.763728936925
3.1600000858307	-20.836400833647
3.1640000343323	-20.890035809219
3.1679999828339	-20.922502457051
3.1719999313354	-20.932518917804
3.1760001182556	-20.919751136808
3.1800000667572	-20.884837364873
3.1840000152588	-20.829328531085
3.1879999637604	-20.755559213400
3.1919999122620	-20.666461796364
3.1960000991821	-20.565364578880
3.2000000476837	-20.455779791252
3.2039999961853	-20.341226913145
3.2079999446869	-20.225082858291
3.2119998931885	-20.110474889479
3.2160000801086	-20.000209138284
3.2200000286102	-19.896735687863
3.2239999771118	-19.802133139337
3.2279999256134	-19.718116960710
3.2320001125336	-19.646052423291
3.2360000610352	-19.586982780168
3.2400000095367	-19.541650125862
3.2439999580383	-19.510522740772
3.2479999065399	-19.493817550464
3.2520000934601	-19.491518898538
3.2560000419617	-19.503401583972
3.2599999904633	-19.529041627309
3.2639999389648	-19.567828798818
3.2679998874664	-19.618988796576
3.2720000743866	-19.681582582665
3.2760000228882	-19.754532580965
3.2799999713898	-19.836632121199
3.2839999198914	-19.926570446479
3.2880001068115	-20.022954507332
3.2920000553131	-20.124340861204
3.2960000038147	-20.229273978859
3.2999999523163	-20.336323450779
3.3039999008179	-20.444132146553
3.3080000877380	-20.551458707698
3.3120000362396	-20.657229262266
3.3159999847412	-20.760576556120
3.3199999332428	-20.860870289886
3.3239998817444	-20.957748765261
3.3280000686646	-21.051117890012
3.3320000171661	-21.141155915980
3.3359999656677	-21.228286712694
3.3399999141693	-21.313151310185
3.3440001010895	-21.396557588929
3.3480000495911	-21.479430160241
3.3519999980927	-21.562749496461
3.3559999465942	-21.647493433124
3.3599998950958	-21.734572659964
3.3640000820160	-21.824778833023
3.3680000305176	-21.918722344259
3.3719999790192	-22.016796256693
3.3759999275208	-22.119120107835
3.3800001144409	-22.225516234540
3.3840000629425	-22.335476355362
3.3880000114441	-22.448140669485
3.3919999599457	-22.562297506629
3.3959999084473	-22.676389341295
3.4000000953674	-22.788538640462
3.4040000438690	-22.896606281975
3.4079999923706	-22.998251869477
3.4119999408722	-23.091057258883
3.4159998893738	-23.172634020025
3.4200000762939	-23.240787263746
3.4240000247955	-23.293655310660
3.4279999732971	-23.329859550116
3.4319999217987	-23.348620183025
3.4360001087189	-23.349832511976
3.4400000572205	-23.334093573897
3.4440000057220	-23.302674083191
3.4479999542236	-23.257429813707
3.4519999027252	-23.200677299390
3.4560000896454	-23.135064075441
3.4600000381470	-23.063403799803
3.4639999866486	-22.988538999068
3.4679999351501	-22.913219347417
3.4719998836517	-22.839997199659
3.4760000705719	-22.771155502059
3.4800000190735	-22.708654221697
3.4839999675751	-22.654095656917
3.4879999160767	-22.608706922822
3.4920001029968	-22.573330345765
3.4960000514984	-22.548425396129
3.5000000000000	-22.534065166949
3.5039999485016	-22.529945615022
3.5079998970032	-22.535394767498
3.5120000839233	-22.549382258091
3.5160000324249	-22.570538851566
3.5199999809265	-22.597183684700
3.5239999294281	-22.627359973548
3.5280001163483	-22.658892524744
3.5320000648499	-22.689458530321
3.5360000133514	-22.716677650746
3.5399999618530	-22.738222376828
3.5439999103546	-22.751937436493
3.5480000972748	-22.755967543049
3.5520000457764	-22.748876678132
3.5559999942780	-22.729754865273
3.5599999427795	-22.698280608057
3.5639998912811	-22.654763148074
3.5680000782013	-22.600116185343
3.5720000267029	-22.535816489143
3.5759999752045	-22.463812052458
3.5799999237061	-22.386406031682
3.5840001106262	-22.306144758849
3.5880000591278	-22.225694637358
3.5920000076294	-22.147735673288
3.5959999561310	-22.074874737872
3.5999999046326	-22.009569918373
3.6040000915527	-21.954086086760
3.6080000400543	-21.910452674390
3.6119999885559	-21.880450484865
3.6159999370575	-21.865593090000
3.6199998855591	-21.867123795794
3.6240000724792	-21.886011854235
3.6280000209808	-21.922947480355
3.6319999694824	-21.978328480378
3.6359999179840	-22.052257650573
3.6400001049042	-22.144508671457
3.6440000534058	-22.254518529010
3.6480000019073	-22.381332376876
3.6519999504089	-22.523578961778
3.6559998989105	-22.679426049224
3.6600000858307	-22.846532223385
3.6640000343323	-23.022026841772
3.6679999828339	-23.202482314034
3.6719999313354	-23.383950633966
3.6760001182556	-23.562019873797
3.6800000667572	-23.731957484196
3.6840000152588	-23.888909004899
3.6879999637604	-24.028180096186
3.6919999122620	-24.145565615346
3.6960000991821	-24.237713573685
3.7000000476837	-24.302430318670
3.7039999961853	-24.338920954292
3.7079999446869	-24.347882035626
3.7119998931885	-24.331441468379
3.7160000801086	-24.292954379474
3.7200000286102	-24.236693662697
3.7239999771118	-24.167504365822
3.7279999256134	-24.090458655846
3.7320001125336	-24.010545606555
3.7360000610352	-23.932458777186
3.7400000095367	-23.860426751726
3.7439999580383	-23.798123550486
3.7479999065399	-23.748623818685
3.7520000934601	-23.714397153814
3.7560000419617	-23.697302336190
3.7599999904633	-23.698610118984
3.7639999389648	-23.719007548820
3.7679998874664	-23.758595845006
3.7720000743866	-23.816874783449
3.7760000228882	-23.892719892493
3.7799999713898	-23.984335115356
3.7839999198914	-24.089215160379
3.7880001068115	-24.204093543074
3.7920000553131	-24.324928494451
3.7960000038147	-24.446921324342
3.7999999523163	-24.564586696543
3.8039999008179	-24.671944244295
3.8080000877380	-24.762795773267
3.8120000362396	-24.831134279251
3.8159999847412	-24.871636790526
3.8199999332428	-24.880172463397
3.8239998817444	-24.854275533363
3.8280000686646	-24.793432221858
3.8320000171661	-24.699158428581
3.8359999656677	-24.574835546362
3.8399999141693	-24.425339489867
3.8440001010895	-24.256545639900
3.8480000495911	-24.074831336378
3.8519999980927	-23.886616183412
3.8559999465942	-23.698013817465
3.8599998950958	-23.514617537692
3.8640000820160	-23.341359828173
3.8680000305176	-23.182490079761
3.8719999790192	-23.041591495025
3.8759999275208	-22.921629675283
3.8800001144409	-22.825023925254
3.8840000629425	-22.753722987104
3.8880000114441	-22.709252345488
3.8919999599457	-22.692774789886
3.8959999084473	-22.705121455106
3.9000000953674	-22.746796061292
3.9040000438690	-22.817974296856
3.9079999923706	-22.918456963832
3.9119999408722	-23.047611401823
3.9159998893738	-23.204268362817
3.9200000762939	-23.386576372786
3.9240000247955	-23.591815565763
3.9279999732971	-23.816176784464
3.9319999217987	-24.054490701908
3.9360001087189	-24.299968306053
3.9400000572205	-24.543989818405
3.9440000057220	-24.776038898095
3.9479999542236	-24.983930873439
3.9519999027252	-25.154449424853
3.9560000896454	-25.274509897767
3.9600000381470	-25.332758872088
3.9639999866486	-25.321311734552
3.9679999351501	-25.237150342268
3.9719998836517	-25.082684036332
3.9760000705719	-24.865271823528
3.9800000190735	-24.595868760827
3.9839999675751	-24.287305365376
3.9879999160767	-23.952652014814
3.9920001029968	-23.604034345490
3.9960000514984	-23.251944284429
4.0000000000000	-22.904998224174
