#Parameters = {d=10; L=50}
#"Frequency / GHz"	"S1,1 (d=10) [Re]"	"S1,1 (d=10) [Im]"	"Ref.Imp. [Re]"	"Ref.Imp. [Im]"
#---------------------------------------------------------------------------------------
0.0000000000000	0.99634778499603	-0.0000000000000	73.000000000000	0.0000000000000
0.0040000001899898	0.99630546569824	-0.0095429653301835	73.000000000000	0.0000000000000
0.0080000003799796	0.99617856740952	-0.019085524603724	73.000000000000	0.0000000000000
0.012000000104308	0.99596679210663	-0.028627263382077	73.000000000000	0.0000000000000
0.016000000759959	0.99567043781281	-0.038167782127857	73.000000000000	0.0000000000000
0.019999999552965	0.99528914690018	-0.047706637531519	73.000000000000	0.0000000000000
0.024000000208616	0.99482285976410	-0.057243410497904	73.000000000000	0.0000000000000
0.028000000864267	0.99427145719528	-0.066777646541595	73.000000000000	0.0000000000000
0.032000001519918	0.99363458156586	-0.076308891177177	73.000000000000	0.0000000000000
0.035999998450279	0.99291223287582	-0.085836656391621	73.000000000000	0.0000000000000
0.039999999105930	0.99210411310196	-0.095360465347767	73.000000000000	0.0000000000000
0.043999999761581	0.99120992422104	-0.10487975925207	73.000000000000	0.0000000000000
0.048000000417233	0.99022948741913	-0.11439401656389	73.000000000000	0.0000000000000
0.052000001072884	0.98916232585907	-0.12390265613794	73.000000000000	0.0000000000000
0.056000001728535	0.98800826072693	-0.13340505957603	73.000000000000	0.0000000000000
0.059999998658895	0.98676687479019	-0.14290063083172	73.000000000000	0.0000000000000
0.064000003039837	0.98543792963028	-0.15238867700100	73.000000000000	0.0000000000000
0.068000003695488	0.98402094841003	-0.16186851263046	73.000000000000	0.0000000000000
0.071999996900558	0.98251587152481	-0.17133940756321	73.000000000000	0.0000000000000
0.075999997556210	0.98092192411423	-0.18080058693886	73.000000000000	0.0000000000000
0.079999998211861	0.97923898696899	-0.19025124609470	73.000000000000	0.0000000000000
0.083999998867512	0.97746652364731	-0.19969055056572	73.000000000000	0.0000000000000
0.087999999523163	0.97560429573059	-0.20911762118340	73.000000000000	0.0000000000000
0.092000000178814	0.97365200519562	-0.21853154897690	73.000000000000	0.0000000000000
0.096000000834465	0.97160917520523	-0.22793136537075	73.000000000000	0.0000000000000
0.10000000149012	0.96947550773621	-0.23731607198715	73.000000000000	0.0000000000000
0.10400000214577	0.96725058555603	-0.24668464064598	73.000000000000	0.0000000000000
0.10800000280142	0.96493422985077	-0.25603604316711	73.000000000000	0.0000000000000
0.11200000345707	0.96252596378326	-0.26536911725998	73.000000000000	0.0000000000000
0.11599999666214	0.96002572774887	-0.27468270063400	73.000000000000	0.0000000000000
0.11999999731779	0.95743322372437	-0.28397572040558	73.000000000000	0.0000000000000
0.12399999797344	0.95474821329117	-0.29324689507484	73.000000000000	0.0000000000000
0.12800000607967	0.95197045803070	-0.30249500274658	73.000000000000	0.0000000000000
0.13199999928474	0.94909965991974	-0.31171867251396	73.000000000000	0.0000000000000
0.13600000739098	0.94613599777222	-0.32091677188873	73.000000000000	0.0000000000000
0.14000000059605	0.94307923316956	-0.33008781075478	73.000000000000	0.0000000000000
0.14399999380112	0.93992924690247	-0.33923050761223	73.000000000000	0.0000000000000
0.14800000190735	0.93668615818024	-0.34834346175194	73.000000000000	0.0000000000000
0.15199999511242	0.93334996700287	-0.35742527246475	73.000000000000	0.0000000000000
0.15600000321865	0.92992055416107	-0.36647444963455	73.000000000000	0.0000000000000
0.15999999642372	0.92639839649200	-0.37548965215683	73.000000000000	0.0000000000000
0.16400000452995	0.92278331518173	-0.38446936011314	73.000000000000	0.0000000000000
0.16799999773502	0.91907572746277	-0.39341211318970	73.000000000000	0.0000000000000
0.17200000584126	0.91527581214905	-0.40231648087502	73.000000000000	0.0000000000000
0.17599999904633	0.91138398647308	-0.41118094325066	73.000000000000	0.0000000000000
0.18000000715256	0.90740048885345	-0.42000401020050	73.000000000000	0.0000000000000
0.18400000035763	0.90332573652267	-0.42878419160843	73.000000000000	0.0000000000000
0.18799999356270	0.89916026592255	-0.43751999735832	73.000000000000	0.0000000000000
0.19200000166893	0.89490455389023	-0.44620990753174	73.000000000000	0.0000000000000
0.19599999487400	0.89055919647217	-0.45485255122185	73.000000000000	0.0000000000000
0.20000000298023	0.88612490892410	-0.46344643831253	73.000000000000	0.0000000000000
0.20399999618530	0.88160210847855	-0.47199004888535	73.000000000000	0.0000000000000
0.20800000429153	0.87699174880981	-0.48048207163811	73.000000000000	0.0000000000000
0.21199999749660	0.87229430675507	-0.48892098665237	73.000000000000	0.0000000000000
0.21600000560284	0.86751097440720	-0.49730548262596	73.000000000000	0.0000000000000
0.21999999880791	0.86264234781265	-0.50563418865204	73.000000000000	0.0000000000000
0.22400000691414	0.85768938064575	-0.51390576362610	73.000000000000	0.0000000000000
0.22800000011921	0.85265302658081	-0.52211886644363	73.000000000000	0.0000000000000
0.23199999332428	0.84753447771072	-0.53027224540710	73.000000000000	0.0000000000000
0.23600000143051	0.84233427047729	-0.53836470842361	73.000000000000	0.0000000000000
0.23999999463558	0.83705401420593	-0.54639500379562	73.000000000000	0.0000000000000
0.24400000274181	0.83169442415237	-0.55436205863953	73.000000000000	0.0000000000000
0.24799999594688	0.82625693082809	-0.56226468086243	73.000000000000	0.0000000000000
0.25200000405312	0.82074248790741	-0.57010179758072	73.000000000000	0.0000000000000
0.25600001215935	0.81515228748322	-0.57787245512009	73.000000000000	0.0000000000000
0.25999999046326	0.80948770046234	-0.58557564020157	73.000000000000	0.0000000000000
0.26399999856949	0.80374968051910	-0.59321027994156	73.000000000000	0.0000000000000
0.26800000667572	0.79793965816498	-0.60077577829361	73.000000000000	0.0000000000000
0.27200001478195	0.79205900430679	-0.60827100276947	73.000000000000	0.0000000000000
0.27599999308586	0.78610891103745	-0.61569541692734	73.000000000000	0.0000000000000
0.28000000119209	0.78009068965912	-0.62304806709290	73.000000000000	0.0000000000000
0.28400000929832	0.77400541305542	-0.63032829761505	73.000000000000	0.0000000000000
0.28799998760223	0.76785492897034	-0.63753569126129	73.000000000000	0.0000000000000
0.29199999570847	0.76163989305496	-0.64466947317123	73.000000000000	0.0000000000000
0.29600000381470	0.75536209344864	-0.65172904729843	73.000000000000	0.0000000000000
0.30000001192093	0.74902260303497	-0.65871405601501	73.000000000000	0.0000000000000
0.30399999022484	0.74262285232544	-0.66562396287918	73.000000000000	0.0000000000000
0.30799999833107	0.73616403341293	-0.67245841026306	73.000000000000	0.0000000000000
0.31200000643730	0.72964745759964	-0.67921715974808	73.000000000000	0.0000000000000
0.31600001454353	0.72307419776917	-0.68589973449707	73.000000000000	0.0000000000000
0.31999999284744	0.71644568443298	-0.69250601530075	73.000000000000	0.0000000000000
0.32400000095367	0.70976328849792	-0.69903564453125	73.000000000000	0.0000000000000
0.32800000905991	0.70302778482437	-0.70548862218857	73.000000000000	0.0000000000000
0.33199998736382	0.69624066352844	-0.71186459064484	73.000000000000	0.0000000000000
0.33599999547005	0.68940293788910	-0.71816366910934	73.000000000000	0.0000000000000
0.34000000357628	0.68251556158066	-0.72438555955887	73.000000000000	0.0000000000000
0.34400001168251	0.67557996511459	-0.73053044080734	73.000000000000	0.0000000000000
0.34799998998642	0.66859686374664	-0.73659807443619	73.000000000000	0.0000000000000
0.35199999809265	0.66156744956970	-0.74258869886398	73.000000000000	0.0000000000000
0.35600000619888	0.65449273586273	-0.74850213527679	73.000000000000	0.0000000000000
0.36000001430511	0.64737337827682	-0.75433856248856	73.000000000000	0.0000000000000
0.36399999260902	0.64021056890488	-0.76009804010391	73.000000000000	0.0000000000000
0.36800000071526	0.63300472497940	-0.76578068733215	73.000000000000	0.0000000000000
0.37200000882149	0.62575727701187	-0.77138650417328	73.000000000000	0.0000000000000
0.37599998712540	0.61846846342087	-0.77691560983658	73.000000000000	0.0000000000000
0.37999999523163	0.61113965511322	-0.78236806392670	73.000000000000	0.0000000000000
0.38400000333786	0.60377079248428	-0.78774410486221	73.000000000000	0.0000000000000
0.38800001144409	0.59636300802231	-0.79304379224777	73.000000000000	0.0000000000000
0.39199998974800	0.58891654014587	-0.79826718568802	73.000000000000	0.0000000000000
0.39599999785423	0.58143240213394	-0.80341446399689	73.000000000000	0.0000000000000
0.40000000596046	0.57391077280045	-0.80848556756973	73.000000000000	0.0000000000000
0.40400001406670	0.56635272502899	-0.81348061561584	73.000000000000	0.0000000000000
0.40799999237061	0.55875813961029	-0.81839978694916	73.000000000000	0.0000000000000
0.41200000047684	0.55112755298615	-0.82324290275574	73.000000000000	0.0000000000000
0.41600000858307	0.54346162080765	-0.82801014184952	73.000000000000	0.0000000000000
0.41999998688698	0.53576040267944	-0.83270150423050	73.000000000000	0.0000000000000
0.42399999499321	0.52802467346191	-0.83731681108475	73.000000000000	0.0000000000000
0.42800000309944	0.52025425434113	-0.84185606241226	73.000000000000	0.0000000000000
0.43200001120567	0.51244962215424	-0.84631925821304	73.000000000000	0.0000000000000
0.43599998950958	0.50461149215698	-0.85070598125458	73.000000000000	0.0000000000000
0.43999999761581	0.49673953652382	-0.85501641035080	73.000000000000	0.0000000000000
0.44400000572205	0.48883441090584	-0.85925012826920	73.000000000000	0.0000000000000
0.44800001382828	0.48089605569839	-0.86340701580048	73.000000000000	0.0000000000000
0.45199999213219	0.47292473912239	-0.86748677492142	73.000000000000	0.0000000000000
0.45600000023842	0.46492102742195	-0.87148886919022	73.000000000000	0.0000000000000
0.46000000834465	0.45688483119011	-0.87541323900223	73.000000000000	0.0000000000000
0.46399998664856	0.44881644845009	-0.87925946712494	73.000000000000	0.0000000000000
0.46799999475479	0.44071629643440	-0.88302695751190	73.000000000000	0.0000000000000
0.47200000286102	0.43258431553841	-0.88671517372131	73.000000000000	0.0000000000000
0.47600001096725	0.42442068457603	-0.89032387733459	73.000000000000	0.0000000000000
0.47999998927116	0.41622608900070	-0.89385223388672	73.000000000000	0.0000000000000
0.48399999737740	0.40800043940544	-0.89729982614517	73.000000000000	0.0000000000000
0.48800000548363	0.39974415302277	-0.90066587924957	73.000000000000	0.0000000000000
0.49200001358986	0.39145788550377	-0.90394979715347	73.000000000000	0.0000000000000
0.49599999189377	0.38314116001129	-0.90715086460114	73.000000000000	0.0000000000000
0.50000000000000	0.37479507923126	-0.91026830673218	73.000000000000	0.0000000000000
0.50400000810623	0.36642003059387	-0.91330122947693	73.000000000000	0.0000000000000
0.50800001621246	0.35801613330841	-0.91624909639359	73.000000000000	0.0000000000000
0.51200002431870	0.34958380460739	-0.91911071538925	73.000000000000	0.0000000000000
0.51599997282028	0.34112402796745	-0.92188549041748	73.000000000000	0.0000000000000
0.51999998092651	0.33263722062111	-0.92457222938538	73.000000000000	0.0000000000000
0.52399998903275	0.32412362098694	-0.92717033624649	73.000000000000	0.0000000000000
0.52799999713898	0.31558430194855	-0.92967855930328	73.000000000000	0.0000000000000
0.53200000524521	0.30701997876167	-0.93209606409073	73.000000000000	0.0000000000000
0.53600001335144	0.29843115806580	-0.93442195653915	73.000000000000	0.0000000000000
0.54000002145767	0.28981903195381	-0.93665504455566	73.000000000000	0.0000000000000
0.54400002956390	0.28118416666985	-0.93879449367523	73.000000000000	0.0000000000000
0.54799997806549	0.27252754569054	-0.94083917140961	73.000000000000	0.0000000000000
0.55199998617172	0.26385009288788	-0.94278812408447	73.000000000000	0.0000000000000
0.55599999427795	0.25515297055244	-0.94464039802551	73.000000000000	0.0000000000000
0.56000000238419	0.24643747508526	-0.94639497995377	73.000000000000	0.0000000000000
0.56400001049042	0.23770438134670	-0.94805073738098	73.000000000000	0.0000000000000
0.56800001859665	0.22895547747612	-0.94960671663284	73.000000000000	0.0000000000000
0.57200002670288	0.22019138932228	-0.95106226205826	73.000000000000	0.0000000000000
0.57599997520447	0.21141390502453	-0.95241594314575	73.000000000000	0.0000000000000
0.57999998331070	0.20262423157692	-0.95366710424423	73.000000000000	0.0000000000000
0.58399999141693	0.19382402300835	-0.95481479167938	73.000000000000	0.0000000000000
0.58799999952316	0.18501493334770	-0.95585811138153	73.000000000000	0.0000000000000
0.59200000762939	0.17619802057743	-0.95679628849030	73.000000000000	0.0000000000000
0.59600001573563	0.16737526655197	-0.95762848854065	73.000000000000	0.0000000000000
0.60000002384186	0.15854816138744	-0.95835393667221	73.000000000000	0.0000000000000
0.60399997234344	0.14971879124641	-0.95897197723389	73.000000000000	0.0000000000000
0.60799998044968	0.14088873565197	-0.95948177576065	73.000000000000	0.0000000000000
0.61199998855591	0.13205984234810	-0.95988291501999	73.000000000000	0.0000000000000
0.61599999666214	0.12323402613401	-0.96017467975616	73.000000000000	0.0000000000000
0.62000000476837	0.11441311240196	-0.96035659313202	73.000000000000	0.0000000000000
0.62400001287460	0.10559953749180	-0.96042823791504	73.000000000000	0.0000000000000
0.62800002098083	0.096794761717319	-0.96038907766342	73.000000000000	0.0000000000000
0.63200002908707	0.088000752031803	-0.96023899316788	73.000000000000	0.0000000000000
0.63599997758865	0.079219929873943	-0.95997756719589	73.000000000000	0.0000000000000
0.63999998569489	0.070454284548759	-0.95960462093353	73.000000000000	0.0000000000000
0.64399999380112	0.061705801635981	-0.95912003517151	73.000000000000	0.0000000000000
0.64800000190735	0.052976958453655	-0.95852375030518	73.000000000000	0.0000000000000
0.65200001001358	0.044269300997257	-0.95781570672989	73.000000000000	0.0000000000000
0.65600001811981	0.035586204379797	-0.95699590444565	73.000000000000	0.0000000000000
0.66000002622604	0.026928789913654	-0.95606464147568	73.000000000000	0.0000000000000
0.66399997472763	0.018299523741007	-0.95502209663391	73.000000000000	0.0000000000000
0.66799998283386	0.0097008738666773	-0.95386856794357	73.000000000000	0.0000000000000
0.67199999094009	0.0011348514817655	-0.95260429382324	73.000000000000	0.0000000000000
0.67599999904633	-0.0073969936929643	-0.95122981071472	73.000000000000	0.0000000000000
0.68000000715256	-0.015891760587692	-0.94974559545517	73.000000000000	0.0000000000000
0.68400001525879	-0.024346562102437	-0.94815236330032	73.000000000000	0.0000000000000
0.68800002336502	-0.032760340720415	-0.94645041227341	73.000000000000	0.0000000000000
0.69199997186661	-0.041130688041449	-0.94464087486267	73.000000000000	0.0000000000000
0.69599997997284	-0.049455225467682	-0.94272428750992	73.000000000000	0.0000000000000
0.69999998807907	-0.057732481509447	-0.94070142507553	73.000000000000	0.0000000000000
0.70399999618530	-0.065959230065346	-0.93857353925705	73.000000000000	0.0000000000000
0.70800000429153	-0.074134498834610	-0.93634128570557	73.000000000000	0.0000000000000
0.71200001239777	-0.082255557179451	-0.93400591611862	73.000000000000	0.0000000000000
0.71600002050400	-0.090320594608784	-0.93156850337982	73.000000000000	0.0000000000000
0.72000002861023	-0.098328277468681	-0.92903012037277	73.000000000000	0.0000000000000
0.72399997711182	-0.10627595335245	-0.92639213800430	73.000000000000	0.0000000000000
0.72799998521805	-0.11416191607714	-0.92365568876266	73.000000000000	0.0000000000000
0.73199999332428	-0.12198404222727	-0.92082244157791	73.000000000000	0.0000000000000
0.73600000143051	-0.12974113225937	-0.91789317131042	73.000000000000	0.0000000000000
0.74000000953674	-0.13743114471436	-0.91486996412277	73.000000000000	0.0000000000000
0.74400001764297	-0.14505290985107	-0.91175377368927	73.000000000000	0.0000000000000
0.74800002574921	-0.15260361135006	-0.90854644775391	73.000000000000	0.0000000000000
0.75199997425079	-0.16008263826370	-0.90524953603745	73.000000000000	0.0000000000000
0.75599998235703	-0.16748850047588	-0.90186417102814	73.000000000000	0.0000000000000
0.75999999046326	-0.17481939494610	-0.89839267730713	73.000000000000	0.0000000000000
0.76399999856949	-0.18207390606403	-0.89483612775803	73.000000000000	0.0000000000000
0.76800000667572	-0.18925030529499	-0.89119648933411	73.000000000000	0.0000000000000
0.77200001478195	-0.19634816050529	-0.88747543096542	73.000000000000	0.0000000000000
0.77600002288818	-0.20336535573006	-0.88367462158203	73.000000000000	0.0000000000000
0.77999997138977	-0.21030151844025	-0.87979578971863	73.000000000000	0.0000000000000
0.78399997949600	-0.21715506911278	-0.87584060430527	73.000000000000	0.0000000000000
0.78799998760223	-0.22392450273037	-0.87181103229523	73.000000000000	0.0000000000000
0.79199999570847	-0.23060953617096	-0.86770874261856	73.000000000000	0.0000000000000
0.79600000381470	-0.23720870912075	-0.86353546380997	73.000000000000	0.0000000000000
0.80000001192093	-0.24372102320194	-0.85929310321808	73.000000000000	0.0000000000000
0.80400002002716	-0.25014597177505	-0.85498350858688	73.000000000000	0.0000000000000
0.80800002813339	-0.25648215413094	-0.85060828924179	73.000000000000	0.0000000000000
0.81199997663498	-0.26272952556610	-0.84616923332214	73.000000000000	0.0000000000000
0.81599998474121	-0.26888644695282	-0.84166836738586	73.000000000000	0.0000000000000
0.81999999284744	-0.27495330572128	-0.83710718154907	73.000000000000	0.0000000000000
0.82400000095367	-0.28092849254608	-0.83248764276505	73.000000000000	0.0000000000000
0.82800000905991	-0.28681132197380	-0.82781165838242	73.000000000000	0.0000000000000
0.83200001716614	-0.29260188341141	-0.82308071851730	73.000000000000	0.0000000000000
0.83600002527237	-0.29829946160316	-0.81829661130905	73.000000000000	0.0000000000000
0.83999997377396	-0.30390343070030	-0.81346112489700	73.000000000000	0.0000000000000
0.84399998188019	-0.30941283702850	-0.80857616662979	73.000000000000	0.0000000000000
0.84799998998642	-0.31482785940170	-0.80364328622818	73.000000000000	0.0000000000000
0.85199999809265	-0.32014799118042	-0.79866427183151	73.000000000000	0.0000000000000
0.85600000619888	-0.32537224888802	-0.79364079236984	73.000000000000	0.0000000000000
0.86000001430511	-0.33050096035004	-0.78857451677322	73.000000000000	0.0000000000000
0.86400002241135	-0.33553335070610	-0.78346723318100	73.000000000000	0.0000000000000
0.86799997091293	-0.34046933054924	-0.77832043170929	73.000000000000	0.0000000000000
0.87199997901917	-0.34530851244926	-0.77313590049744	73.000000000000	0.0000000000000
0.87599998712540	-0.35005050897598	-0.76791524887085	73.000000000000	0.0000000000000
0.87999999523163	-0.35469466447830	-0.76266038417816	73.000000000000	0.0000000000000
0.88400000333786	-0.35924175381660	-0.75737243890762	73.000000000000	0.0000000000000
0.88800001144409	-0.36369037628174	-0.75205355882645	73.000000000000	0.0000000000000
0.89200001955032	-0.36804068088531	-0.74670511484146	73.000000000000	0.0000000000000
0.89600002765656	-0.37229281663895	-0.74132865667343	73.000000000000	0.0000000000000
0.89999997615814	-0.37644582986832	-0.73592621088028	73.000000000000	0.0000000000000
0.90399998426437	-0.38050001859665	-0.73049908876419	73.000000000000	0.0000000000000
0.90799999237061	-0.38445514440536	-0.72504889965057	73.000000000000	0.0000000000000
0.91200000047684	-0.38831081986427	-0.71957743167877	73.000000000000	0.0000000000000
0.91600000858307	-0.39206698536873	-0.71408623456955	73.000000000000	0.0000000000000
0.92000001668930	-0.39572322368622	-0.70857715606689	73.000000000000	0.0000000000000
0.92400002479553	-0.39927962422371	-0.70305174589157	73.000000000000	0.0000000000000
0.92799997329712	-0.40273582935333	-0.69751167297363	73.000000000000	0.0000000000000
0.93199998140335	-0.40609189867973	-0.69195848703384	73.000000000000	0.0000000000000
0.93599998950958	-0.40934738516808	-0.68639433383942	73.000000000000	0.0000000000000
0.93999999761581	-0.41250234842300	-0.68082052469254	73.000000000000	0.0000000000000
0.94400000572205	-0.41555666923523	-0.67523890733719	73.000000000000	0.0000000000000
0.94800001382828	-0.41851004958153	-0.66965156793594	73.000000000000	0.0000000000000
0.95200002193451	-0.42136266827583	-0.66405987739563	73.000000000000	0.0000000000000
0.95599997043610	-0.42411401867867	-0.65846610069275	73.000000000000	0.0000000000000
0.95999997854233	-0.42676469683647	-0.65287154912949	73.000000000000	0.0000000000000
0.96399998664856	-0.42931401729584	-0.64727872610092	73.000000000000	0.0000000000000
0.96799999475479	-0.43176233768463	-0.64168912172318	73.000000000000	0.0000000000000
0.97200000286102	-0.43410977721214	-0.63610476255417	73.000000000000	0.0000000000000
0.97600001096725	-0.43635588884354	-0.63052791357040	73.000000000000	0.0000000000000
0.98000001907349	-0.43850138783455	-0.62496000528336	73.000000000000	0.0000000000000
0.98400002717972	-0.44054591655731	-0.61940360069275	73.000000000000	0.0000000000000
0.98799997568130	-0.44248992204666	-0.61386060714722	73.000000000000	0.0000000000000
0.99199998378754	-0.44433331489563	-0.60833311080933	73.000000000000	0.0000000000000
0.99599999189377	-0.44607689976692	-0.60282319784164	73.000000000000	0.0000000000000
1.0000000000000	-0.44772043824196	-0.59733301401138	73.000000000000	0.0000000000000
1.0039999485016	-0.44926425814629	-0.59186524152756	73.000000000000	0.0000000000000
1.0080000162125	-0.45070913434029	-0.58642143011093	73.000000000000	0.0000000000000
1.0119999647141	-0.45205560326576	-0.58100402355194	73.000000000000	0.0000000000000
1.0160000324249	-0.45330378413200	-0.57561558485031	73.000000000000	0.0000000000000
1.0199999809265	-0.45445454120636	-0.57025808095932	73.000000000000	0.0000000000000
1.0240000486374	-0.45550858974457	-0.56493407487869	73.000000000000	0.0000000000000
1.0279999971390	-0.45646649599075	-0.55964607000351	73.000000000000	0.0000000000000
1.0319999456406	-0.45732930302620	-0.55439597368240	73.000000000000	0.0000000000000
1.0360000133514	-0.45809763669968	-0.54918658733368	73.000000000000	0.0000000000000
1.0399999618530	-0.45877283811569	-0.54401993751526	73.000000000000	0.0000000000000
1.0440000295639	-0.45935562252998	-0.53889882564545	73.000000000000	0.0000000000000
1.0479999780655	-0.45984768867493	-0.53382527828217	73.000000000000	0.0000000000000
1.0520000457764	-0.46025004982948	-0.52880179882050	73.000000000000	0.0000000000000
1.0559999942780	-0.46056362986565	-0.52383112907410	73.000000000000	0.0000000000000
1.0599999427795	-0.46079018712044	-0.51891523599625	73.000000000000	0.0000000000000
1.0640000104904	-0.46093136072159	-0.51405686140060	73.000000000000	0.0000000000000
1.0679999589920	-0.46098899841309	-0.50925791263580	73.000000000000	0.0000000000000
1.0720000267029	-0.46096432209015	-0.50452107191086	73.000000000000	0.0000000000000
1.0759999752045	-0.46085953712463	-0.49984878301620	73.000000000000	0.0000000000000
1.0800000429153	-0.46067652106285	-0.49524283409119	73.000000000000	0.0000000000000
1.0839999914169	-0.46041747927666	-0.49070578813553	73.000000000000	0.0000000000000
1.0880000591278	-0.46008425951004	-0.48623988032341	73.000000000000	0.0000000000000
1.0920000076294	-0.45967912673950	-0.48184701800346	73.000000000000	0.0000000000000
1.0959999561310	-0.45920479297638	-0.47752928733826	73.000000000000	0.0000000000000
1.1000000238419	-0.45866358280182	-0.47328910231590	73.000000000000	0.0000000000000
1.1039999723434	-0.45805785059929	-0.46912786364555	73.000000000000	0.0000000000000
1.1080000400543	-0.45739048719406	-0.46504783630371	73.000000000000	0.0000000000000
1.1119999885559	-0.45666423439980	-0.46105057001114	73.000000000000	0.0000000000000
1.1160000562668	-0.45588183403015	-0.45713809132576	73.000000000000	0.0000000000000
1.1200000047684	-0.45504647493362	-0.45331165194511	73.000000000000	0.0000000000000
1.1239999532700	-0.45416057109833	-0.44957301020622	73.000000000000	0.0000000000000
1.1280000209808	-0.45322796702385	-0.44592347741127	73.000000000000	0.0000000000000
1.1319999694824	-0.45225173234940	-0.44236430525780	73.000000000000	0.0000000000000
1.1360000371933	-0.45123472809792	-0.43889689445496	73.000000000000	0.0000000000000
1.1399999856949	-0.45018064975739	-0.43552199006081	73.000000000000	0.0000000000000
1.1440000534058	-0.44909292459488	-0.43224081397057	73.000000000000	0.0000000000000
1.1480000019073	-0.44797483086586	-0.42905414104462	73.000000000000	0.0000000000000
1.1519999504089	-0.44683000445366	-0.42596247792244	73.000000000000	0.0000000000000
1.1560000181198	-0.44566187262535	-0.42296668887138	73.000000000000	0.0000000000000
1.1599999666214	-0.44447427988052	-0.42006683349609	73.000000000000	0.0000000000000
1.1640000343323	-0.44327098131180	-0.41726335883141	73.000000000000	0.0000000000000
1.1679999828339	-0.44205525517464	-0.41455641388893	73.000000000000	0.0000000000000
1.1720000505447	-0.44083112478256	-0.41194602847099	73.000000000000	0.0000000000000
1.1759999990463	-0.43960228562355	-0.40943178534508	73.000000000000	0.0000000000000
1.1799999475479	-0.43837228417397	-0.40701344609261	73.000000000000	0.0000000000000
1.1840000152588	-0.43714529275894	-0.40469044446945	73.000000000000	0.0000000000000
1.1879999637604	-0.43592476844788	-0.40246215462685	73.000000000000	0.0000000000000
1.1920000314713	-0.43471452593803	-0.40032783150673	73.000000000000	0.0000000000000
1.1959999799728	-0.43351778388023	-0.39828649163246	73.000000000000	0.0000000000000
1.2000000476837	-0.43233904242516	-0.39633697271347	73.000000000000	0.0000000000000
1.2039999961853	-0.43118128180504	-0.39447799324989	73.000000000000	0.0000000000000
1.2079999446869	-0.43004846572876	-0.39270791411400	73.000000000000	0.0000000000000
1.2120000123978	-0.42894393205643	-0.39102548360825	73.000000000000	0.0000000000000
1.2159999608994	-0.42787119746208	-0.38942864537239	73.000000000000	0.0000000000000
1.2200000286102	-0.42683359980583	-0.38791567087173	73.000000000000	0.0000000000000
1.2239999771118	-0.42583447694778	-0.38648435473442	73.000000000000	0.0000000000000
1.2280000448227	-0.42487722635269	-0.38513252139091	73.000000000000	0.0000000000000
1.2319999933243	-0.42396488785744	-0.38385799527168	73.000000000000	0.0000000000000
1.2359999418259	-0.42310047149658	-0.38265806436539	73.000000000000	0.0000000000000
1.2400000095367	-0.42228677868843	-0.38153028488159	73.000000000000	0.0000000000000
1.2439999580383	-0.42152711749077	-0.38047182559967	73.000000000000	0.0000000000000
1.2480000257492	-0.42082363367081	-0.37947979569435	73.000000000000	0.0000000000000
1.2519999742508	-0.42017906904221	-0.37855139374733	73.000000000000	0.0000000000000
1.2560000419617	-0.41959583759308	-0.37768343091011	73.000000000000	0.0000000000000
1.2599999904633	-0.41907629370689	-0.37687265872955	73.000000000000	0.0000000000000
1.2640000581741	-0.41862255334854	-0.37611597776413	73.000000000000	0.0000000000000
1.2680000066757	-0.41823673248291	-0.37540975213051	73.000000000000	0.0000000000000
1.2719999551773	-0.41792073845863	-0.37475076317787	73.000000000000	0.0000000000000
1.2760000228882	-0.41767591238022	-0.37413534522057	73.000000000000	0.0000000000000
1.2799999713898	-0.41750404238701	-0.37356010079384	73.000000000000	0.0000000000000
1.2840000391006	-0.41740640997887	-0.37302130460739	73.000000000000	0.0000000000000
1.2879999876022	-0.41738432645798	-0.37251511216164	73.000000000000	0.0000000000000
1.2920000553131	-0.41743850708008	-0.37203803658485	73.000000000000	0.0000000000000
1.2960000038147	-0.41757020354271	-0.37158632278442	73.000000000000	0.0000000000000
1.2999999523163	-0.41777986288071	-0.37115615606308	73.000000000000	0.0000000000000
1.3040000200272	-0.41806811094284	-0.37074366211891	73.000000000000	0.0000000000000
1.3079999685287	-0.41843527555466	-0.37034526467323	73.000000000000	0.0000000000000
1.3120000362396	-0.41888132691383	-0.36995711922646	73.000000000000	0.0000000000000
1.3159999847412	-0.41940638422966	-0.36957544088364	73.000000000000	0.0000000000000
1.3200000524521	-0.42001050710678	-0.36919653415680	73.000000000000	0.0000000000000
1.3240000009537	-0.42069321870804	-0.36881676316261	73.000000000000	0.0000000000000
1.3279999494553	-0.42145368456841	-0.36843264102936	73.000000000000	0.0000000000000
1.3320000171661	-0.42229199409485	-0.36804014444351	73.000000000000	0.0000000000000
1.3359999656677	-0.42320656776428	-0.36763629317284	73.000000000000	0.0000000000000
1.3400000333786	-0.42419680953026	-0.36721706390381	73.000000000000	0.0000000000000
1.3439999818802	-0.42526173591614	-0.36677971482277	73.000000000000	0.0000000000000
1.3480000495911	-0.42639976739883	-0.36632046103477	73.000000000000	0.0000000000000
1.3519999980927	-0.42760986089706	-0.36583647131920	73.000000000000	0.0000000000000
1.3559999465942	-0.42889010906219	-0.36532446742058	73.000000000000	0.0000000000000
1.3600000143051	-0.43023937940598	-0.36478146910667	73.000000000000	0.0000000000000
1.3639999628067	-0.43165552616119	-0.36420476436615	73.000000000000	0.0000000000000
1.3680000305176	-0.43313691020012	-0.36359131336212	73.000000000000	0.0000000000000
1.3719999790192	-0.43468150496483	-0.36293873190880	73.000000000000	0.0000000000000
1.3760000467300	-0.43628758192062	-0.36224439740181	73.000000000000	0.0000000000000
1.3799999952316	-0.43795236945152	-0.36150604486465	73.000000000000	0.0000000000000
1.3839999437332	-0.43967434763908	-0.36072137951851	73.000000000000	0.0000000000000
1.3880000114441	-0.44145098328590	-0.35988819599152	73.000000000000	0.0000000000000
1.3919999599457	-0.44327989220619	-0.35900479555130	73.000000000000	0.0000000000000
1.3960000276566	-0.44515883922577	-0.35806918144226	73.000000000000	0.0000000000000
1.3999999761581	-0.44708532094955	-0.35707977414131	73.000000000000	0.0000000000000
1.4040000438690	-0.44905722141266	-0.35603499412537	73.000000000000	0.0000000000000
1.4079999923706	-0.45107182860374	-0.35493344068527	73.000000000000	0.0000000000000
1.4119999408722	-0.45312681794167	-0.35377392172813	73.000000000000	0.0000000000000
1.4160000085831	-0.45521980524063	-0.35255527496338	73.000000000000	0.0000000000000
1.4199999570847	-0.45734810829163	-0.35127669572830	73.000000000000	0.0000000000000
1.4240000247955	-0.45950993895531	-0.34993711113930	73.000000000000	0.0000000000000
1.4279999732971	-0.46170228719711	-0.34853610396385	73.000000000000	0.0000000000000
1.4320000410080	-0.46392309665680	-0.34707283973694	73.000000000000	0.0000000000000
1.4359999895096	-0.46617025136948	-0.34554693102837	73.000000000000	0.0000000000000
1.4400000572205	-0.46844139695168	-0.34395831823349	73.000000000000	0.0000000000000
1.4440000057220	-0.47073426842690	-0.34230640530586	73.000000000000	0.0000000000000
1.4479999542236	-0.47304695844650	-0.34059143066406	73.000000000000	0.0000000000000
1.4520000219345	-0.47537755966187	-0.33881306648254	73.000000000000	0.0000000000000
1.4559999704361	-0.47772386670113	-0.33697172999382	73.000000000000	0.0000000000000
1.4600000381470	-0.48008400201797	-0.33506742119789	73.000000000000	0.0000000000000
1.4639999866486	-0.48245668411255	-0.33310034871101	73.000000000000	0.0000000000000
1.4680000543594	-0.48484000563622	-0.33107078075409	73.000000000000	0.0000000000000
1.4720000028610	-0.48723244667053	-0.32897931337357	73.000000000000	0.0000000000000
1.4759999513626	-0.48963251709938	-0.32682633399963	73.000000000000	0.0000000000000
1.4800000190735	-0.49203908443451	-0.32461214065552	73.000000000000	0.0000000000000
1.4839999675751	-0.49445122480392	-0.32233715057373	73.000000000000	0.0000000000000
1.4880000352859	-0.49686732888222	-0.32000225782394	73.000000000000	0.0000000000000
1.4919999837875	-0.49928680062294	-0.31760755181313	73.000000000000	0.0000000000000
1.4960000514984	-0.50170868635178	-0.31515383720398	73.000000000000	0.0000000000000
1.5000000000000	-0.50413239002228	-0.31264144182205	73.000000000000	0.0000000000000
1.5039999485016	-0.50655734539032	-0.31007087230682	73.000000000000	0.0000000000000
1.5080000162125	-0.50898295640945	-0.30744266510010	73.000000000000	0.0000000000000
1.5119999647141	-0.51140892505646	-0.30475723743439	73.000000000000	0.0000000000000
1.5160000324249	-0.51383495330811	-0.30201473832130	73.000000000000	0.0000000000000
1.5199999809265	-0.51626104116440	-0.29921567440033	73.000000000000	0.0000000000000
1.5240000486374	-0.51868700981140	-0.29635998606682	73.000000000000	0.0000000000000
1.5279999971390	-0.52111309766769	-0.29344800114632	73.000000000000	0.0000000000000
1.5319999456406	-0.52353924512863	-0.29047963023186	73.000000000000	0.0000000000000
1.5360000133514	-0.52596580982208	-0.28745508193970	73.000000000000	0.0000000000000
1.5399999618530	-0.52839297056198	-0.28437376022339	73.000000000000	0.0000000000000
1.5440000295639	-0.53082132339478	-0.28123548626900	73.000000000000	0.0000000000000
1.5479999780655	-0.53325098752975	-0.27803972363472	73.000000000000	0.0000000000000
1.5520000457764	-0.53568267822266	-0.27478605508804	73.000000000000	0.0000000000000
1.5559999942780	-0.53811669349670	-0.27147379517555	73.000000000000	0.0000000000000
1.5599999427795	-0.54055368900299	-0.26810207962990	73.000000000000	0.0000000000000
1.5640000104904	-0.54299408197403	-0.26466971635818	73.000000000000	0.0000000000000
1.5679999589920	-0.54543870687485	-0.26117530465126	73.000000000000	0.0000000000000
1.5720000267029	-0.54788768291473	-0.25761798024178	73.000000000000	0.0000000000000
1.5759999752045	-0.55034178495407	-0.25399607419968	73.000000000000	0.0000000000000
1.5800000429153	-0.55280125141144	-0.25030773878098	73.000000000000	0.0000000000000
1.5839999914169	-0.55526673793793	-0.24655134975910	73.000000000000	0.0000000000000
1.5880000591278	-0.55773854255676	-0.24272458255291	73.000000000000	0.0000000000000
1.5920000076294	-0.56021666526794	-0.23882569372654	73.000000000000	0.0000000000000
1.5959999561310	-0.56270164251328	-0.23485188186169	73.000000000000	0.0000000000000
1.6000000238419	-0.56519329547882	-0.23080085217953	73.000000000000	0.0000000000000
1.6039999723434	-0.56769150495529	-0.22666981816292	73.000000000000	0.0000000000000
1.6080000400543	-0.57019650936127	-0.22245606780052	73.000000000000	0.0000000000000
1.6119999885559	-0.57270741462708	-0.21815644204617	73.000000000000	0.0000000000000
1.6160000562668	-0.57522386312485	-0.21376812458038	73.000000000000	0.0000000000000
1.6200000047684	-0.57774531841278	-0.20928733050823	73.000000000000	0.0000000000000
1.6239999532700	-0.58027088642120	-0.20471097528934	73.000000000000	0.0000000000000
1.6280000209808	-0.58279925584793	-0.20003557205200	73.000000000000	0.0000000000000
1.6319999694824	-0.58532929420471	-0.19525723159313	73.000000000000	0.0000000000000
1.6360000371933	-0.58785945177078	-0.19037248194218	73.000000000000	0.0000000000000
1.6399999856949	-0.59038794040680	-0.18537721037865	73.000000000000	0.0000000000000
1.6440000534058	-0.59291267395020	-0.18026775121689	73.000000000000	0.0000000000000
1.6480000019073	-0.59543132781982	-0.17504002153873	73.000000000000	0.0000000000000
1.6519999504089	-0.59794139862061	-0.16969023644924	73.000000000000	0.0000000000000
1.6560000181198	-0.60043996572495	-0.16421392560005	73.000000000000	0.0000000000000
1.6599999666214	-0.60292387008667	-0.15860711038113	73.000000000000	0.0000000000000
1.6640000343323	-0.60538965463638	-0.15286603569984	73.000000000000	0.0000000000000
1.6679999828339	-0.60783368349075	-0.14698642492294	73.000000000000	0.0000000000000
1.6720000505447	-0.61025160551071	-0.14096435904503	73.000000000000	0.0000000000000
1.6759999990463	-0.61263936758041	-0.13479579985142	73.000000000000	0.0000000000000
1.6799999475479	-0.61499202251434	-0.12847693264484	73.000000000000	0.0000000000000
1.6840000152588	-0.61730462312698	-0.12200389057398	73.000000000000	0.0000000000000
1.6879999637604	-0.61957180500031	-0.11537323892117	73.000000000000	0.0000000000000
1.6920000314713	-0.62178784608841	-0.10858105868101	73.000000000000	0.0000000000000
1.6959999799728	-0.62394678592682	-0.10162425786257	73.000000000000	0.0000000000000
1.7000000476837	-0.62604236602783	-0.094499513506889	73.000000000000	0.0000000000000
1.7039999961853	-0.62806791067123	-0.087203934788704	73.000000000000	0.0000000000000
1.7079999446869	-0.63001632690430	-0.079734675586224	73.000000000000	0.0000000000000
1.7120000123978	-0.63188052177429	-0.072089210152626	73.000000000000	0.0000000000000
1.7159999608994	-0.63365286588669	-0.064265057444572	73.000000000000	0.0000000000000
1.7200000286102	-0.63532543182373	-0.056260544806719	73.000000000000	0.0000000000000
1.7239999771118	-0.63689023256302	-0.048073653131723	73.000000000000	0.0000000000000
1.7280000448227	-0.63833886384964	-0.039703391492367	73.000000000000	0.0000000000000
1.7319999933243	-0.63966250419617	-0.031148398295045	73.000000000000	0.0000000000000
1.7359999418259	-0.64085245132446	-0.022407945245504	73.000000000000	0.0000000000000
1.7400000095367	-0.64189940690994	-0.013481908477843	73.000000000000	0.0000000000000
1.7439999580383	-0.64279419183731	-0.0043705110438168	73.000000000000	0.0000000000000
1.7480000257492	-0.64352715015411	0.0049259853549302	73.000000000000	0.0000000000000
1.7519999742508	-0.64408868551254	0.014406332746148	73.000000000000	0.0000000000000
1.7560000419617	-0.64446884393692	0.024069510400295	73.000000000000	0.0000000000000
1.7599999904633	-0.64465755224228	0.033913470804691	73.000000000000	0.0000000000000
1.7640000581741	-0.64464485645294	0.043935768306255	73.000000000000	0.0000000000000
1.7680000066757	-0.64442044496536	0.054133795201778	73.000000000000	0.0000000000000
1.7719999551773	-0.64397412538528	0.064503908157349	73.000000000000	0.0000000000000
1.7760000228882	-0.64329552650452	0.075042605400085	73.000000000000	0.0000000000000
1.7799999713898	-0.64237427711487	0.085744991898537	73.000000000000	0.0000000000000
1.7840000391006	-0.64120006561279	0.096606910228729	73.000000000000	0.0000000000000
1.7879999876022	-0.63976281881332	0.10762233287096	73.000000000000	0.0000000000000
1.7920000553131	-0.63805192708969	0.11878549307585	73.000000000000	0.0000000000000
1.7960000038147	-0.63605761528015	0.13008984923363	73.000000000000	0.0000000000000
1.7999999523163	-0.63376957178116	0.14152844250202	73.000000000000	0.0000000000000
1.8040000200272	-0.63117814064026	0.15309339761734	73.000000000000	0.0000000000000
1.8079999685287	-0.62827366590500	0.16477672755718	73.000000000000	0.0000000000000
1.8120000362396	-0.62504649162292	0.17656964063644	73.000000000000	0.0000000000000
1.8159999847412	-0.62148749828339	0.18846289813519	73.000000000000	0.0000000000000
1.8200000524521	-0.61758780479431	0.20044669508934	73.000000000000	0.0000000000000
1.8240000009537	-0.61333864927292	0.21251070499420	73.000000000000	0.0000000000000
1.8279999494553	-0.60873150825500	0.22464412450790	73.000000000000	0.0000000000000
1.8320000171661	-0.60375875234604	0.23683562874794	73.000000000000	0.0000000000000
1.8359999656677	-0.59841239452362	0.24907322227955	73.000000000000	0.0000000000000
1.8400000333786	-0.59268563985825	0.26134461164474	73.000000000000	0.0000000000000
1.8439999818802	-0.58657145500183	0.27363705635071	73.000000000000	0.0000000000000
1.8480000495911	-0.58006381988525	0.28593724966049	73.000000000000	0.0000000000000
1.8519999980927	-0.57315665483475	0.29823139309883	73.000000000000	0.0000000000000
1.8559999465942	-0.56584483385086	0.31050565838814	73.000000000000	0.0000000000000
1.8600000143051	-0.55812370777130	0.32274529337883	73.000000000000	0.0000000000000
1.8639999628067	-0.54998916387558	0.33493554592133	73.000000000000	0.0000000000000
1.8680000305176	-0.54143744707108	0.34706115722656	73.000000000000	0.0000000000000
1.8719999790192	-0.53246587514877	0.35910648107529	73.000000000000	0.0000000000000
1.8760000467300	-0.52307212352753	0.37105596065521	73.000000000000	0.0000000000000
1.8799999952316	-0.51325446367264	0.38289335370064	73.000000000000	0.0000000000000
1.8839999437332	-0.50301188230515	0.39460226893425	73.000000000000	0.0000000000000
1.8880000114441	-0.49234420061111	0.40616631507874	73.000000000000	0.0000000000000
1.8919999599457	-0.48125195503235	0.41756883263588	73.000000000000	0.0000000000000
1.8960000276566	-0.46973621845245	0.42879280447960	73.000000000000	0.0000000000000
1.8999999761581	-0.45779871940613	0.43982157111168	73.000000000000	0.0000000000000
1.9040000438690	-0.44544225931168	0.45063793659210	73.000000000000	0.0000000000000
1.9079999923706	-0.43267050385475	0.46122461557388	73.000000000000	0.0000000000000
1.9119999408722	-0.41948720812798	0.47156515717506	73.000000000000	0.0000000000000
1.9160000085831	-0.40589728951454	0.48164215683937	73.000000000000	0.0000000000000
1.9199999570847	-0.39190649986267	0.49143886566162	73.000000000000	0.0000000000000
1.9240000247955	-0.37752154469490	0.50093835592270	73.000000000000	0.0000000000000
1.9279999732971	-0.36274915933609	0.51012414693832	73.000000000000	0.0000000000000
1.9320000410080	-0.34759780764580	0.51897954940796	73.000000000000	0.0000000000000
1.9359999895096	-0.33207583427429	0.52748829126358	73.000000000000	0.0000000000000
1.9400000572205	-0.31619286537170	0.53563457727432	73.000000000000	0.0000000000000
1.9440000057220	-0.29995918273926	0.54340273141861	73.000000000000	0.0000000000000
1.9479999542236	-0.28338575363159	0.55077731609344	73.000000000000	0.0000000000000
1.9520000219345	-0.26648434996605	0.55774348974228	73.000000000000	0.0000000000000
1.9559999704361	-0.24926708638668	0.56428641080856	73.000000000000	0.0000000000000
1.9600000381470	-0.23174719512463	0.57039213180542	73.000000000000	0.0000000000000
1.9639999866486	-0.21393853425980	0.57604718208313	73.000000000000	0.0000000000000
1.9680000543594	-0.19585531949997	0.58123809099197	73.000000000000	0.0000000000000
1.9720000028610	-0.17751291394234	0.58595257997513	73.000000000000	0.0000000000000
1.9759999513626	-0.15892659127712	0.59017854928970	73.000000000000	0.0000000000000
1.9800000190735	-0.14011289179325	0.59390455484390	73.000000000000	0.0000000000000
1.9839999675751	-0.12108840048313	0.59711998701096	73.000000000000	0.0000000000000
1.9880000352859	-0.10187048465014	0.59981471300125	73.000000000000	0.0000000000000
1.9919999837875	-0.082477122545242	0.60197925567627	73.000000000000	0.0000000000000
1.9960000514984	-0.062926270067692	0.60360509157181	73.000000000000	0.0000000000000
2.0000000000000	-0.043236974626780	0.60468435287476	73.000000000000	0.0000000000000
2.0039999485016	-0.023428231477737	0.60520970821381	73.000000000000	0.0000000000000
2.0079998970032	-0.0035193471703678	0.60517495870590	73.000000000000	0.0000000000000
2.0120000839233	0.016469629481435	0.60457462072372	73.000000000000	0.0000000000000
2.0160000324249	0.036518663167953	0.60340380668640	73.000000000000	0.0000000000000
2.0199999809265	0.056607618927956	0.60165882110596	73.000000000000	0.0000000000000
2.0239999294281	0.076715692877769	0.59933656454086	73.000000000000	0.0000000000000
2.0280001163483	0.096822328865528	0.59643483161926	73.000000000000	0.0000000000000
2.0320000648499	0.11690659821033	0.59295254945755	73.000000000000	0.0000000000000
2.0360000133514	0.13694772124290	0.58888900279999	73.000000000000	0.0000000000000
2.0399999618530	0.15692433714867	0.58424502611160	73.000000000000	0.0000000000000
2.0439999103546	0.17681577801704	0.57902175188065	73.000000000000	0.0000000000000
2.0480000972748	0.19660115242004	0.57322174310684	73.000000000000	0.0000000000000
2.0520000457764	0.21625927090645	0.56684786081314	73.000000000000	0.0000000000000
2.0559999942780	0.23576954007149	0.55990433692932	73.000000000000	0.0000000000000
2.0599999427795	0.25511148571968	0.55239605903625	73.000000000000	0.0000000000000
2.0639998912811	0.27426457405090	0.54432892799377	73.000000000000	0.0000000000000
2.0680000782013	0.29320877790451	0.53570961952209	73.000000000000	0.0000000000000
2.0720000267029	0.31192401051521	0.52654564380646	73.000000000000	0.0000000000000
2.0759999752045	0.33039104938507	0.51684534549713	73.000000000000	0.0000000000000
2.0799999237061	0.34859058260918	0.50661790370941	73.000000000000	0.0000000000000
2.0840001106262	0.36650380492210	0.49587339162827	73.000000000000	0.0000000000000
2.0880000591278	0.38411262631416	0.48462262749672	73.000000000000	0.0000000000000
2.0920000076294	0.40139904618263	0.47287708520889	73.000000000000	0.0000000000000
2.0959999561310	0.41834571957588	0.46064913272858	73.000000000000	0.0000000000000
2.0999999046326	0.43493607640266	0.44795179367065	73.000000000000	0.0000000000000
2.1040000915527	0.45115384459496	0.43479871749878	73.000000000000	0.0000000000000
2.1080000400543	0.46698331832886	0.42120426893234	73.000000000000	0.0000000000000
2.1119999885559	0.48240989446640	0.40718343853951	73.000000000000	0.0000000000000
2.1159999370575	0.49741902947426	0.39275187253952	73.000000000000	0.0000000000000
2.1199998855591	0.51199740171432	0.37792560458183	73.000000000000	0.0000000000000
2.1240000724792	0.52613204717636	0.36272141337395	73.000000000000	0.0000000000000
2.1280000209808	0.53981101512909	0.34715646505356	73.000000000000	0.0000000000000
2.1319999694824	0.55302292108536	0.33124834299088	73.000000000000	0.0000000000000
2.1359999179840	0.56575739383698	0.31501513719559	73.000000000000	0.0000000000000
2.1400001049042	0.57800453901291	0.29847523570061	73.000000000000	0.0000000000000
2.1440000534058	0.58975565433502	0.28164741396904	73.000000000000	0.0000000000000
2.1480000019073	0.60100245475769	0.26455074548721	73.000000000000	0.0000000000000
2.1519999504089	0.61173808574677	0.24720458686352	73.000000000000	0.0000000000000
2.1559998989105	0.62195599079132	0.22962845861912	73.000000000000	0.0000000000000
2.1600000858307	0.63165080547333	0.21184208989143	73.000000000000	0.0000000000000
2.1640000343323	0.64081782102585	0.19386532902718	73.000000000000	0.0000000000000
2.1679999828339	0.64945334196091	0.17571814358234	73.000000000000	0.0000000000000
2.1719999313354	0.65755456686020	0.15742051601410	73.000000000000	0.0000000000000
2.1760001182556	0.66511940956116	0.13899245858192	73.000000000000	0.0000000000000
2.1800000667572	0.67214685678482	0.12045395374298	73.000000000000	0.0000000000000
2.1840000152588	0.67863649129868	0.10182490199804	73.000000000000	0.0000000000000
2.1879999637604	0.68458902835846	0.083125099539757	73.000000000000	0.0000000000000
2.1919999122620	0.69000583887100	0.064374163746834	73.000000000000	0.0000000000000
2.1960000991821	0.69488924741745	0.045591548085213	73.000000000000	0.0000000000000
2.2000000476837	0.69924229383469	0.026796450838447	73.000000000000	0.0000000000000
2.2039999961853	0.70306879281998	0.0080078206956387	73.000000000000	0.0000000000000
2.2079999446869	0.70637351274490	-0.010755723342299	73.000000000000	0.0000000000000
2.2119998931885	0.70916175842285	-0.029475891962647	73.000000000000	0.0000000000000
2.2160000801086	0.71143984794617	-0.048134785145521	73.000000000000	0.0000000000000
2.2200000286102	0.71321457624435	-0.066714897751808	73.000000000000	0.0000000000000
2.2239999771118	0.71449357271194	-0.085199184715748	73.000000000000	0.0000000000000
2.2279999256134	0.71528494358063	-0.10357104241848	73.000000000000	0.0000000000000
2.2320001125336	0.71559774875641	-0.12181444466114	73.000000000000	0.0000000000000
2.2360000610352	0.71544152498245	-0.13991379737854	73.000000000000	0.0000000000000
2.2400000095367	0.71482604742050	-0.15785409510136	73.000000000000	0.0000000000000
2.2439999580383	0.71376234292984	-0.17562098801136	73.000000000000	0.0000000000000
2.2479999065399	0.71226131916046	-0.19320061802864	73.000000000000	0.0000000000000
2.2520000934601	0.71033465862274	-0.21057981252670	73.000000000000	0.0000000000000
2.2560000419617	0.70799440145493	-0.22774596512318	73.000000000000	0.0000000000000
2.2599999904633	0.70525324344635	-0.24468728899956	73.000000000000	0.0000000000000
2.2639999389648	0.70212393999100	-0.26139247417450	73.000000000000	0.0000000000000
2.2679998874664	0.69861954450607	-0.27785104513168	73.000000000000	0.0000000000000
2.2720000743866	0.69475394487381	-0.29405310750008	73.000000000000	0.0000000000000
2.2760000228882	0.69054067134857	-0.30998960137367	73.000000000000	0.0000000000000
2.2799999713898	0.68599390983582	-0.32565197348595	73.000000000000	0.0000000000000
2.2839999198914	0.68112772703171	-0.34103259444237	73.000000000000	0.0000000000000
2.2880001068115	0.67595672607422	-0.35612449049950	73.000000000000	0.0000000000000
2.2920000553131	0.67049521207809	-0.37092134356499	73.000000000000	0.0000000000000
2.2960000038147	0.66475802659988	-0.38541764020920	73.000000000000	0.0000000000000
2.2999999523163	0.65875965356827	-0.39960843324661	73.000000000000	0.0000000000000
2.3039999008179	0.65251475572586	-0.41348972916603	73.000000000000	0.0000000000000
2.3080000877380	0.64603799581528	-0.42705795168877	73.000000000000	0.0000000000000
2.3120000362396	0.63934409618378	-0.44031050801277	73.000000000000	0.0000000000000
2.3159999847412	0.63244730234146	-0.45324528217316	73.000000000000	0.0000000000000
2.3199999332428	0.62536221742630	-0.46586090326309	73.000000000000	0.0000000000000
2.3239998817444	0.61810284852982	-0.47815656661987	73.000000000000	0.0000000000000
2.3280000686646	0.61068332195282	-0.49013233184814	73.000000000000	0.0000000000000
2.3320000171661	0.60311758518219	-0.50178867578506	73.000000000000	0.0000000000000
2.3359999656677	0.59541893005371	-0.51312661170959	73.000000000000	0.0000000000000
2.3399999141693	0.58760088682175	-0.52414816617966	73.000000000000	0.0000000000000
2.3440001010895	0.57967627048492	-0.53485548496246	73.000000000000	0.0000000000000
2.3480000495911	0.57165795564651	-0.54525130987167	73.000000000000	0.0000000000000
2.3519999980927	0.56355792284012	-0.55533915758133	73.000000000000	0.0000000000000
2.3559999465942	0.55538851022720	-0.56512278318405	73.000000000000	0.0000000000000
2.3599998950958	0.54716110229492	-0.57460665702820	73.000000000000	0.0000000000000
2.3640000820160	0.53888678550720	-0.58379542827606	73.000000000000	0.0000000000000
2.3680000305176	0.53057628870010	-0.59269446134567	73.000000000000	0.0000000000000
2.3719999790192	0.52223998308182	-0.60130906105042	73.000000000000	0.0000000000000
2.3759999275208	0.51388770341873	-0.60964536666870	73.000000000000	0.0000000000000
2.3800001144409	0.50552862882614	-0.61770969629288	73.000000000000	0.0000000000000
2.3840000629425	0.49717187881470	-0.62550848722458	73.000000000000	0.0000000000000
2.3880000114441	0.48882547020912	-0.63304865360260	73.000000000000	0.0000000000000
2.3919999599457	0.48049765825272	-0.64033722877502	73.000000000000	0.0000000000000
2.3959999084473	0.47219571471214	-0.64738166332245	73.000000000000	0.0000000000000
2.4000000953674	0.46392667293549	-0.65418922901154	73.000000000000	0.0000000000000
2.4040000438690	0.45569646358490	-0.66076779365540	73.000000000000	0.0000000000000
2.4079999923706	0.44751152396202	-0.66712498664856	73.000000000000	0.0000000000000
2.4119999408722	0.43937674164772	-0.67326867580414	73.000000000000	0.0000000000000
2.4159998893738	0.43129742145538	-0.67920684814453	73.000000000000	0.0000000000000
2.4200000762939	0.42327746748924	-0.68494749069214	73.000000000000	0.0000000000000
2.4240000247955	0.41532120108604	-0.69049853086472	73.000000000000	0.0000000000000
2.4279999732971	0.40743169188499	-0.69586807489395	73.000000000000	0.0000000000000
2.4319999217987	0.39961212873459	-0.70106375217438	73.000000000000	0.0000000000000
2.4360001087189	0.39186483621597	-0.70609390735626	73.000000000000	0.0000000000000
2.4400000572205	0.38419160246849	-0.71096581220627	73.000000000000	0.0000000000000
2.4440000057220	0.37659457325935	-0.71568751335144	73.000000000000	0.0000000000000
2.4479999542236	0.36907413601875	-0.72026622295380	73.000000000000	0.0000000000000
2.4519999027252	0.36163148283958	-0.72470957040787	73.000000000000	0.0000000000000
2.4560000896454	0.35426694154739	-0.72902458906174	73.000000000000	0.0000000000000
2.4600000381470	0.34698066115379	-0.73321825265884	73.000000000000	0.0000000000000
2.4639999866486	0.33977165818214	-0.73729753494263	73.000000000000	0.0000000000000
2.4679999351501	0.33263945579529	-0.74126881361008	73.000000000000	0.0000000000000
2.4719998836517	0.32558327913284	-0.74513846635818	73.000000000000	0.0000000000000
2.4760000705719	0.31860131025314	-0.74891251325607	73.000000000000	0.0000000000000
2.4800000190735	0.31169229745865	-0.75259655714035	73.000000000000	0.0000000000000
2.4839999675751	0.30485406517982	-0.75619637966156	73.000000000000	0.0000000000000
2.4879999160767	0.29808473587036	-0.75971704721451	73.000000000000	0.0000000000000
2.4920001029968	0.29138171672821	-0.76316338777542	73.000000000000	0.0000000000000
2.4960000514984	0.28474226593971	-0.76654005050659	73.000000000000	0.0000000000000
2.5000000000000	0.27816441655159	-0.76985138654709	73.000000000000	0.0000000000000
2.5039999485016	0.27164480090141	-0.77310109138489	73.000000000000	0.0000000000000
2.5079998970032	0.26518031954765	-0.77629315853119	73.000000000000	0.0000000000000
2.5120000839233	0.25876793265343	-0.77943062782288	73.000000000000	0.0000000000000
2.5160000324249	0.25240477919579	-0.78251665830612	73.000000000000	0.0000000000000
2.5199999809265	0.24608731269836	-0.78555375337601	73.000000000000	0.0000000000000
2.5239999294281	0.23981249332428	-0.78854447603226	73.000000000000	0.0000000000000
2.5280001163483	0.23357686400414	-0.79149073362350	73.000000000000	0.0000000000000
2.5320000648499	0.22737717628479	-0.79439431428909	73.000000000000	0.0000000000000
2.5360000133514	0.22121024131775	-0.79725670814514	73.000000000000	0.0000000000000
2.5399999618530	0.21507258713245	-0.80007886886597	73.000000000000	0.0000000000000
2.5439999103546	0.20896144211292	-0.80286180973053	73.000000000000	0.0000000000000
2.5480000972748	0.20287346839905	-0.80560606718063	73.000000000000	0.0000000000000
2.5520000457764	0.19680559635162	-0.80831205844879	73.000000000000	0.0000000000000
2.5559999942780	0.19075512886047	-0.81097978353500	73.000000000000	0.0000000000000
2.5599999427795	0.18471895158291	-0.81360900402069	73.000000000000	0.0000000000000
2.5639998912811	0.17869491875172	-0.81619942188263	73.000000000000	0.0000000000000
2.5680000782013	0.17268009483814	-0.81875032186508	73.000000000000	0.0000000000000
2.5720000267029	0.16667267680168	-0.82126086950302	73.000000000000	0.0000000000000
2.5759999752045	0.16066999733448	-0.82373034954071	73.000000000000	0.0000000000000
2.5799999237061	0.15467020869255	-0.82615721225739	73.000000000000	0.0000000000000
2.5840001106262	0.14867188036442	-0.82854038476944	73.000000000000	0.0000000000000
2.5880000591278	0.14267303049564	-0.83087831735611	73.000000000000	0.0000000000000
2.5920000076294	0.13667224347591	-0.83316946029663	73.000000000000	0.0000000000000
2.5959999561310	0.13066865503788	-0.83541202545166	73.000000000000	0.0000000000000
2.5999999046326	0.12466110289097	-0.83760446310043	73.000000000000	0.0000000000000
2.6040000915527	0.11864881217480	-0.83974474668503	73.000000000000	0.0000000000000
2.6080000400543	0.11263130605221	-0.84183102846146	73.000000000000	0.0000000000000
2.6119999885559	0.10660876333714	-0.84386146068573	73.000000000000	0.0000000000000
2.6159999370575	0.10058014839888	-0.84583401679993	73.000000000000	0.0000000000000
2.6199998855591	0.094545960426331	-0.84774672985077	73.000000000000	0.0000000000000
2.6240000724792	0.088506720960140	-0.84959763288498	73.000000000000	0.0000000000000
2.6280000209808	0.082463048398495	-0.85138499736786	73.000000000000	0.0000000000000
2.6319999694824	0.076414965093136	-0.85310673713684	73.000000000000	0.0000000000000
2.6359999179840	0.070364400744438	-0.85476106405258	73.000000000000	0.0000000000000
2.6400001049042	0.064311526715755	-0.85634630918503	73.000000000000	0.0000000000000
2.6440000534058	0.058258179575205	-0.85786086320877	73.000000000000	0.0000000000000
2.6480000019073	0.052205834537745	-0.85930305719376	73.000000000000	0.0000000000000
2.6519999504089	0.046155631542206	-0.86067140102386	73.000000000000	0.0000000000000
2.6559998989105	0.040110174566507	-0.86196476221085	73.000000000000	0.0000000000000
2.6600000858307	0.034070681780577	-0.86318171024323	73.000000000000	0.0000000000000
2.6640000343323	0.028039639815688	-0.86432129144669	73.000000000000	0.0000000000000
2.6679999828339	0.022018751129508	-0.86538261175156	73.000000000000	0.0000000000000
2.6719999313354	0.016010778024793	-0.86636483669281	73.000000000000	0.0000000000000
2.6760001182556	0.010017886757851	-0.86726748943329	73.000000000000	0.0000000000000
2.6800000667572	0.0040426747873425	-0.86809009313583	73.000000000000	0.0000000000000
2.6840000152588	-0.0019124486716464	-0.86883223056793	73.000000000000	0.0000000000000
2.6879999637604	-0.0078448634594679	-0.86949408054352	73.000000000000	0.0000000000000
2.6919999122620	-0.013751944527030	-0.87007576227188	73.000000000000	0.0000000000000
2.6960000991821	-0.019631071016192	-0.87057733535767	73.000000000000	0.0000000000000
2.7000000476837	-0.025479422882199	-0.87099939584732	73.000000000000	0.0000000000000
2.7039999961853	-0.031294614076614	-0.87134271860123	73.000000000000	0.0000000000000
2.7079999446869	-0.037073459476233	-0.87160801887512	73.000000000000	0.0000000000000
2.7119998931885	-0.042814012616873	-0.87179636955261	73.000000000000	0.0000000000000
2.7160000801086	-0.048513159155846	-0.87190902233124	73.000000000000	0.0000000000000
2.7200000286102	-0.054168619215488	-0.87194734811783	73.000000000000	0.0000000000000
2.7239999771118	-0.059777762740850	-0.87191283702850	73.000000000000	0.0000000000000
2.7279999256134	-0.065338410437107	-0.87180751562119	73.000000000000	0.0000000000000
2.7320001125336	-0.070848017930984	-0.87163287401199	73.000000000000	0.0000000000000
2.7360000610352	-0.076304532587528	-0.87139111757278	73.000000000000	0.0000000000000
2.7400000095367	-0.081705734133720	-0.87108457088470	73.000000000000	0.0000000000000
2.7439999580383	-0.087049894034863	-0.87071543931961	73.000000000000	0.0000000000000
2.7479999065399	-0.092334926128387	-0.87028616666794	73.000000000000	0.0000000000000
2.7520000934601	-0.097559243440628	-0.86979931592941	73.000000000000	0.0000000000000
2.7560000419617	-0.10272153466940	-0.86925774812698	73.000000000000	0.0000000000000
2.7599999904633	-0.10781970620155	-0.86866402626038	73.000000000000	0.0000000000000
2.7639999389648	-0.11285343021154	-0.86802124977112	73.000000000000	0.0000000000000
2.7679998874664	-0.11782076954842	-0.86733222007751	73.000000000000	0.0000000000000
2.7720000743866	-0.12272198498249	-0.86660003662109	73.000000000000	0.0000000000000
2.7760000228882	-0.12755486369133	-0.86582779884338	73.000000000000	0.0000000000000
2.7799999713898	-0.13232018053532	-0.86501848697662	73.000000000000	0.0000000000000
2.7839999198914	-0.13701714575291	-0.86417531967163	73.000000000000	0.0000000000000
2.7880001068115	-0.14164502918720	-0.86330157518387	73.000000000000	0.0000000000000
2.7920000553131	-0.14620520174503	-0.86240017414093	73.000000000000	0.0000000000000
2.7960000038147	-0.15069627761841	-0.86147451400757	73.000000000000	0.0000000000000
2.7999999523163	-0.15512017905712	-0.86052745580673	73.000000000000	0.0000000000000
2.8039999008179	-0.15947601199150	-0.85956239700317	73.000000000000	0.0000000000000
2.8080000877380	-0.16376583278179	-0.85858213901520	73.000000000000	0.0000000000000
2.8120000362396	-0.16799005866051	-0.85758978128433	73.000000000000	0.0000000000000
2.8159999847412	-0.17214962840080	-0.85658836364746	73.000000000000	0.0000000000000
2.8199999332428	-0.17624586820602	-0.85558050870895	73.000000000000	0.0000000000000
2.8239998817444	-0.18028059601784	-0.85456901788712	73.000000000000	0.0000000000000
2.8280000686646	-0.18425484001637	-0.85355675220490	73.000000000000	0.0000000000000
2.8320000171661	-0.18817082047462	-0.85254585742950	73.000000000000	0.0000000000000
2.8359999656677	-0.19203044474125	-0.85153901576996	73.000000000000	0.0000000000000
2.8399999141693	-0.19583478569984	-0.85053861141205	73.000000000000	0.0000000000000
2.8440001010895	-0.19958736002445	-0.84954649209976	73.000000000000	0.0000000000000
2.8480000495911	-0.20328971743584	-0.84856480360031	73.000000000000	0.0000000000000
2.8519999980927	-0.20694449543953	-0.84759521484375	73.000000000000	0.0000000000000
2.8559999465942	-0.21055367588997	-0.84663975238800	73.000000000000	0.0000000000000
2.8599998950958	-0.21411991119385	-0.84569960832596	73.000000000000	0.0000000000000
2.8640000820160	-0.21764591336250	-0.84477639198303	73.000000000000	0.0000000000000
2.8680000305176	-0.22113476693630	-0.84387099742889	73.000000000000	0.0000000000000
2.8719999790192	-0.22458831965923	-0.84298461675644	73.000000000000	0.0000000000000
2.8759999275208	-0.22800998389721	-0.84211802482605	73.000000000000	0.0000000000000
2.8800001144409	-0.23140235245228	-0.84127175807953	73.000000000000	0.0000000000000
2.8840000629425	-0.23476797342300	-0.84044641256332	73.000000000000	0.0000000000000
2.8880000114441	-0.23810938000679	-0.83964222669601	73.000000000000	0.0000000000000
2.8919999599457	-0.24143026769161	-0.83885914087296	73.000000000000	0.0000000000000
2.8959999084473	-0.24473266303539	-0.83809721469879	73.000000000000	0.0000000000000
2.9000000953674	-0.24801933765411	-0.83735609054565	73.000000000000	0.0000000000000
2.9040000438690	-0.25129306316376	-0.83663541078568	73.000000000000	0.0000000000000
2.9079999923706	-0.25455653667450	-0.83593451976776	73.000000000000	0.0000000000000
2.9119999408722	-0.25781199336052	-0.83525264263153	73.000000000000	0.0000000000000
2.9159998893738	-0.26106196641922	-0.83458876609802	73.000000000000	0.0000000000000
2.9200000762939	-0.26430904865265	-0.83394193649292	73.000000000000	0.0000000000000
2.9240000247955	-0.26755490899086	-0.83331090211868	73.000000000000	0.0000000000000
2.9279999732971	-0.27080276608467	-0.83269405364990	73.000000000000	0.0000000000000
2.9319999217987	-0.27405336499214	-0.83209019899368	73.000000000000	0.0000000000000
2.9360001087189	-0.27730938792229	-0.83149755001068	73.000000000000	0.0000000000000
2.9400000572205	-0.28057235479355	-0.83091437816620	73.000000000000	0.0000000000000
2.9440000057220	-0.28384402394295	-0.83033889532089	73.000000000000	0.0000000000000
2.9479999542236	-0.28712531924248	-0.82976919412613	73.000000000000	0.0000000000000
2.9519999027252	-0.29041871428490	-0.82920300960541	73.000000000000	0.0000000000000
2.9560000896454	-0.29372423887253	-0.82863843441010	73.000000000000	0.0000000000000
2.9600000381470	-0.29704350233078	-0.82807320356369	73.000000000000	0.0000000000000
2.9639999866486	-0.30037716031075	-0.82750523090363	73.000000000000	0.0000000000000
2.9679999351501	-0.30372551083565	-0.82693237066269	73.000000000000	0.0000000000000
2.9719998836517	-0.30708995461464	-0.82635188102722	73.000000000000	0.0000000000000
2.9760000705719	-0.31046992540359	-0.82576203346252	73.000000000000	0.0000000000000
2.9800000190735	-0.31386622786522	-0.82516008615494	73.000000000000	0.0000000000000
2.9839999675751	-0.31727868318558	-0.82454389333725	73.000000000000	0.0000000000000
2.9879999160767	-0.32070678472519	-0.82391124963760	73.000000000000	0.0000000000000
2.9920001029968	-0.32415065169334	-0.82325983047485	73.000000000000	0.0000000000000
2.9960000514984	-0.32760941982269	-0.82258749008179	73.000000000000	0.0000000000000
3.0000000000000	-0.33108296990395	-0.82189178466797	73.000000000000	0.0000000000000
3.0039999485016	-0.33456966280937	-0.82117110490799	73.000000000000	0.0000000000000
3.0079998970032	-0.33806899189949	-0.82042312622070	73.000000000000	0.0000000000000
3.0120000839233	-0.34158000349998	-0.81964594125748	73.000000000000	0.0000000000000
3.0160000324249	-0.34510126709938	-0.81883752346039	73.000000000000	0.0000000000000
3.0199999809265	-0.34863153100014	-0.81799632310867	73.000000000000	0.0000000000000
3.0239999294281	-0.35216891765594	-0.81712073087692	73.000000000000	0.0000000000000
3.0280001163483	-0.35571208596230	-0.81620919704437	73.000000000000	0.0000000000000
3.0320000648499	-0.35925924777985	-0.81526023149490	73.000000000000	0.0000000000000
3.0360000133514	-0.36280861496925	-0.81427252292633	73.000000000000	0.0000000000000
3.0399999618530	-0.36635839939117	-0.81324499845505	73.000000000000	0.0000000000000
3.0439999103546	-0.36990648508072	-0.81217658519745	73.000000000000	0.0000000000000
3.0480000972748	-0.37345066666603	-0.81106662750244	73.000000000000	0.0000000000000
3.0520000457764	-0.37698885798454	-0.80991417169571	73.000000000000	0.0000000000000
3.0559999942780	-0.38051894307137	-0.80871891975403	73.000000000000	0.0000000000000
3.0599999427795	-0.38403850793839	-0.80748045444489	73.000000000000	0.0000000000000
3.0639998912811	-0.38754591345787	-0.80619835853577	73.000000000000	0.0000000000000
3.0680000782013	-0.39103835821152	-0.80487257242203	73.000000000000	0.0000000000000
3.0720000267029	-0.39451390504837	-0.80350321531296	73.000000000000	0.0000000000000
3.0759999752045	-0.39796987175941	-0.80209076404572	73.000000000000	0.0000000000000
3.0799999237061	-0.40140491724014	-0.80063521862030	73.000000000000	0.0000000000000
3.0840001106262	-0.40481558442116	-0.79913765192032	73.000000000000	0.0000000000000
3.0880000591278	-0.40820062160492	-0.79759836196899	73.000000000000	0.0000000000000
3.0920000076294	-0.41155758500099	-0.79601854085922	73.000000000000	0.0000000000000
3.0959999561310	-0.41488450765610	-0.79439896345139	73.000000000000	0.0000000000000
3.0999999046326	-0.41817909479141	-0.79274094104767	73.000000000000	0.0000000000000
3.1040000915527	-0.42143994569778	-0.79104572534561	73.000000000000	0.0000000000000
3.1080000400543	-0.42466494441032	-0.78931474685669	73.000000000000	0.0000000000000
3.1119999885559	-0.42785283923149	-0.78754943609238	73.000000000000	0.0000000000000
3.1159999370575	-0.43100163340569	-0.78575146198273	73.000000000000	0.0000000000000
3.1199998855591	-0.43410950899124	-0.78392308950424	73.000000000000	0.0000000000000
3.1240000724792	-0.43717542290688	-0.78206580877304	73.000000000000	0.0000000000000
3.1280000209808	-0.44019845128059	-0.78018152713776	73.000000000000	0.0000000000000
3.1319999694824	-0.44317662715912	-0.77827268838882	73.000000000000	0.0000000000000
3.1359999179840	-0.44610989093781	-0.77634096145630	73.000000000000	0.0000000000000
3.1400001049042	-0.44899684190750	-0.77438890933990	73.000000000000	0.0000000000000
3.1440000534058	-0.45183736085892	-0.77241849899292	73.000000000000	0.0000000000000
3.1480000019073	-0.45463040471077	-0.77043223381042	73.000000000000	0.0000000000000
3.1519999504089	-0.45737534761429	-0.76843291521072	73.000000000000	0.0000000000000
3.1559998989105	-0.46007284522057	-0.76642197370529	73.000000000000	0.0000000000000
3.1600000858307	-0.46272188425064	-0.76440250873566	73.000000000000	0.0000000000000
3.1640000343323	-0.46532335877419	-0.76237642765045	73.000000000000	0.0000000000000
3.1679999828339	-0.46787717938423	-0.76034647226334	73.000000000000	0.0000000000000
3.1719999313354	-0.47038367390633	-0.75831484794617	73.000000000000	0.0000000000000
3.1760001182556	-0.47284388542175	-0.75628376007080	73.000000000000	0.0000000000000
3.1800000667572	-0.47525748610497	-0.75425606966019	73.000000000000	0.0000000000000
3.1840000152588	-0.47762641310692	-0.75223320722580	73.000000000000	0.0000000000000
3.1879999637604	-0.47995144128799	-0.75021761655807	73.000000000000	0.0000000000000
3.1919999122620	-0.48223355412483	-0.74821156263351	73.000000000000	0.0000000000000
3.1960000991821	-0.48447403311729	-0.74621707201004	73.000000000000	0.0000000000000
3.2000000476837	-0.48667418956757	-0.74423611164093	73.000000000000	0.0000000000000
3.2039999961853	-0.48883596062660	-0.74227017164230	73.000000000000	0.0000000000000
3.2079999446869	-0.49096050858498	-0.74032163619995	73.000000000000	0.0000000000000
3.2119998931885	-0.49305051565170	-0.73839128017426	73.000000000000	0.0000000000000
3.2160000801086	-0.49510684609413	-0.73648113012314	73.000000000000	0.0000000000000
3.2200000286102	-0.49713164567947	-0.73459273576736	73.000000000000	0.0000000000000
3.2239999771118	-0.49912762641907	-0.73272675275803	73.000000000000	0.0000000000000
3.2279999256134	-0.50109642744064	-0.73088455200195	73.000000000000	0.0000000000000
3.2320001125336	-0.50304037332535	-0.72906726598740	73.000000000000	0.0000000000000
3.2360000610352	-0.50496131181717	-0.72727566957474	73.000000000000	0.0000000000000
3.2400000095367	-0.50686210393906	-0.72551006078720	73.000000000000	0.0000000000000
3.2439999580383	-0.50874549150467	-0.72377091646194	73.000000000000	0.0000000000000
3.2479999065399	-0.51061278581619	-0.72205913066864	73.000000000000	0.0000000000000
3.2520000934601	-0.51246672868729	-0.72037458419800	73.000000000000	0.0000000000000
3.2560000419617	-0.51431000232697	-0.71871715784073	73.000000000000	0.0000000000000
3.2599999904633	-0.51614499092102	-0.71708679199219	73.000000000000	0.0000000000000
3.2639999389648	-0.51797336339951	-0.71548348665237	73.000000000000	0.0000000000000
3.2679998874664	-0.51979833841324	-0.71390634775162	73.000000000000	0.0000000000000
3.2720000743866	-0.52162170410156	-0.71235507726669	73.000000000000	0.0000000000000
3.2760000228882	-0.52344596385956	-0.71082866191864	73.000000000000	0.0000000000000
3.2799999713898	-0.52527338266373	-0.70932620763779	73.000000000000	0.0000000000000
3.2839999198914	-0.52710568904877	-0.70784687995911	73.000000000000	0.0000000000000
3.2880001068115	-0.52894496917725	-0.70638972520828	73.000000000000	0.0000000000000
3.2920000553131	-0.53079336881638	-0.70495295524597	73.000000000000	0.0000000000000
3.2960000038147	-0.53265291452408	-0.70353525876999	73.000000000000	0.0000000000000
3.2999999523163	-0.53452515602112	-0.70213496685028	73.000000000000	0.0000000000000
3.3039999008179	-0.53641140460968	-0.70075088739395	73.000000000000	0.0000000000000
3.3080000877380	-0.53831392526627	-0.69938063621521	73.000000000000	0.0000000000000
3.3120000362396	-0.54023349285126	-0.69802272319794	73.000000000000	0.0000000000000
3.3159999847412	-0.54217177629471	-0.69667500257492	73.000000000000	0.0000000000000
3.3199999332428	-0.54412966966629	-0.69533550739288	73.000000000000	0.0000000000000
3.3239998817444	-0.54610800743103	-0.69400233030319	73.000000000000	0.0000000000000
3.3280000686646	-0.54810816049576	-0.69267278909683	73.000000000000	0.0000000000000
3.3320000171661	-0.55013018846512	-0.69134527444839	73.000000000000	0.0000000000000
3.3359999656677	-0.55217528343201	-0.69001710414886	73.000000000000	0.0000000000000
3.3399999141693	-0.55424320697784	-0.68868619203568	73.000000000000	0.0000000000000
3.3440001010895	-0.55633443593979	-0.68735033273697	73.000000000000	0.0000000000000
3.3480000495911	-0.55844920873642	-0.68600690364838	73.000000000000	0.0000000000000
3.3519999980927	-0.56058716773987	-0.68465381860733	73.000000000000	0.0000000000000
3.3559999465942	-0.56274861097336	-0.68328869342804	73.000000000000	0.0000000000000
3.3599998950958	-0.56493240594864	-0.68190932273865	73.000000000000	0.0000000000000
3.3640000820160	-0.56713813543320	-0.68051362037659	73.000000000000	0.0000000000000
3.3680000305176	-0.56936556100845	-0.67909926176071	73.000000000000	0.0000000000000
3.3719999790192	-0.57161349058151	-0.67766416072845	73.000000000000	0.0000000000000
3.3759999275208	-0.57388097047806	-0.67620629072189	73.000000000000	0.0000000000000
3.3800001144409	-0.57616716623306	-0.67472344636917	73.000000000000	0.0000000000000
3.3840000629425	-0.57847023010254	-0.67321395874023	73.000000000000	0.0000000000000
3.3880000114441	-0.58078944683075	-0.67167586088181	73.000000000000	0.0000000000000
3.3919999599457	-0.58312302827835	-0.67010772228241	73.000000000000	0.0000000000000
3.3959999084473	-0.58546894788742	-0.66850781440735	73.000000000000	0.0000000000000
3.4000000953674	-0.58782583475113	-0.66687464714050	73.000000000000	0.0000000000000
3.4040000438690	-0.59019207954407	-0.66520673036575	73.000000000000	0.0000000000000
3.4079999923706	-0.59256589412689	-0.66350287199020	73.000000000000	0.0000000000000
3.4119999408722	-0.59494441747665	-0.66176229715347	73.000000000000	0.0000000000000
3.4159998893738	-0.59732693433762	-0.65998363494873	73.000000000000	0.0000000000000
3.4200000762939	-0.59970986843109	-0.65816646814346	73.000000000000	0.0000000000000
3.4240000247955	-0.60209232568741	-0.65630990266800	73.000000000000	0.0000000000000
3.4279999732971	-0.60447144508362	-0.65441352128983	73.000000000000	0.0000000000000
3.4319999217987	-0.60684496164322	-0.65247684717178	73.000000000000	0.0000000000000
3.4360001087189	-0.60921096801758	-0.65049982070923	73.000000000000	0.0000000000000
3.4400000572205	-0.61156725883484	-0.64848226308823	73.000000000000	0.0000000000000
3.4440000057220	-0.61391139030457	-0.64642447233200	73.000000000000	0.0000000000000
3.4479999542236	-0.61624121665955	-0.64432668685913	73.000000000000	0.0000000000000
3.4519999027252	-0.61855453252792	-0.64218920469284	73.000000000000	0.0000000000000
3.4560000896454	-0.62084937095642	-0.64001244306564	73.000000000000	0.0000000000000
3.4600000381470	-0.62312328815460	-0.63779747486115	73.000000000000	0.0000000000000
3.4639999866486	-0.62537425756454	-0.63554507493973	73.000000000000	0.0000000000000
3.4679999351501	-0.62760066986084	-0.63325631618500	73.000000000000	0.0000000000000
3.4719998836517	-0.62980020046234	-0.63093209266663	73.000000000000	0.0000000000000
3.4760000705719	-0.63197129964828	-0.62857377529144	73.000000000000	0.0000000000000
3.4800000190735	-0.63411211967468	-0.62618279457092	73.000000000000	0.0000000000000
3.4839999675751	-0.63622123003006	-0.62376052141190	73.000000000000	0.0000000000000
3.4879999160767	-0.63829696178436	-0.62130880355835	73.000000000000	0.0000000000000
3.4920001029968	-0.64033794403076	-0.61882936954498	73.000000000000	0.0000000000000
3.4960000514984	-0.64234286546707	-0.61632376909256	73.000000000000	0.0000000000000
3.5000000000000	-0.64431059360504	-0.61379408836365	73.000000000000	0.0000000000000
3.5039999485016	-0.64624023437500	-0.61124223470688	73.000000000000	0.0000000000000
3.5079998970032	-0.64813095331192	-0.60867017507553	73.000000000000	0.0000000000000
3.5120000839233	-0.64998185634613	-0.60608023405075	73.000000000000	0.0000000000000
3.5160000324249	-0.65179282426834	-0.60347425937653	73.000000000000	0.0000000000000
3.5199999809265	-0.65356278419495	-0.60085463523865	73.000000000000	0.0000000000000
3.5239999294281	-0.65529221296310	-0.59822344779968	73.000000000000	0.0000000000000
3.5280001163483	-0.65698021650314	-0.59558302164078	73.000000000000	0.0000000000000
3.5320000648499	-0.65862751007080	-0.59293550252914	73.000000000000	0.0000000000000
3.5360000133514	-0.66023427248001	-0.59028279781342	73.000000000000	0.0000000000000
3.5399999618530	-0.66180080175400	-0.58762753009796	73.000000000000	0.0000000000000
3.5439999103546	-0.66332745552063	-0.58497154712677	73.000000000000	0.0000000000000
3.5480000972748	-0.66481477022171	-0.58231723308563	73.000000000000	0.0000000000000
3.5520000457764	-0.66626417636871	-0.57966637611389	73.000000000000	0.0000000000000
3.5559999942780	-0.66767644882202	-0.57702112197876	73.000000000000	0.0000000000000
3.5599999427795	-0.66905260086060	-0.57438313961029	73.000000000000	0.0000000000000
3.5639998912811	-0.67039370536804	-0.57175457477570	73.000000000000	0.0000000000000
3.5680000782013	-0.67170166969299	-0.56913691759109	73.000000000000	0.0000000000000
3.5720000267029	-0.67297756671906	-0.56653219461441	73.000000000000	0.0000000000000
3.5759999752045	-0.67422366142273	-0.56394129991531	73.000000000000	0.0000000000000
3.5799999237061	-0.67544084787369	-0.56136614084244	73.000000000000	0.0000000000000
3.5840001106262	-0.67663168907166	-0.55880779027939	73.000000000000	0.0000000000000
3.5880000591278	-0.67779791355133	-0.55626749992371	73.000000000000	0.0000000000000
3.5920000076294	-0.67894148826599	-0.55374616384506	73.000000000000	0.0000000000000
3.5959999561310	-0.68006455898285	-0.55124479532242	73.000000000000	0.0000000000000
3.5999999046326	-0.68116921186447	-0.54876405000687	73.000000000000	0.0000000000000
3.6040000915527	-0.68225800991058	-0.54630434513092	73.000000000000	0.0000000000000
3.6080000400543	-0.68333280086517	-0.54386621713638	73.000000000000	0.0000000000000
3.6119999885559	-0.68439626693726	-0.54144990444183	73.000000000000	0.0000000000000
3.6159999370575	-0.68545043468475	-0.53905534744263	73.000000000000	0.0000000000000
3.6199998855591	-0.68649816513062	-0.53668248653412	73.000000000000	0.0000000000000
3.6240000724792	-0.68754136562347	-0.53433108329773	73.000000000000	0.0000000000000
3.6280000209808	-0.68858236074448	-0.53200083971024	73.000000000000	0.0000000000000
3.6319999694824	-0.68962347507477	-0.52969098091125	73.000000000000	0.0000000000000
3.6359999179840	-0.69066733121872	-0.52740079164505	73.000000000000	0.0000000000000
3.6400001049042	-0.69171577692032	-0.52512931823730	73.000000000000	0.0000000000000
3.6440000534058	-0.69277107715607	-0.52287548780441	73.000000000000	0.0000000000000
3.6480000019073	-0.69383555650711	-0.52063810825348	73.000000000000	0.0000000000000
3.6519999504089	-0.69491100311279	-0.51841580867767	73.000000000000	0.0000000000000
3.6559998989105	-0.69599944353104	-0.51620674133301	73.000000000000	0.0000000000000
3.6600000858307	-0.69710260629654	-0.51400971412659	73.000000000000	0.0000000000000
3.6640000343323	-0.69822263717651	-0.51182252168655	73.000000000000	0.0000000000000
3.6679999828339	-0.69936078786850	-0.50964331626892	73.000000000000	0.0000000000000
3.6719999313354	-0.70051842927933	-0.50747019052505	73.000000000000	0.0000000000000
3.6760001182556	-0.70169752836227	-0.50530052185059	73.000000000000	0.0000000000000
3.6800000667572	-0.70289868116379	-0.50313264131546	73.000000000000	0.0000000000000
3.6840000152588	-0.70412331819534	-0.50096368789673	73.000000000000	0.0000000000000
3.6879999637604	-0.70537215471268	-0.49879148602486	73.000000000000	0.0000000000000
3.6919999122620	-0.70664608478546	-0.49661344289780	73.000000000000	0.0000000000000
3.6960000991821	-0.70794564485550	-0.49442696571350	73.000000000000	0.0000000000000
3.7000000476837	-0.70927149057388	-0.49222916364670	73.000000000000	0.0000000000000
3.7039999961853	-0.71062374114990	-0.49001777172089	73.000000000000	0.0000000000000
3.7079999446869	-0.71200245618820	-0.48778975009918	73.000000000000	0.0000000000000
3.7119998931885	-0.71340751647949	-0.48554259538651	73.000000000000	0.0000000000000
3.7160000801086	-0.71483886241913	-0.48327323794365	73.000000000000	0.0000000000000
3.7200000286102	-0.71629565954208	-0.48097932338715	73.000000000000	0.0000000000000
3.7239999771118	-0.71777772903442	-0.47865816950798	73.000000000000	0.0000000000000
3.7279999256134	-0.71928399801254	-0.47630667686462	73.000000000000	0.0000000000000
3.7320001125336	-0.72081375122070	-0.47392237186432	73.000000000000	0.0000000000000
3.7360000610352	-0.72236573696136	-0.47150275111198	73.000000000000	0.0000000000000
3.7400000095367	-0.72393852472305	-0.46904537081718	73.000000000000	0.0000000000000
3.7439999580383	-0.72553080320358	-0.46654778718948	73.000000000000	0.0000000000000
3.7479999065399	-0.72714132070541	-0.46400701999664	73.000000000000	0.0000000000000
3.7520000934601	-0.72876763343811	-0.46142157912254	73.000000000000	0.0000000000000
3.7560000419617	-0.73040825128555	-0.45878872275352	73.000000000000	0.0000000000000
3.7599999904633	-0.73206090927124	-0.45610693097115	73.000000000000	0.0000000000000
3.7639999389648	-0.73372381925583	-0.45337373018265	73.000000000000	0.0000000000000
3.7679998874664	-0.73539435863495	-0.45058745145798	73.000000000000	0.0000000000000
3.7720000743866	-0.73707008361816	-0.44774660468102	73.000000000000	0.0000000000000
3.7760000228882	-0.73874872922897	-0.44484966993332	73.000000000000	0.0000000000000
3.7799999713898	-0.74042773246765	-0.44189471006393	73.000000000000	0.0000000000000
3.7839999198914	-0.74210417270660	-0.43888130784035	73.000000000000	0.0000000000000
3.7880001068115	-0.74377542734146	-0.43580800294876	73.000000000000	0.0000000000000
3.7920000553131	-0.74543875455856	-0.43267363309860	73.000000000000	0.0000000000000
3.7960000038147	-0.74709123373032	-0.42947795987129	73.000000000000	0.0000000000000
3.7999999523163	-0.74873012304306	-0.42621996998787	73.000000000000	0.0000000000000
3.8039999008179	-0.75035232305527	-0.42289957404137	73.000000000000	0.0000000000000
3.8080000877380	-0.75195473432541	-0.41951644420624	73.000000000000	0.0000000000000
3.8120000362396	-0.75353479385376	-0.41607066988945	73.000000000000	0.0000000000000
3.8159999847412	-0.75508958101273	-0.41256216168404	73.000000000000	0.0000000000000
3.8199999332428	-0.75661593675613	-0.40899139642715	73.000000000000	0.0000000000000
3.8239998817444	-0.75811105966568	-0.40535876154900	73.000000000000	0.0000000000000
3.8280000686646	-0.75957220792770	-0.40166479349136	73.000000000000	0.0000000000000
3.8320000171661	-0.76099675893784	-0.39791032671928	73.000000000000	0.0000000000000
3.8359999656677	-0.76238173246384	-0.39409646391869	73.000000000000	0.0000000000000
3.8399999141693	-0.76372462511063	-0.39022427797318	73.000000000000	0.0000000000000
3.8440001010895	-0.76502287387848	-0.38629466295242	73.000000000000	0.0000000000000
3.8480000495911	-0.76627427339554	-0.38230928778648	73.000000000000	0.0000000000000
3.8519999980927	-0.76747608184814	-0.37827003002167	73.000000000000	0.0000000000000
3.8559999465942	-0.76862633228302	-0.37417772412300	73.000000000000	0.0000000000000
3.8599998950958	-0.76972287893295	-0.37003475427628	73.000000000000	0.0000000000000
3.8640000820160	-0.77076381444931	-0.36584246158600	73.000000000000	0.0000000000000
3.8680000305176	-0.77174717187881	-0.36160320043564	73.000000000000	0.0000000000000
3.8719999790192	-0.77267152070999	-0.35731866955757	73.000000000000	0.0000000000000
3.8759999275208	-0.77353507280350	-0.35299110412598	73.000000000000	0.0000000000000
3.8800001144409	-0.77433639764786	-0.34862294793129	73.000000000000	0.0000000000000
3.8840000629425	-0.77507442235947	-0.34421589970589	73.000000000000	0.0000000000000
3.8880000114441	-0.77574807405472	-0.33977234363556	73.000000000000	0.0000000000000
3.8919999599457	-0.77635622024536	-0.33529463410378	73.000000000000	0.0000000000000
3.8959999084473	-0.77689820528030	-0.33078503608704	73.000000000000	0.0000000000000
3.9000000953674	-0.77737349271774	-0.32624593377113	73.000000000000	0.0000000000000
3.9040000438690	-0.77778148651123	-0.32167947292328	73.000000000000	0.0000000000000
3.9079999923706	-0.77812200784683	-0.31708782911301	73.000000000000	0.0000000000000
3.9119999408722	-0.77839499711990	-0.31247308850288	73.000000000000	0.0000000000000
3.9159998893738	-0.77860021591187	-0.30783793330193	73.000000000000	0.0000000000000
3.9200000762939	-0.77873802185059	-0.30318370461464	73.000000000000	0.0000000000000
3.9240000247955	-0.77880853414536	-0.29851308465004	73.000000000000	0.0000000000000
3.9279999732971	-0.77881217002869	-0.29382789134979	73.000000000000	0.0000000000000
3.9319999217987	-0.77874988317490	-0.28912985324860	73.000000000000	0.0000000000000
3.9360001087189	-0.77862197160721	-0.28442037105560	73.000000000000	0.0000000000000
3.9400000572205	-0.77842915058136	-0.27970179915428	73.000000000000	0.0000000000000
3.9440000057220	-0.77817255258560	-0.27497553825378	73.000000000000	0.0000000000000
3.9479999542236	-0.77785301208496	-0.27024236321449	73.000000000000	0.0000000000000
3.9519999027252	-0.77747166156769	-0.26550403237343	73.000000000000	0.0000000000000
3.9560000896454	-0.77702969312668	-0.26076176762581	73.000000000000	0.0000000000000
3.9600000381470	-0.77652806043625	-0.25601661205292	73.000000000000	0.0000000000000
3.9639999866486	-0.77596831321716	-0.25126883387566	73.000000000000	0.0000000000000
3.9679999351501	-0.77535146474838	-0.24651943147182	73.000000000000	0.0000000000000
3.9719998836517	-0.77467882633209	-0.24176897108555	73.000000000000	0.0000000000000
3.9760000705719	-0.77395188808441	-0.23701786994934	73.000000000000	0.0000000000000
3.9800000190735	-0.77317178249359	-0.23226587474346	73.000000000000	0.0000000000000
3.9839999675751	-0.77233988046646	-0.22751353681087	73.000000000000	0.0000000000000
3.9879999160767	-0.77145731449127	-0.22276046872139	73.000000000000	0.0000000000000
3.9920001029968	-0.77052533626556	-0.21800629794598	73.000000000000	0.0000000000000
3.9960000514984	-0.76954513788223	-0.21325059235096	73.000000000000	0.0000000000000
4.0000000000000	-0.76851755380630	-0.20849303901196	73.000000000000	0.0000000000000
