#Parameters = {d=60; L=50}
#"Frequency / GHz"	"S1,1 (d=60) [Re]"	"S1,1 (d=60) [Im]"	"Ref.Imp. [Re]"	"Ref.Imp. [Im]"
#---------------------------------------------------------------------------------------
0.0000000000000	1.0000000000000	-0.0000000000000	73.000000000000	0.0000000000000
0.0040000001899898	0.99995601177216	-0.0089401807636023	73.000000000000	0.0000000000000
0.0080000003799796	0.99982440471649	-0.017878891900182	73.000000000000	0.0000000000000
0.012000000104308	0.99960517883301	-0.026814663782716	73.000000000000	0.0000000000000
0.016000000759959	0.99929839372635	-0.035746037960052	73.000000000000	0.0000000000000
0.019999999552965	0.99890428781509	-0.044671565294266	73.000000000000	0.0000000000000
0.024000000208616	0.99842309951782	-0.053589817136526	73.000000000000	0.0000000000000
0.028000000864267	0.99785542488098	-0.062499385327101	73.000000000000	0.0000000000000
0.032000001519918	0.99720120429993	-0.071398869156837	73.000000000000	0.0000000000000
0.035999998450279	0.99646127223969	-0.080286949872971	73.000000000000	0.0000000000000
0.039999999105930	0.99563592672348	-0.089162260293961	73.000000000000	0.0000000000000
0.043999999761581	0.99472588300705	-0.098023518919945	73.000000000000	0.0000000000000
0.048000000417233	0.99373143911362	-0.10686948895454	73.000000000000	0.0000000000000
0.052000001072884	0.99265348911285	-0.11569894105196	73.000000000000	0.0000000000000
0.056000001728535	0.99149274826050	-0.12451073527336	73.000000000000	0.0000000000000
0.059999998658895	0.99024975299835	-0.13330371677876	73.000000000000	0.0000000000000
0.064000003039837	0.98892527818680	-0.14207683503628	73.000000000000	0.0000000000000
0.068000003695488	0.98752015829086	-0.15082901716232	73.000000000000	0.0000000000000
0.071999996900558	0.98603516817093	-0.15955936908722	73.000000000000	0.0000000000000
0.075999997556210	0.98447120189667	-0.16826693713665	73.000000000000	0.0000000000000
0.079999998211861	0.98282909393311	-0.17695085704327	73.000000000000	0.0000000000000
0.083999998867512	0.98110961914062	-0.18561033904552	73.000000000000	0.0000000000000
0.087999999523163	0.97931385040283	-0.19424463808537	73.000000000000	0.0000000000000
0.092000000178814	0.97744238376617	-0.20285303890705	73.000000000000	0.0000000000000
0.096000000834465	0.97549635171890	-0.21143491566181	73.000000000000	0.0000000000000
0.10000000149012	0.97347640991211	-0.21998971700668	73.000000000000	0.0000000000000
0.10400000214577	0.97138381004333	-0.22851689159870	73.000000000000	0.0000000000000
0.10800000280142	0.96921920776367	-0.23701600730419	73.000000000000	0.0000000000000
0.11200000345707	0.96698319911957	-0.24548660218716	73.000000000000	0.0000000000000
0.11599999666214	0.96467703580856	-0.25392836332321	73.000000000000	0.0000000000000
0.11999999731779	0.96230137348175	-0.26234096288681	73.000000000000	0.0000000000000
0.12399999797344	0.95985698699951	-0.27072408795357	73.000000000000	0.0000000000000
0.12800000607967	0.95734465122223	-0.27907761931419	73.000000000000	0.0000000000000
0.13199999928474	0.95476508140564	-0.28740134835243	73.000000000000	0.0000000000000
0.13600000739098	0.95211899280548	-0.29569512605667	73.000000000000	0.0000000000000
0.14000000059605	0.94940716028214	-0.30395886301994	73.000000000000	0.0000000000000
0.14399999380112	0.94663000106812	-0.31219252943993	73.000000000000	0.0000000000000
0.14800000190735	0.94378823041916	-0.32039606571198	73.000000000000	0.0000000000000
0.15199999511242	0.94088232517242	-0.32856947183609	73.000000000000	0.0000000000000
0.15600000321865	0.93791288137436	-0.33671277761459	73.000000000000	0.0000000000000
0.15999999642372	0.93488013744354	-0.34482604265213	73.000000000000	0.0000000000000
0.16400000452995	0.93178468942642	-0.35290929675102	73.000000000000	0.0000000000000
0.16799999773502	0.92862677574158	-0.36096265912056	73.000000000000	0.0000000000000
0.17200000584126	0.92540675401688	-0.36898615956306	73.000000000000	0.0000000000000
0.17599999904633	0.92212480306625	-0.37697988748550	73.000000000000	0.0000000000000
0.18000000715256	0.91878104209900	-0.38494393229485	73.000000000000	0.0000000000000
0.18400000035763	0.91537576913834	-0.39287841320038	73.000000000000	0.0000000000000
0.18799999356270	0.91190886497498	-0.40078330039978	73.000000000000	0.0000000000000
0.19200000166893	0.90838062763214	-0.40865874290466	73.000000000000	0.0000000000000
0.19599999487400	0.90479087829590	-0.41650477051735	73.000000000000	0.0000000000000
0.20000000298023	0.90113973617554	-0.42432132363319	73.000000000000	0.0000000000000
0.20399999618530	0.89742678403854	-0.43210843205452	73.000000000000	0.0000000000000
0.20800000429153	0.89365226030350	-0.43986612558365	73.000000000000	0.0000000000000
0.21199999749660	0.88981568813324	-0.44759428501129	73.000000000000	0.0000000000000
0.21600000560284	0.88591694831848	-0.45529273152351	73.000000000000	0.0000000000000
0.21999999880791	0.88195568323135	-0.46296146512032	73.000000000000	0.0000000000000
0.22400000691414	0.87793189287186	-0.47060021758080	73.000000000000	0.0000000000000
0.22800000011921	0.87384498119354	-0.47820881009102	73.000000000000	0.0000000000000
0.23199999332428	0.86969465017319	-0.48578694462776	73.000000000000	0.0000000000000
0.23600000143051	0.86548066139221	-0.49333426356316	73.000000000000	0.0000000000000
0.23999999463558	0.86120253801346	-0.50085049867630	73.000000000000	0.0000000000000
0.24400000274181	0.85685968399048	-0.50833511352539	73.000000000000	0.0000000000000
0.24799999594688	0.85245221853256	-0.51578766107559	73.000000000000	0.0000000000000
0.25200000405312	0.84797918796539	-0.52320772409439	73.000000000000	0.0000000000000
0.25600001215935	0.84344065189362	-0.53059452772141	73.000000000000	0.0000000000000
0.25999999046326	0.83883565664291	-0.53794759511948	73.000000000000	0.0000000000000
0.26399999856949	0.83416426181793	-0.54526609182358	73.000000000000	0.0000000000000
0.26800000667572	0.82942575216293	-0.55254942178726	73.000000000000	0.0000000000000
0.27200001478195	0.82461994886398	-0.55979669094086	73.000000000000	0.0000000000000
0.27599999308586	0.81974661350250	-0.56700706481934	73.000000000000	0.0000000000000
0.28000000119209	0.81480515003204	-0.57417953014374	73.000000000000	0.0000000000000
0.28400000929832	0.80979520082474	-0.58131325244904	73.000000000000	0.0000000000000
0.28799998760223	0.80471664667130	-0.58840721845627	73.000000000000	0.0000000000000
0.29199999570847	0.79956930875778	-0.59546029567719	73.000000000000	0.0000000000000
0.29600000381470	0.79435276985168	-0.60247135162354	73.000000000000	0.0000000000000
0.30000001192093	0.78906702995300	-0.60943937301636	73.000000000000	0.0000000000000
0.30399999022484	0.78371202945709	-0.61636298894882	73.000000000000	0.0000000000000
0.30799999833107	0.77828747034073	-0.62324112653732	73.000000000000	0.0000000000000
0.31200000643730	0.77279365062714	-0.63007247447968	73.000000000000	0.0000000000000
0.31600001454353	0.76723027229309	-0.63685566186905	73.000000000000	0.0000000000000
0.31999999284744	0.76159763336182	-0.64358961582184	73.000000000000	0.0000000000000
0.32400000095367	0.75589591264725	-0.65027272701263	73.000000000000	0.0000000000000
0.32800000905991	0.75012516975403	-0.65690380334854	73.000000000000	0.0000000000000
0.33199998736382	0.74428582191467	-0.66348141431808	73.000000000000	0.0000000000000
0.33599999547005	0.73837798833847	-0.67000418901443	73.000000000000	0.0000000000000
0.34000000357628	0.73240250349045	-0.67647069692612	73.000000000000	0.0000000000000
0.34400001168251	0.72635936737061	-0.68287968635559	73.000000000000	0.0000000000000
0.34799998998642	0.72024935483932	-0.68922960758209	73.000000000000	0.0000000000000
0.35199999809265	0.71407300233841	-0.69551926851273	73.000000000000	0.0000000000000
0.35600000619888	0.70783102512360	-0.70174705982208	73.000000000000	0.0000000000000
0.36000001430511	0.70152407884598	-0.70791178941727	73.000000000000	0.0000000000000
0.36399999260902	0.69515299797058	-0.71401214599609	73.000000000000	0.0000000000000
0.36800000071526	0.68871849775314	-0.72004675865173	73.000000000000	0.0000000000000
0.37200000882149	0.68222182989120	-0.72601437568665	73.000000000000	0.0000000000000
0.37599998712540	0.67566347122192	-0.73191380500793	73.000000000000	0.0000000000000
0.37999999523163	0.66904467344284	-0.73774373531342	73.000000000000	0.0000000000000
0.38400000333786	0.66236662864685	-0.74350303411484	73.000000000000	0.0000000000000
0.38800001144409	0.65563029050827	-0.74919068813324	73.000000000000	0.0000000000000
0.39199998974800	0.64883691072464	-0.75480544567108	73.000000000000	0.0000000000000
0.39599999785423	0.64198750257492	-0.76034635305405	73.000000000000	0.0000000000000
0.40000000596046	0.63508361577988	-0.76581245660782	73.000000000000	0.0000000000000
0.40400001406670	0.62812626361847	-0.77120280265808	73.000000000000	0.0000000000000
0.40799999237061	0.62111681699753	-0.77651667594910	73.000000000000	0.0000000000000
0.41200000047684	0.61405682563782	-0.78175300359726	73.000000000000	0.0000000000000
0.41600000858307	0.60694736242294	-0.78691130876541	73.000000000000	0.0000000000000
0.41999998688698	0.59979003667831	-0.79199057817459	73.000000000000	0.0000000000000
0.42399999499321	0.59258621931076	-0.79699057340622	73.000000000000	0.0000000000000
0.42800000309944	0.58533716201782	-0.80191045999527	73.000000000000	0.0000000000000
0.43200001120567	0.57804435491562	-0.80674988031387	73.000000000000	0.0000000000000
0.43599998950958	0.57070934772491	-0.81150829792023	73.000000000000	0.0000000000000
0.43999999761581	0.56333333253860	-0.81618547439575	73.000000000000	0.0000000000000
0.44400000572205	0.55591791868210	-0.82078111171722	73.000000000000	0.0000000000000
0.44800001382828	0.54846447706223	-0.82529479265213	73.000000000000	0.0000000000000
0.45199999213219	0.54097437858582	-0.82972645759583	73.000000000000	0.0000000000000
0.45600000023842	0.53344881534576	-0.83407592773438	73.000000000000	0.0000000000000
0.46000000834465	0.52588927745819	-0.83834332227707	73.000000000000	0.0000000000000
0.46399998664856	0.51829725503922	-0.84252822399139	73.000000000000	0.0000000000000
0.46799999475479	0.51067358255386	-0.84663110971451	73.000000000000	0.0000000000000
0.47200000286102	0.50301986932755	-0.85065186023712	73.000000000000	0.0000000000000
0.47600001096725	0.49533715844154	-0.85459065437317	73.000000000000	0.0000000000000
0.47999998927116	0.48762667179108	-0.85844767093658	73.000000000000	0.0000000000000
0.48399999737740	0.47988948225975	-0.86222302913666	73.000000000000	0.0000000000000
0.48800000548363	0.47212675213814	-0.86591696739197	73.000000000000	0.0000000000000
0.49200001358986	0.46433949470520	-0.86952990293503	73.000000000000	0.0000000000000
0.49599999189377	0.45652869343758	-0.87306219339371	73.000000000000	0.0000000000000
0.50000000000000	0.44869494438171	-0.87651395797729	73.000000000000	0.0000000000000
0.50400000810623	0.44083985686302	-0.87988555431366	73.000000000000	0.0000000000000
0.50800001621246	0.43296331167221	-0.88317745923996	73.000000000000	0.0000000000000
0.51200002431870	0.42506685853004	-0.88639008998871	73.000000000000	0.0000000000000
0.51599997282028	0.41715097427368	-0.88952368497849	73.000000000000	0.0000000000000
0.51999998092651	0.40921601653099	-0.89257872104645	73.000000000000	0.0000000000000
0.52399998903275	0.40126276016235	-0.89555555582047	73.000000000000	0.0000000000000
0.52799999713898	0.39329180121422	-0.89845448732376	73.000000000000	0.0000000000000
0.53200000524521	0.38530391454697	-0.90127587318420	73.000000000000	0.0000000000000
0.53600001335144	0.37729892134666	-0.90402013063431	73.000000000000	0.0000000000000
0.54000002145767	0.36927780508995	-0.90668737888336	73.000000000000	0.0000000000000
0.54400002956390	0.36124035716057	-0.90927821397781	73.000000000000	0.0000000000000
0.54799997806549	0.35318717360497	-0.91179251670837	73.000000000000	0.0000000000000
0.55199998617172	0.34511840343475	-0.91423082351685	73.000000000000	0.0000000000000
0.55599999427795	0.33703455328941	-0.91659319400787	73.000000000000	0.0000000000000
0.56000000238419	0.32893529534340	-0.91887962818146	73.000000000000	0.0000000000000
0.56400001049042	0.32082137465477	-0.92109042406082	73.000000000000	0.0000000000000
0.56800001859665	0.31269240379333	-0.92322552204132	73.000000000000	0.0000000000000
0.57200002670288	0.30454882979393	-0.92528504133224	73.000000000000	0.0000000000000
0.57599997520447	0.29639050364494	-0.92726874351501	73.000000000000	0.0000000000000
0.57999998331070	0.28821766376495	-0.92917656898499	73.000000000000	0.0000000000000
0.58399999141693	0.28003007173538	-0.93100857734680	73.000000000000	0.0000000000000
0.58799999952316	0.27182796597481	-0.93276435136795	73.000000000000	0.0000000000000
0.59200000762939	0.26361182332039	-0.93444353342056	73.000000000000	0.0000000000000
0.59600001573563	0.25538083910942	-0.93604600429535	73.000000000000	0.0000000000000
0.60000002384186	0.24713580310345	-0.93757122755051	73.000000000000	0.0000000000000
0.60399997234344	0.23887622356415	-0.93901884555817	73.000000000000	0.0000000000000
0.60799998044968	0.23060256242752	-0.94038826227188	73.000000000000	0.0000000000000
0.61199998855591	0.22231476008892	-0.94167906045914	73.000000000000	0.0000000000000
0.61599999666214	0.21401335299015	-0.94289052486420	73.000000000000	0.0000000000000
0.62000000476837	0.20569787919521	-0.94402194023132	73.000000000000	0.0000000000000
0.62400001287460	0.19736887514591	-0.94507277011871	73.000000000000	0.0000000000000
0.62800002098083	0.18902678787708	-0.94604206085205	73.000000000000	0.0000000000000
0.63200002908707	0.18067176640034	-0.94692921638489	73.000000000000	0.0000000000000
0.63599997758865	0.17230404913425	-0.94773328304291	73.000000000000	0.0000000000000
0.63999998569489	0.16392400860786	-0.94845330715179	73.000000000000	0.0000000000000
0.64399999380112	0.15553204715252	-0.94908845424652	73.000000000000	0.0000000000000
0.64800000190735	0.14712989330292	-0.94963777065277	73.000000000000	0.0000000000000
0.65200001001358	0.13871617615223	-0.95010030269623	73.000000000000	0.0000000000000
0.65600001811981	0.13029268383980	-0.95047503709793	73.000000000000	0.0000000000000
0.66000002622604	0.12185993045568	-0.95076096057892	73.000000000000	0.0000000000000
0.66399997472763	0.11341929435730	-0.95095700025558	73.000000000000	0.0000000000000
0.66799998283386	0.10497091710567	-0.95106226205826	73.000000000000	0.0000000000000
0.67199999094009	0.096516273915768	-0.95107561349869	73.000000000000	0.0000000000000
0.67599999904633	0.088055536150932	-0.95099622011185	73.000000000000	0.0000000000000
0.68000000715256	0.079590238630772	-0.95082294940948	73.000000000000	0.0000000000000
0.68400001525879	0.071121998131275	-0.95055472850800	73.000000000000	0.0000000000000
0.68800002336502	0.062651969492435	-0.95019072294235	73.000000000000	0.0000000000000
0.69199997186661	0.054181363433599	-0.94972991943359	73.000000000000	0.0000000000000
0.69599997997284	0.045710969716311	-0.94917154312134	73.000000000000	0.0000000000000
0.69999998807907	0.037243414670229	-0.94851469993591	73.000000000000	0.0000000000000
0.70399999618530	0.028779547661543	-0.94775837659836	73.000000000000	0.0000000000000
0.70800000429153	0.020320694893599	-0.94690203666687	73.000000000000	0.0000000000000
0.71200001239777	0.011868673376739	-0.94594490528107	73.000000000000	0.0000000000000
0.71600002050400	0.0034257646184415	-0.94488632678986	73.000000000000	0.0000000000000
0.72000002861023	-0.0050066211260855	-0.94372570514679	73.000000000000	0.0000000000000
0.72399997711182	-0.013426602818072	-0.94246250391006	73.000000000000	0.0000000000000
0.72799998521805	-0.021831389516592	-0.94109648466110	73.000000000000	0.0000000000000
0.73199999332428	-0.030221300199628	-0.93962687253952	73.000000000000	0.0000000000000
0.73600000143051	-0.038592621684074	-0.93805378675461	73.000000000000	0.0000000000000
0.74000000953674	-0.046943411231041	-0.93637681007385	73.000000000000	0.0000000000000
0.74400001764297	-0.055272173136473	-0.93459606170654	73.000000000000	0.0000000000000
0.74800002574921	-0.063576951622963	-0.93271112442017	73.000000000000	0.0000000000000
0.75199997425079	-0.071855343878269	-0.93072247505188	73.000000000000	0.0000000000000
0.75599998235703	-0.080105409026146	-0.92862999439240	73.000000000000	0.0000000000000
0.75999999046326	-0.088324755430222	-0.92643409967422	73.000000000000	0.0000000000000
0.76399999856949	-0.096511885523796	-0.92413508892059	73.000000000000	0.0000000000000
0.76800000667572	-0.10466401278973	-0.92173343896866	73.000000000000	0.0000000000000
0.77200001478195	-0.11278008669615	-0.91922962665558	73.000000000000	0.0000000000000
0.77600002288818	-0.12085688859224	-0.91662424802780	73.000000000000	0.0000000000000
0.77999997138977	-0.12889388203621	-0.91391807794571	73.000000000000	0.0000000000000
0.78399997949600	-0.13688795268536	-0.91111201047897	73.000000000000	0.0000000000000
0.78799998760223	-0.14483763277531	-0.90820682048798	73.000000000000	0.0000000000000
0.79199999570847	-0.15274119377136	-0.90520352125168	73.000000000000	0.0000000000000
0.79600000381470	-0.16059686243534	-0.90210306644440	73.000000000000	0.0000000000000
0.80000001192093	-0.16840253770351	-0.89890682697296	73.000000000000	0.0000000000000
0.80400002002716	-0.17615731060505	-0.89561581611633	73.000000000000	0.0000000000000
0.80800002813339	-0.18385875225067	-0.89223122596741	73.000000000000	0.0000000000000
0.81199997663498	-0.19150565564632	-0.88875466585159	73.000000000000	0.0000000000000
0.81599998474121	-0.19909691810608	-0.88518732786179	73.000000000000	0.0000000000000
0.81999999284744	-0.20663098990917	-0.88153064250946	73.000000000000	0.0000000000000
0.82400000095367	-0.21410602331161	-0.87778627872467	73.000000000000	0.0000000000000
0.82800000905991	-0.22152222692966	-0.87395542860031	73.000000000000	0.0000000000000
0.83200001716614	-0.22887785732746	-0.87003976106644	73.000000000000	0.0000000000000
0.83600002527237	-0.23617152869701	-0.86604094505310	73.000000000000	0.0000000000000
0.83999997377396	-0.24340322613716	-0.86196041107178	73.000000000000	0.0000000000000
0.84399998188019	-0.25057172775269	-0.85779988765717	73.000000000000	0.0000000000000
0.84799998998642	-0.25767657160759	-0.85356080532074	73.000000000000	0.0000000000000
0.85199999809265	-0.26471707224846	-0.84924477338791	73.000000000000	0.0000000000000
0.85600000619888	-0.27169287204742	-0.84485328197479	73.000000000000	0.0000000000000
0.86000001430511	-0.27860376238823	-0.84038800001144	73.000000000000	0.0000000000000
0.86400002241135	-0.28544938564301	-0.83585023880005	73.000000000000	0.0000000000000
0.86799997091293	-0.29222962260246	-0.83124148845673	73.000000000000	0.0000000000000
0.87199997901917	-0.29894500970840	-0.82656306028366	73.000000000000	0.0000000000000
0.87599998712540	-0.30559456348419	-0.82181662321091	73.000000000000	0.0000000000000
0.87999999523163	-0.31217932701111	-0.81700307130814	73.000000000000	0.0000000000000
0.88400000333786	-0.31869912147522	-0.81212359666824	73.000000000000	0.0000000000000
0.88800001144409	-0.32515460252762	-0.80717939138412	73.000000000000	0.0000000000000
0.89200001955032	-0.33154588937759	-0.80217140913010	73.000000000000	0.0000000000000
0.89600002765656	-0.33787330985069	-0.79710072278976	73.000000000000	0.0000000000000
0.89999997615814	-0.34413787722588	-0.79196798801422	73.000000000000	0.0000000000000
0.90399998426437	-0.35033959150314	-0.78677392005920	73.000000000000	0.0000000000000
0.90799999237061	-0.35647955536842	-0.78151911497116	73.000000000000	0.0000000000000
0.91200000047684	-0.36255812644958	-0.77620398998260	73.000000000000	0.0000000000000
0.91600000858307	-0.36857628822327	-0.77082890272141	73.000000000000	0.0000000000000
0.92000001668930	-0.37453430891037	-0.76539421081543	73.000000000000	0.0000000000000
0.92400002479553	-0.38043296337128	-0.75989985466003	73.000000000000	0.0000000000000
0.92799997329712	-0.38627293705940	-0.75434595346451	73.000000000000	0.0000000000000
0.93199998140335	-0.39205548167229	-0.74873185157776	73.000000000000	0.0000000000000
0.93599998950958	-0.39778044819832	-0.74305790662766	73.000000000000	0.0000000000000
0.93999999761581	-0.40344893932343	-0.73732328414917	73.000000000000	0.0000000000000
0.94400000572205	-0.40906128287315	-0.73152738809586	73.000000000000	0.0000000000000
0.94800001382828	-0.41461810469627	-0.72566968202591	73.000000000000	0.0000000000000
0.95200002193451	-0.42011970281601	-0.71974915266037	73.000000000000	0.0000000000000
0.95599997043610	-0.42556634545326	-0.71376514434814	73.000000000000	0.0000000000000
0.95999997854233	-0.43095871806145	-0.70771610736847	73.000000000000	0.0000000000000
0.96399998664856	-0.43629673123360	-0.70160114765167	73.000000000000	0.0000000000000
0.96799999475479	-0.44158068299294	-0.69541865587234	73.000000000000	0.0000000000000
0.97200000286102	-0.44680994749069	-0.68916749954224	73.000000000000	0.0000000000000
0.97600001096725	-0.45198494195938	-0.68284589052200	73.000000000000	0.0000000000000
0.98000001907349	-0.45710489153862	-0.67645245790482	73.000000000000	0.0000000000000
0.98400002717972	-0.46216946840286	-0.66998529434204	73.000000000000	0.0000000000000
0.98799997568130	-0.46717816591263	-0.66344255208969	73.000000000000	0.0000000000000
0.99199998378754	-0.47213003039360	-0.65682232379913	73.000000000000	0.0000000000000
0.99599999189377	-0.47702360153198	-0.65012305974960	73.000000000000	0.0000000000000
1.0000000000000	-0.48185858130455	-0.64334231615067	73.000000000000	0.0000000000000
1.0039999485016	-0.48663282394409	-0.63647848367691	73.000000000000	0.0000000000000
1.0080000162125	-0.49134501814842	-0.62952941656113	73.000000000000	0.0000000000000
1.0119999647141	-0.49599355459213	-0.62249290943146	73.000000000000	0.0000000000000
1.0160000324249	-0.50057613849640	-0.61536717414856	73.000000000000	0.0000000000000
1.0199999809265	-0.50509089231491	-0.60814994573593	73.000000000000	0.0000000000000
1.0240000486374	-0.50953501462936	-0.60083943605423	73.000000000000	0.0000000000000
1.0279999971390	-0.51390612125397	-0.59343373775482	73.000000000000	0.0000000000000
1.0319999456406	-0.51820152997971	-0.58593076467514	73.000000000000	0.0000000000000
1.0360000133514	-0.52241778373718	-0.57832884788513	73.000000000000	0.0000000000000
1.0399999618530	-0.52655190229416	-0.57062631845474	73.000000000000	0.0000000000000
1.0440000295639	-0.53059989213943	-0.56282162666321	73.000000000000	0.0000000000000
1.0479999780655	-0.53455865383148	-0.55491322278976	73.000000000000	0.0000000000000
1.0520000457764	-0.53842413425446	-0.54689955711365	73.000000000000	0.0000000000000
1.0559999942780	-0.54219210147858	-0.53877973556519	73.000000000000	0.0000000000000
1.0599999427795	-0.54585808515549	-0.53055268526077	73.000000000000	0.0000000000000
1.0640000104904	-0.54941761493683	-0.52221751213074	73.000000000000	0.0000000000000
1.0679999589920	-0.55286633968353	-0.51377344131470	73.000000000000	0.0000000000000
1.0720000267029	-0.55619871616364	-0.50522053241730	73.000000000000	0.0000000000000
1.0759999752045	-0.55941057205200	-0.49655789136887	73.000000000000	0.0000000000000
1.0800000429153	-0.56249594688416	-0.48778605461121	73.000000000000	0.0000000000000
1.0839999914169	-0.56544977426529	-0.47890520095825	73.000000000000	0.0000000000000
1.0880000591278	-0.56826686859131	-0.46991577744484	73.000000000000	0.0000000000000
1.0920000076294	-0.57094144821167	-0.46081852912903	73.000000000000	0.0000000000000
1.0959999561310	-0.57346749305725	-0.45161476731300	73.000000000000	0.0000000000000
1.1000000238419	-0.57583963871002	-0.44230592250824	73.000000000000	0.0000000000000
1.1039999723434	-0.57805204391479	-0.43289354443550	73.000000000000	0.0000000000000
1.1080000400543	-0.58009845018387	-0.42337977886200	73.000000000000	0.0000000000000
1.1119999885559	-0.58197325468063	-0.41376689076424	73.000000000000	0.0000000000000
1.1160000562668	-0.58367025852203	-0.40405741333961	73.000000000000	0.0000000000000
1.1200000047684	-0.58518373966217	-0.39425474405289	73.000000000000	0.0000000000000
1.1239999532700	-0.58650785684586	-0.38436174392700	73.000000000000	0.0000000000000
1.1280000209808	-0.58763599395752	-0.37438279390335	73.000000000000	0.0000000000000
1.1319999694824	-0.58856302499771	-0.36432141065598	73.000000000000	0.0000000000000
1.1360000371933	-0.58928287029266	-0.35418197512627	73.000000000000	0.0000000000000
1.1399999856949	-0.58978980779648	-0.34396937489510	73.000000000000	0.0000000000000
1.1440000534058	-0.59007829427719	-0.33368873596191	73.000000000000	0.0000000000000
1.1480000019073	-0.59014290571213	-0.32334530353546	73.000000000000	0.0000000000000
1.1519999504089	-0.58997833728790	-0.31294506788254	73.000000000000	0.0000000000000
1.1560000181198	-0.58957952260971	-0.30249390006065	73.000000000000	0.0000000000000
1.1599999666214	-0.58894157409668	-0.29199829697609	73.000000000000	0.0000000000000
1.1640000343323	-0.58805972337723	-0.28146514296532	73.000000000000	0.0000000000000
1.1679999828339	-0.58692938089371	-0.27090135216713	73.000000000000	0.0000000000000
1.1720000505447	-0.58554673194885	-0.26031431555748	73.000000000000	0.0000000000000
1.1759999990463	-0.58390730619431	-0.24971169233322	73.000000000000	0.0000000000000
1.1799999475479	-0.58200794458389	-0.23910146951675	73.000000000000	0.0000000000000
1.1840000152588	-0.57984507083893	-0.22849181294441	73.000000000000	0.0000000000000
1.1879999637604	-0.57741564512253	-0.21789136528969	73.000000000000	0.0000000000000
1.1920000314713	-0.57471722364426	-0.20730838179588	73.000000000000	0.0000000000000
1.1959999799728	-0.57174736261368	-0.19675202667713	73.000000000000	0.0000000000000
1.2000000476837	-0.56850403547287	-0.18623165786266	73.000000000000	0.0000000000000
1.2039999961853	-0.56498593091965	-0.17575635015965	73.000000000000	0.0000000000000
1.2079999446869	-0.56119167804718	-0.16533578932285	73.000000000000	0.0000000000000
1.2120000123978	-0.55712068080902	-0.15497913956642	73.000000000000	0.0000000000000
1.2159999608994	-0.55277258157730	-0.14469672739506	73.000000000000	0.0000000000000
1.2200000286102	-0.54814755916595	-0.13449810445309	73.000000000000	0.0000000000000
1.2239999771118	-0.54324626922607	-0.12439325451851	73.000000000000	0.0000000000000
1.2280000448227	-0.53806954622269	-0.11439229547977	73.000000000000	0.0000000000000
1.2319999933243	-0.53261899948120	-0.10450512915850	73.000000000000	0.0000000000000
1.2359999418259	-0.52689641714096	-0.094742104411125	73.000000000000	0.0000000000000
1.2400000095367	-0.52090436220169	-0.085112966597080	73.000000000000	0.0000000000000
1.2439999580383	-0.51464557647705	-0.075627751648426	73.000000000000	0.0000000000000
1.2480000257492	-0.50812351703644	-0.066296659410000	73.000000000000	0.0000000000000
1.2519999742508	-0.50134187936783	-0.057129524648190	73.000000000000	0.0000000000000
1.2560000419617	-0.49430495500565	-0.048136021941900	73.000000000000	0.0000000000000
1.2599999904633	-0.48701742291451	-0.039325818419456	73.000000000000	0.0000000000000
1.2640000581741	-0.47948449850082	-0.030708448961377	73.000000000000	0.0000000000000
1.2680000066757	-0.47171178460121	-0.022293236106634	73.000000000000	0.0000000000000
1.2719999551773	-0.46370536088943	-0.014089235104620	73.000000000000	0.0000000000000
1.2760000228882	-0.45547169446945	-0.0061054197140038	73.000000000000	0.0000000000000
1.2799999713898	-0.44701772928238	0.0016495439922437	73.000000000000	0.0000000000000
1.2840000391006	-0.43835076689720	0.0091674039140344	73.000000000000	0.0000000000000
1.2879999876022	-0.42947855591774	0.016440106555820	73.000000000000	0.0000000000000
1.2920000553131	-0.42040917277336	0.023459702730179	73.000000000000	0.0000000000000
1.2960000038147	-0.41115114092827	0.030218955129385	73.000000000000	0.0000000000000
1.2999999523163	-0.40171325206757	0.036710720509291	73.000000000000	0.0000000000000
1.3040000200272	-0.39210468530655	0.042928237468004	73.000000000000	0.0000000000000
1.3079999685287	-0.38233494758606	0.048865314573050	73.000000000000	0.0000000000000
1.3120000362396	-0.37241375446320	0.054515991359949	73.000000000000	0.0000000000000
1.3159999847412	-0.36235120892525	0.059874750673771	73.000000000000	0.0000000000000
1.3200000524521	-0.35215759277344	0.064936779439449	73.000000000000	0.0000000000000
1.3240000009537	-0.34184348583221	0.069697178900242	73.000000000000	0.0000000000000
1.3279999494553	-0.33141949772835	0.074152044951916	73.000000000000	0.0000000000000
1.3320000171661	-0.32089680433273	0.078297615051270	73.000000000000	0.0000000000000
1.3359999656677	-0.31028625369072	0.082130767405033	73.000000000000	0.0000000000000
1.3400000333786	-0.29959928989410	0.085648857057095	73.000000000000	0.0000000000000
1.3439999818802	-0.28884708881378	0.088849723339081	73.000000000000	0.0000000000000
1.3480000495911	-0.27804115414619	0.091731630265713	73.000000000000	0.0000000000000
1.3519999980927	-0.26719301939011	0.094293318688869	73.000000000000	0.0000000000000
1.3559999465942	-0.25631415843964	0.096534311771393	73.000000000000	0.0000000000000
1.3600000143051	-0.24541610479355	0.098454475402832	73.000000000000	0.0000000000000
1.3639999628067	-0.23451037704945	0.10005407780409	73.000000000000	0.0000000000000
1.3680000305176	-0.22360850870609	0.10133399069309	73.000000000000	0.0000000000000
1.3719999790192	-0.21272182464600	0.10229558497667	73.000000000000	0.0000000000000
1.3760000467300	-0.20186169445515	0.10294080525637	73.000000000000	0.0000000000000
1.3799999952316	-0.19103924930096	0.10327211022377	73.000000000000	0.0000000000000
1.3839999437332	-0.18026557564735	0.10329215228558	73.000000000000	0.0000000000000
1.3880000114441	-0.16955158114433	0.10300435125828	73.000000000000	0.0000000000000
1.3919999599457	-0.15890794992447	0.10241255164146	73.000000000000	0.0000000000000
1.3960000276566	-0.14834511280060	0.10152103006840	73.000000000000	0.0000000000000
1.3999999761581	-0.13787332177162	0.10033451765776	73.000000000000	0.0000000000000
1.4040000438690	-0.12750254571438	0.098858043551445	73.000000000000	0.0000000000000
1.4079999923706	-0.11724247038364	0.097097240388393	73.000000000000	0.0000000000000
1.4119999408722	-0.10710252076387	0.095058016479015	73.000000000000	0.0000000000000
1.4160000085831	-0.097091786563396	0.092746764421463	73.000000000000	0.0000000000000
1.4199999570847	-0.087218940258026	0.090170130133629	73.000000000000	0.0000000000000
1.4240000247955	-0.077492371201515	0.087335176765919	73.000000000000	0.0000000000000
1.4279999732971	-0.067920118570328	0.084249272942543	73.000000000000	0.0000000000000
1.4320000410080	-0.058509852737188	0.080920070409775	73.000000000000	0.0000000000000
1.4359999895096	-0.049268733710051	0.077355548739433	73.000000000000	0.0000000000000
1.4400000572205	-0.040203649550676	0.073563873767853	73.000000000000	0.0000000000000
1.4440000057220	-0.031320974230766	0.069553524255753	73.000000000000	0.0000000000000
1.4479999542236	-0.022626688703895	0.065333157777786	73.000000000000	0.0000000000000
1.4520000219345	-0.014126330614090	0.060911647975445	73.000000000000	0.0000000000000
1.4559999704361	-0.0058250376023352	0.056297980248928	73.000000000000	0.0000000000000
1.4600000381470	0.0022726331371814	0.051501348614693	73.000000000000	0.0000000000000
1.4639999866486	0.010162403807044	0.046531043946743	73.000000000000	0.0000000000000
1.4680000543594	0.017840584740043	0.041396416723728	73.000000000000	0.0000000000000
1.4720000028610	0.025303844362497	0.036106947809458	73.000000000000	0.0000000000000
1.4759999513626	0.032549403607845	0.030672119930387	73.000000000000	0.0000000000000
1.4800000190735	0.039574868977070	0.025101460516453	73.000000000000	0.0000000000000
1.4839999675751	0.046378321945667	0.019404493272305	73.000000000000	0.0000000000000
1.4880000352859	0.052958287298679	0.013590713962913	73.000000000000	0.0000000000000
1.4919999837875	0.059313744306564	0.0076695750467479	73.000000000000	0.0000000000000
1.4960000514984	0.065444096922874	0.0016504598315805	73.000000000000	0.0000000000000
1.5000000000000	0.071349166333675	-0.0044573405757546	73.000000000000	0.0000000000000
1.5039999485016	0.077029228210449	-0.010644645430148	73.000000000000	0.0000000000000
1.5080000162125	0.082484915852547	-0.016902407631278	73.000000000000	0.0000000000000
1.5119999647141	0.087717309594154	-0.023221733048558	73.000000000000	0.0000000000000
1.5160000324249	0.092727854847908	-0.029593897983432	73.000000000000	0.0000000000000
1.5199999809265	0.097518347203732	-0.036010369658470	73.000000000000	0.0000000000000
1.5240000486374	0.10209097713232	-0.042462825775146	73.000000000000	0.0000000000000
1.5279999971390	0.10644824802876	-0.048943147063255	73.000000000000	0.0000000000000
1.5319999456406	0.11059302836657	-0.055443480610847	73.000000000000	0.0000000000000
1.5360000133514	0.11452843993902	-0.061956211924553	73.000000000000	0.0000000000000
1.5399999618530	0.11825794726610	-0.068473979830742	73.000000000000	0.0000000000000
1.5440000295639	0.12178527563810	-0.074989743530750	73.000000000000	0.0000000000000
1.5479999780655	0.12511441111565	-0.081496693193913	73.000000000000	0.0000000000000
1.5520000457764	0.12824955582619	-0.087988361716270	73.000000000000	0.0000000000000
1.5559999942780	0.13119518756866	-0.094458565115929	73.000000000000	0.0000000000000
1.5599999427795	0.13395588099957	-0.10090145468712	73.000000000000	0.0000000000000
1.5640000104904	0.13653649389744	-0.10731147974730	73.000000000000	0.0000000000000
1.5679999589920	0.13894201815128	-0.11368340998888	73.000000000000	0.0000000000000
1.5720000267029	0.14117753505707	-0.12001238763332	73.000000000000	0.0000000000000
1.5759999752045	0.14324834942818	-0.12629383802414	73.000000000000	0.0000000000000
1.5800000429153	0.14515976607800	-0.13252358138561	73.000000000000	0.0000000000000
1.5839999914169	0.14691722393036	-0.13869765400887	73.000000000000	0.0000000000000
1.5880000591278	0.14852623641491	-0.14481258392334	73.000000000000	0.0000000000000
1.5920000076294	0.14999228715897	-0.15086507797241	73.000000000000	0.0000000000000
1.5959999561310	0.15132100880146	-0.15685230493546	73.000000000000	0.0000000000000
1.6000000238419	0.15251788496971	-0.16277162730694	73.000000000000	0.0000000000000
1.6039999723434	0.15358854830265	-0.16862086951733	73.000000000000	0.0000000000000
1.6080000400543	0.15453851222992	-0.17439803481102	73.000000000000	0.0000000000000
1.6119999885559	0.15537327528000	-0.18010151386261	73.000000000000	0.0000000000000
1.6160000562668	0.15609821677208	-0.18572995066643	73.000000000000	0.0000000000000
1.6200000047684	0.15671871602535	-0.19128231704235	73.000000000000	0.0000000000000
1.6239999532700	0.15724001824856	-0.19675782322884	73.000000000000	0.0000000000000
1.6280000209808	0.15766727924347	-0.20215597748756	73.000000000000	0.0000000000000
1.6319999694824	0.15800555050373	-0.20747655630112	73.000000000000	0.0000000000000
1.6360000371933	0.15825973451138	-0.21271955966949	73.000000000000	0.0000000000000
1.6399999856949	0.15843458473682	-0.21788519620895	73.000000000000	0.0000000000000
1.6440000534058	0.15853470563889	-0.22297397255898	73.000000000000	0.0000000000000
1.6480000019073	0.15856461226940	-0.22798654437065	73.000000000000	0.0000000000000
1.6519999504089	0.15852853655815	-0.23292371630669	73.000000000000	0.0000000000000
1.6560000181198	0.15843057632446	-0.23778659105301	73.000000000000	0.0000000000000
1.6599999666214	0.15827466547489	-0.24257640540600	73.000000000000	0.0000000000000
1.6640000343323	0.15806457400322	-0.24729441106319	73.000000000000	0.0000000000000
1.6679999828339	0.15780368447304	-0.25194221735001	73.000000000000	0.0000000000000
1.6720000505447	0.15749561786652	-0.25652137398720	73.000000000000	0.0000000000000
1.6759999990463	0.15714326500893	-0.26103371381760	73.000000000000	0.0000000000000
1.6799999475479	0.15674962103367	-0.26548093557358	73.000000000000	0.0000000000000
1.6840000152588	0.15631753206253	-0.26986506581306	73.000000000000	0.0000000000000
1.6879999637604	0.15584933757782	-0.27418798208237	73.000000000000	0.0000000000000
1.6920000314713	0.15534743666649	-0.27845174074173	73.000000000000	0.0000000000000
1.6959999799728	0.15481403470039	-0.28265839815140	73.000000000000	0.0000000000000
1.7000000476837	0.15425103902817	-0.28681007027626	73.000000000000	0.0000000000000
1.7039999961853	0.15366008877754	-0.29090884327888	73.000000000000	0.0000000000000
1.7079999446869	0.15304273366928	-0.29495674371719	73.000000000000	0.0000000000000
1.7120000123978	0.15240034461021	-0.29895594716072	73.000000000000	0.0000000000000
1.7159999608994	0.15173418819904	-0.30290853977203	73.000000000000	0.0000000000000
1.7200000286102	0.15104509890079	-0.30681642889977	73.000000000000	0.0000000000000
1.7239999771118	0.15033406019211	-0.31068167090416	73.000000000000	0.0000000000000
1.7280000448227	0.14960156381130	-0.31450620293617	73.000000000000	0.0000000000000
1.7319999933243	0.14884826540947	-0.31829181313515	73.000000000000	0.0000000000000
1.7359999418259	0.14807453751564	-0.32204037904739	73.000000000000	0.0000000000000
1.7400000095367	0.14728043973446	-0.32575350999832	73.000000000000	0.0000000000000
1.7439999580383	0.14646632969379	-0.32943287491798	73.000000000000	0.0000000000000
1.7480000257492	0.14563204348087	-0.33307999372482	73.000000000000	0.0000000000000
1.7519999742508	0.14477750658989	-0.33669629693031	73.000000000000	0.0000000000000
1.7560000419617	0.14390255510807	-0.34028306603432	73.000000000000	0.0000000000000
1.7599999904633	0.14300672709942	-0.34384155273438	73.000000000000	0.0000000000000
1.7640000581741	0.14208984375000	-0.34737282991409	73.000000000000	0.0000000000000
1.7680000066757	0.14115133881569	-0.35087791085243	73.000000000000	0.0000000000000
1.7719999551773	0.14019080996513	-0.35435763001442	73.000000000000	0.0000000000000
1.7760000228882	0.13920772075653	-0.35781276226044	73.000000000000	0.0000000000000
1.7799999713898	0.13820132613182	-0.36124390363693	73.000000000000	0.0000000000000
1.7840000391006	0.13717105984688	-0.36465159058571	73.000000000000	0.0000000000000
1.7879999876022	0.13611650466919	-0.36803621053696	73.000000000000	0.0000000000000
1.7920000553131	0.13503681123257	-0.37139812111855	73.000000000000	0.0000000000000
1.7960000038147	0.13393150269985	-0.37473738193512	73.000000000000	0.0000000000000
1.7999999523163	0.13279983401299	-0.37805411219597	73.000000000000	0.0000000000000
1.8040000200272	0.13164126873016	-0.38134831190109	73.000000000000	0.0000000000000
1.8079999685287	0.13045525550842	-0.38461974263191	73.000000000000	0.0000000000000
1.8120000362396	0.12924121320248	-0.38786819577217	73.000000000000	0.0000000000000
1.8159999847412	0.12799859046936	-0.39109340310097	73.000000000000	0.0000000000000
1.8200000524521	0.12672699987888	-0.39429491758347	73.000000000000	0.0000000000000
1.8240000009537	0.12542620301247	-0.39747217297554	73.000000000000	0.0000000000000
1.8279999494553	0.12409555912018	-0.40062466263771	73.000000000000	0.0000000000000
1.8320000171661	0.12273518741131	-0.40375170111656	73.000000000000	0.0000000000000
1.8359999656677	0.12134458869696	-0.40685263276100	73.000000000000	0.0000000000000
1.8400000333786	0.11992365866899	-0.40992668271065	73.000000000000	0.0000000000000
1.8439999818802	0.11847256124020	-0.41297304630280	73.000000000000	0.0000000000000
1.8480000495911	0.11699122190475	-0.41599088907242	73.000000000000	0.0000000000000
1.8519999980927	0.11547971516848	-0.41897928714752	73.000000000000	0.0000000000000
1.8559999465942	0.11393833905458	-0.42193746566772	73.000000000000	0.0000000000000
1.8600000143051	0.11236728727818	-0.42486435174942	73.000000000000	0.0000000000000
1.8639999628067	0.11076691746712	-0.42775917053223	73.000000000000	0.0000000000000
1.8680000305176	0.10913789272308	-0.43062096834183	73.000000000000	0.0000000000000
1.8719999790192	0.10748063772917	-0.43344870209694	73.000000000000	0.0000000000000
1.8760000467300	0.10579580068588	-0.43624162673950	73.000000000000	0.0000000000000
1.8799999952316	0.10408396273851	-0.43899878859520	73.000000000000	0.0000000000000
1.8839999437332	0.10234621167183	-0.44171935319901	73.000000000000	0.0000000000000
1.8880000114441	0.10058322548866	-0.44440248608589	73.000000000000	0.0000000000000
1.8919999599457	0.098795808851719	-0.44704741239548	73.000000000000	0.0000000000000
1.8960000276566	0.096985317766666	-0.44965338706970	73.000000000000	0.0000000000000
1.8999999761581	0.095152623951435	-0.45221969485283	73.000000000000	0.0000000000000
1.9040000438690	0.093298956751823	-0.45474579930305	73.000000000000	0.0000000000000
1.9079999923706	0.091425426304340	-0.45723104476929	73.000000000000	0.0000000000000
1.9119999408722	0.089533321559429	-0.45967504382133	73.000000000000	0.0000000000000
1.9160000085831	0.087623916566372	-0.46207723021507	73.000000000000	0.0000000000000
1.9199999570847	0.085698656737804	-0.46443724632263	73.000000000000	0.0000000000000
1.9240000247955	0.083758875727654	-0.46675494313240	73.000000000000	0.0000000000000
1.9279999732971	0.081805840134621	-0.46903005242348	73.000000000000	0.0000000000000
1.9320000410080	0.079841017723083	-0.47126239538193	73.000000000000	0.0000000000000
1.9359999895096	0.077866062521935	-0.47345206141472	73.000000000000	0.0000000000000
1.9400000572205	0.075882256031036	-0.47559899091721	73.000000000000	0.0000000000000
1.9440000057220	0.073891021311283	-0.47770336270332	73.000000000000	0.0000000000000
1.9479999542236	0.071893803775311	-0.47976535558701	73.000000000000	0.0000000000000
1.9520000219345	0.069892160594463	-0.48178532719612	73.000000000000	0.0000000000000
1.9559999704361	0.067887306213379	-0.48376360535622	73.000000000000	0.0000000000000
1.9600000381470	0.065880939364433	-0.48570069670677	73.000000000000	0.0000000000000
1.9639999866486	0.063874132931232	-0.48759701848030	73.000000000000	0.0000000000000
1.9680000543594	0.061868485063314	-0.48945337533951	73.000000000000	0.0000000000000
1.9720000028610	0.059865072369576	-0.49127036333084	73.000000000000	0.0000000000000
1.9759999513626	0.057865351438522	-0.49304881691933	73.000000000000	0.0000000000000
1.9800000190735	0.055870383977890	-0.49478945136070	73.000000000000	0.0000000000000
1.9839999675751	0.053881246596575	-0.49649325013161	73.000000000000	0.0000000000000
1.9880000352859	0.051899474114180	-0.49816119670868	73.000000000000	0.0000000000000
1.9919999837875	0.049925509840250	-0.49979424476624	73.000000000000	0.0000000000000
1.9960000514984	0.047960732132196	-0.50139349699020	73.000000000000	0.0000000000000
2.0000000000000	0.046005677431822	-0.50296014547348	73.000000000000	0.0000000000000
2.0039999485016	0.044061571359634	-0.50449526309967	73.000000000000	0.0000000000000
2.0079998970032	0.042128767818213	-0.50599998235703	73.000000000000	0.0000000000000
2.0120000839233	0.040208227932453	-0.50747567415237	73.000000000000	0.0000000000000
2.0160000324249	0.038300514221191	-0.50892347097397	73.000000000000	0.0000000000000
2.0199999809265	0.036405917257071	-0.51034462451935	73.000000000000	0.0000000000000
2.0239999294281	0.034524831920862	-0.51174056529999	73.000000000000	0.0000000000000
2.0280001163483	0.032657988369465	-0.51311242580414	73.000000000000	0.0000000000000
2.0320000648499	0.030805258080363	-0.51446163654327	73.000000000000	0.0000000000000
2.0360000133514	0.028966946527362	-0.51578944921494	73.000000000000	0.0000000000000
2.0399999618530	0.027143221348524	-0.51709693670273	73.000000000000	0.0000000000000
2.0439999103546	0.025333996862173	-0.51838564872742	73.000000000000	0.0000000000000
2.0480000972748	0.023539265617728	-0.51965665817261	73.000000000000	0.0000000000000
2.0520000457764	0.021758750081062	-0.52091115713120	73.000000000000	0.0000000000000
2.0559999942780	0.019992412999272	-0.52215045690536	73.000000000000	0.0000000000000
2.0599999427795	0.018239799886942	-0.52337557077408	73.000000000000	0.0000000000000
2.0639998912811	0.016500694677234	-0.52458775043488	73.000000000000	0.0000000000000
2.0680000782013	0.014774600043893	-0.52578783035278	73.000000000000	0.0000000000000
2.0720000267029	0.013061010278761	-0.52697700262070	73.000000000000	0.0000000000000
2.0759999752045	0.011359513737261	-0.52815616130829	73.000000000000	0.0000000000000
2.0799999237061	0.0096693029627204	-0.52932614088058	73.000000000000	0.0000000000000
2.0840001106262	0.0079898042604327	-0.53048783540726	73.000000000000	0.0000000000000
2.0880000591278	0.0063205529004335	-0.53164207935333	73.000000000000	0.0000000000000
2.0920000076294	0.0046605616807938	-0.53278934955597	73.000000000000	0.0000000000000
2.0959999561310	0.0030092054512352	-0.53393059968948	73.000000000000	0.0000000000000
2.0999999046326	0.0013655897928402	-0.53506612777710	73.000000000000	0.0000000000000
2.1040000915527	-0.00027081035659648	-0.53619652986526	73.000000000000	0.0000000000000
2.1080000400543	-0.0019011718686670	-0.53732222318649	73.000000000000	0.0000000000000
2.1119999885559	-0.0035261719021946	-0.53844350576401	73.000000000000	0.0000000000000
2.1159999370575	-0.0051464987918735	-0.53956073522568	73.000000000000	0.0000000000000
2.1199998855591	-0.0067633632570505	-0.54067403078079	73.000000000000	0.0000000000000
2.1240000724792	-0.0083773434162140	-0.54178357124329	73.000000000000	0.0000000000000
2.1280000209808	-0.0099892774596810	-0.54288929700851	73.000000000000	0.0000000000000
2.1319999694824	-0.011600018478930	-0.54399138689041	73.000000000000	0.0000000000000
2.1359999179840	-0.013210288248956	-0.54508966207504	73.000000000000	0.0000000000000
2.1400001049042	-0.014820814132690	-0.54618400335312	73.000000000000	0.0000000000000
2.1440000534058	-0.016432717442513	-0.54727411270142	73.000000000000	0.0000000000000
2.1480000019073	-0.018046339973807	-0.54835981130600	73.000000000000	0.0000000000000
2.1519999504089	-0.019662419334054	-0.54944074153900	73.000000000000	0.0000000000000
2.1559998989105	-0.021281428635120	-0.55051648616791	73.000000000000	0.0000000000000
2.1600000858307	-0.022904485464096	-0.55158656835556	73.000000000000	0.0000000000000
2.1640000343323	-0.024531418457627	-0.55265069007874	73.000000000000	0.0000000000000
2.1679999828339	-0.026163207367063	-0.55370807647705	73.000000000000	0.0000000000000
2.1719999313354	-0.027800064533949	-0.55475836992264	73.000000000000	0.0000000000000
2.1760001182556	-0.029442444443703	-0.55580103397369	73.000000000000	0.0000000000000
2.1800000667572	-0.031090531498194	-0.55683511495590	73.000000000000	0.0000000000000
2.1840000152588	-0.032744646072388	-0.55786013603210	73.000000000000	0.0000000000000
2.1879999637604	-0.034405108541250	-0.55887562036514	73.000000000000	0.0000000000000
2.1919999122620	-0.036071680486202	-0.55988055467606	73.000000000000	0.0000000000000
2.1960000991821	-0.037744935601950	-0.56087446212769	73.000000000000	0.0000000000000
2.2000000476837	-0.039424493908882	-0.56185656785965	73.000000000000	0.0000000000000
2.2039999961853	-0.041110232472420	-0.56282615661621	73.000000000000	0.0000000000000
2.2079999446869	-0.042802300304174	-0.56378251314163	73.000000000000	0.0000000000000
2.2119998931885	-0.044500302523375	-0.56472498178482	73.000000000000	0.0000000000000
2.2160000801086	-0.046203959733248	-0.56565296649933	73.000000000000	0.0000000000000
2.2200000286102	-0.047913126647472	-0.56656581163406	73.000000000000	0.0000000000000
2.2239999771118	-0.049627240747213	-0.56746268272400	73.000000000000	0.0000000000000
2.2279999256134	-0.051345873624086	-0.56834322214127	73.000000000000	0.0000000000000
2.2320001125336	-0.053068723529577	-0.56920677423477	73.000000000000	0.0000000000000
2.2360000610352	-0.054795067757368	-0.57005280256271	73.000000000000	0.0000000000000
2.2400000095367	-0.056524340063334	-0.57088083028793	73.000000000000	0.0000000000000
2.2439999580383	-0.058256059885025	-0.57169032096863	73.000000000000	0.0000000000000
2.2479999065399	-0.059989385306835	-0.57248091697693	73.000000000000	0.0000000000000
2.2520000934601	-0.061723712831736	-0.57325243949890	73.000000000000	0.0000000000000
2.2560000419617	-0.063458159565926	-0.57400435209274	73.000000000000	0.0000000000000
2.2599999904633	-0.065192133188248	-0.57473659515381	73.000000000000	0.0000000000000
2.2639999389648	-0.066924609243870	-0.57544875144958	73.000000000000	0.0000000000000
2.2679998874664	-0.068654865026474	-0.57614094018936	73.000000000000	0.0000000000000
2.2720000743866	-0.070382423698902	-0.57681292295456	73.000000000000	0.0000000000000
2.2760000228882	-0.072105742990971	-0.57746481895447	73.000000000000	0.0000000000000
2.2799999713898	-0.073824472725391	-0.57809656858444	73.000000000000	0.0000000000000
2.2839999198914	-0.075537785887718	-0.57870829105377	73.000000000000	0.0000000000000
2.2880001068115	-0.077244520187378	-0.57930022478104	73.000000000000	0.0000000000000
2.2920000553131	-0.078943975269794	-0.57987254858017	73.000000000000	0.0000000000000
2.2960000038147	-0.080635294318199	-0.58042567968369	73.000000000000	0.0000000000000
2.2999999523163	-0.082317776978016	-0.58095979690552	73.000000000000	0.0000000000000
2.3039999008179	-0.083990454673767	-0.58147537708282	73.000000000000	0.0000000000000
2.3080000877380	-0.085652649402618	-0.58197283744812	73.000000000000	0.0000000000000
2.3120000362396	-0.087303563952446	-0.58245289325714	73.000000000000	0.0000000000000
2.3159999847412	-0.088942669332027	-0.58291590213776	73.000000000000	0.0000000000000
2.3199999332428	-0.090569019317627	-0.58336251974106	73.000000000000	0.0000000000000
2.3239998817444	-0.092182144522667	-0.58379358053207	73.000000000000	0.0000000000000
2.3280000686646	-0.093781411647797	-0.58420962095261	73.000000000000	0.0000000000000
2.3320000171661	-0.095366194844246	-0.58461135625839	73.000000000000	0.0000000000000
2.3359999656677	-0.096936061978340	-0.58499974012375	73.000000000000	0.0000000000000
2.3399999141693	-0.098490700125694	-0.58537554740906	73.000000000000	0.0000000000000
2.3440001010895	-0.10002953559160	-0.58573961257935	73.000000000000	0.0000000000000
2.3480000495911	-0.10155213624239	-0.58609271049500	73.000000000000	0.0000000000000
2.3519999980927	-0.10305853188038	-0.58643579483032	73.000000000000	0.0000000000000
2.3559999465942	-0.10454833507538	-0.58676993846893	73.000000000000	0.0000000000000
2.3599998950958	-0.10602127015591	-0.58709573745728	73.000000000000	0.0000000000000
2.3640000820160	-0.10747743397951	-0.58741444349289	73.000000000000	0.0000000000000
2.3680000305176	-0.10891670733690	-0.58772683143616	73.000000000000	0.0000000000000
2.3719999790192	-0.11033903807402	-0.58803379535675	73.000000000000	0.0000000000000
2.3759999275208	-0.11174448579550	-0.58833640813828	73.000000000000	0.0000000000000
2.3800001144409	-0.11313331872225	-0.58863550424576	73.000000000000	0.0000000000000
2.3840000629425	-0.11450573801994	-0.58893191814423	73.000000000000	0.0000000000000
2.3880000114441	-0.11586171388626	-0.58922654390335	73.000000000000	0.0000000000000
2.3919999599457	-0.11720179766417	-0.58952045440674	73.000000000000	0.0000000000000
2.3959999084473	-0.11852651834488	-0.58981436491013	73.000000000000	0.0000000000000
2.4000000953674	-0.11983597278595	-0.59010893106461	73.000000000000	0.0000000000000
2.4040000438690	-0.12113073468208	-0.59040510654449	73.000000000000	0.0000000000000
2.4079999923706	-0.12241131812334	-0.59070348739624	73.000000000000	0.0000000000000
2.4119999408722	-0.12367814779282	-0.59100490808487	73.000000000000	0.0000000000000
2.4159998893738	-0.12493207305670	-0.59131008386612	73.000000000000	0.0000000000000
2.4200000762939	-0.12617331743240	-0.59161937236786	73.000000000000	0.0000000000000
2.4240000247955	-0.12740300595760	-0.59193354845047	73.000000000000	0.0000000000000
2.4279999732971	-0.12862141430378	-0.59225308895111	73.000000000000	0.0000000000000
2.4319999217987	-0.12982960045338	-0.59257841110229	73.000000000000	0.0000000000000
2.4360001087189	-0.13102816045284	-0.59290993213654	73.000000000000	0.0000000000000
2.4400000572205	-0.13221785426140	-0.59324795007706	73.000000000000	0.0000000000000
2.4440000057220	-0.13339923322201	-0.59359288215637	73.000000000000	0.0000000000000
2.4479999542236	-0.13457363843918	-0.59394496679306	73.000000000000	0.0000000000000
2.4519999027252	-0.13574115931988	-0.59430432319641	73.000000000000	0.0000000000000
2.4560000896454	-0.13690298795700	-0.59467101097107	73.000000000000	0.0000000000000
2.4600000381470	-0.13805979490280	-0.59504520893097	73.000000000000	0.0000000000000
2.4639999866486	-0.13921260833740	-0.59542697668076	73.000000000000	0.0000000000000
2.4679999351501	-0.14036190509796	-0.59581625461578	73.000000000000	0.0000000000000
2.4719998836517	-0.14150841534138	-0.59621286392212	73.000000000000	0.0000000000000
2.4760000705719	-0.14265288412571	-0.59661674499512	73.000000000000	0.0000000000000
2.4800000190735	-0.14379647374153	-0.59702759981155	73.000000000000	0.0000000000000
2.4839999675751	-0.14493916928768	-0.59744530916214	73.000000000000	0.0000000000000
2.4879999160767	-0.14608196914196	-0.59786951541901	73.000000000000	0.0000000000000
2.4920001029968	-0.14722543954849	-0.59829998016357	73.000000000000	0.0000000000000
2.4960000514984	-0.14837026596069	-0.59873628616333	73.000000000000	0.0000000000000
2.5000000000000	-0.14951696991920	-0.59917795658112	73.000000000000	0.0000000000000
2.5039999485016	-0.15066595375538	-0.59962469339371	73.000000000000	0.0000000000000
2.5079998970032	-0.15181769430637	-0.60007584095001	73.000000000000	0.0000000000000
2.5120000839233	-0.15297284722328	-0.60053104162216	73.000000000000	0.0000000000000
2.5160000324249	-0.15413136780262	-0.60098975896835	73.000000000000	0.0000000000000
2.5199999809265	-0.15529403090477	-0.60145145654678	73.000000000000	0.0000000000000
2.5239999294281	-0.15646071732044	-0.60191547870636	73.000000000000	0.0000000000000
2.5280001163483	-0.15763188898563	-0.60238134860992	73.000000000000	0.0000000000000
2.5320000648499	-0.15880747139454	-0.60284847021103	73.000000000000	0.0000000000000
2.5360000133514	-0.15998792648315	-0.60331618785858	73.000000000000	0.0000000000000
2.5399999618530	-0.16117310523987	-0.60378408432007	73.000000000000	0.0000000000000
2.5439999103546	-0.16236288845539	-0.60425132513046	73.000000000000	0.0000000000000
2.5480000972748	-0.16355775296688	-0.60471761226654	73.000000000000	0.0000000000000
2.5520000457764	-0.16475696861744	-0.60518229007721	73.000000000000	0.0000000000000
2.5559999942780	-0.16596084833145	-0.60564476251602	73.000000000000	0.0000000000000
2.5599999427795	-0.16716904938221	-0.60610443353653	73.000000000000	0.0000000000000
2.5639998912811	-0.16838133335114	-0.60656088590622	73.000000000000	0.0000000000000
2.5680000782013	-0.16959743201733	-0.60701370239258	73.000000000000	0.0000000000000
2.5720000267029	-0.17081721127033	-0.60746246576309	73.000000000000	0.0000000000000
2.5759999752045	-0.17204017937183	-0.60790657997131	73.000000000000	0.0000000000000
2.5799999237061	-0.17326571047306	-0.60834580659866	73.000000000000	0.0000000000000
2.5840001106262	-0.17449392378330	-0.60877978801727	73.000000000000	0.0000000000000
2.5880000591278	-0.17572379112244	-0.60920816659927	73.000000000000	0.0000000000000
2.5920000076294	-0.17695537209511	-0.60963070392609	73.000000000000	0.0000000000000
2.5959999561310	-0.17818783223629	-0.61004722118378	73.000000000000	0.0000000000000
2.5999999046326	-0.17942090332508	-0.61045759916306	73.000000000000	0.0000000000000
2.6040000915527	-0.18065376579762	-0.61086159944534	73.000000000000	0.0000000000000
2.6080000400543	-0.18188603222370	-0.61125928163528	73.000000000000	0.0000000000000
2.6119999885559	-0.18311704695225	-0.61165046691895	73.000000000000	0.0000000000000
2.6159999370575	-0.18434645235538	-0.61203533411026	73.000000000000	0.0000000000000
2.6199998855591	-0.18557345867157	-0.61241388320923	73.000000000000	0.0000000000000
2.6240000724792	-0.18679770827293	-0.61278623342514	73.000000000000	0.0000000000000
2.6280000209808	-0.18801864981651	-0.61315274238586	73.000000000000	0.0000000000000
2.6319999694824	-0.18923559784889	-0.61351346969604	73.000000000000	0.0000000000000
2.6359999179840	-0.19044816493988	-0.61386871337891	73.000000000000	0.0000000000000
2.6400001049042	-0.19165572524071	-0.61421883106232	73.000000000000	0.0000000000000
2.6440000534058	-0.19285805523396	-0.61456423997879	73.000000000000	0.0000000000000
2.6480000019073	-0.19405448436737	-0.61490535736084	73.000000000000	0.0000000000000
2.6519999504089	-0.19524468481541	-0.61524254083633	73.000000000000	0.0000000000000
2.6559998989105	-0.19642820954323	-0.61557638645172	73.000000000000	0.0000000000000
2.6600000858307	-0.19760483503342	-0.61590749025345	73.000000000000	0.0000000000000
2.6640000343323	-0.19877417385578	-0.61623620986938	73.000000000000	0.0000000000000
2.6679999828339	-0.19993582367897	-0.61656343936920	73.000000000000	0.0000000000000
2.6719999313354	-0.20108987390995	-0.61688965559006	73.000000000000	0.0000000000000
2.6760001182556	-0.20223589241505	-0.61721551418304	73.000000000000	0.0000000000000
2.6800000667572	-0.20337401330471	-0.61754173040390	73.000000000000	0.0000000000000
2.6840000152588	-0.20450383424759	-0.61786901950836	73.000000000000	0.0000000000000
2.6879999637604	-0.20562554895878	-0.61819815635681	73.000000000000	0.0000000000000
2.6919999122620	-0.20673903822899	-0.61852967739105	73.000000000000	0.0000000000000
2.6960000991821	-0.20784479379654	-0.61886453628540	73.000000000000	0.0000000000000
2.7000000476837	-0.20894213020802	-0.61920338869095	73.000000000000	0.0000000000000
2.7039999961853	-0.21003217995167	-0.61954683065414	73.000000000000	0.0000000000000
2.7079999446869	-0.21111489832401	-0.61989575624466	73.000000000000	0.0000000000000
2.7119998931885	-0.21219049394131	-0.62025094032288	73.000000000000	0.0000000000000
2.7160000801086	-0.21325890719891	-0.62061297893524	73.000000000000	0.0000000000000
2.7200000286102	-0.21432127058506	-0.62098252773285	73.000000000000	0.0000000000000
2.7239999771118	-0.21537786722183	-0.62136030197144	73.000000000000	0.0000000000000
2.7279999256134	-0.21642889082432	-0.62174701690674	73.000000000000	0.0000000000000
2.7320001125336	-0.21747522056103	-0.62214320898056	73.000000000000	0.0000000000000
2.7360000610352	-0.21851742267609	-0.62254941463470	73.000000000000	0.0000000000000
2.7400000095367	-0.21955601871014	-0.62296634912491	73.000000000000	0.0000000000000
2.7439999580383	-0.22059182822704	-0.62339437007904	73.000000000000	0.0000000000000
2.7479999065399	-0.22162573039532	-0.62383395433426	73.000000000000	0.0000000000000
2.7520000934601	-0.22265823185444	-0.62428563833237	73.000000000000	0.0000000000000
2.7560000419617	-0.22369019687176	-0.62474977970123	73.000000000000	0.0000000000000
2.7599999904633	-0.22472266852856	-0.62522655725479	73.000000000000	0.0000000000000
2.7639999389648	-0.22575646638870	-0.62571620941162	73.000000000000	0.0000000000000
2.7679998874664	-0.22679215669632	-0.62621927261353	73.000000000000	0.0000000000000
2.7720000743866	-0.22783108055592	-0.62673562765121	73.000000000000	0.0000000000000
2.7760000228882	-0.22887371480465	-0.62726557254791	73.000000000000	0.0000000000000
2.7799999713898	-0.22992172837257	-0.62780886888504	73.000000000000	0.0000000000000
2.7839999198914	-0.23097530007362	-0.62836593389511	73.000000000000	0.0000000000000
2.7880001068115	-0.23203600943089	-0.62893617153168	73.000000000000	0.0000000000000
2.7920000553131	-0.23310431838036	-0.62951993942261	73.000000000000	0.0000000000000
2.7960000038147	-0.23418122529984	-0.63011676073074	73.000000000000	0.0000000000000
2.7999999523163	-0.23526833951473	-0.63072639703751	73.000000000000	0.0000000000000
2.8039999008179	-0.23636572062969	-0.63134855031967	73.000000000000	0.0000000000000
2.8080000877380	-0.23747467994690	-0.63198310136795	73.000000000000	0.0000000000000
2.8120000362396	-0.23859579861164	-0.63262939453125	73.000000000000	0.0000000000000
2.8159999847412	-0.23973061144352	-0.63328689336777	73.000000000000	0.0000000000000
2.8199999332428	-0.24087950587273	-0.63395518064499	73.000000000000	0.0000000000000
2.8239998817444	-0.24204334616661	-0.63463366031647	73.000000000000	0.0000000000000
2.8280000686646	-0.24322295188904	-0.63532161712646	73.000000000000	0.0000000000000
2.8320000171661	-0.24441902339458	-0.63601857423782	73.000000000000	0.0000000000000
2.8359999656677	-0.24563200771809	-0.63672375679016	73.000000000000	0.0000000000000
2.8399999141693	-0.24686306715012	-0.63743633031845	73.000000000000	0.0000000000000
2.8440001010895	-0.24811245501041	-0.63815540075302	73.000000000000	0.0000000000000
2.8480000495911	-0.24938094615936	-0.63888031244278	73.000000000000	0.0000000000000
2.8519999980927	-0.25066870450974	-0.63961005210876	73.000000000000	0.0000000000000
2.8559999465942	-0.25197654962540	-0.64034390449524	73.000000000000	0.0000000000000
2.8599998950958	-0.25330466032028	-0.64108085632324	73.000000000000	0.0000000000000
2.8640000820160	-0.25465345382690	-0.64181989431381	73.000000000000	0.0000000000000
2.8680000305176	-0.25602340698242	-0.64256024360657	73.000000000000	0.0000000000000
2.8719999790192	-0.25741425156593	-0.64330077171326	73.000000000000	0.0000000000000
2.8759999275208	-0.25882682204247	-0.64404064416885	73.000000000000	0.0000000000000
2.8800001144409	-0.26026082038879	-0.64477872848511	73.000000000000	0.0000000000000
2.8840000629425	-0.26171606779099	-0.64551430940628	73.000000000000	0.0000000000000
2.8880000114441	-0.26319327950478	-0.64624607563019	73.000000000000	0.0000000000000
2.8919999599457	-0.26469191908836	-0.64697331190109	73.000000000000	0.0000000000000
2.8959999084473	-0.26621165871620	-0.64769506454468	73.000000000000	0.0000000000000
2.9000000953674	-0.26775297522545	-0.64841020107269	73.000000000000	0.0000000000000
2.9040000438690	-0.26931494474411	-0.64911812543869	73.000000000000	0.0000000000000
2.9079999923706	-0.27089795470238	-0.64981758594513	73.000000000000	0.0000000000000
2.9119999408722	-0.27250140905380	-0.65050786733627	73.000000000000	0.0000000000000
2.9159998893738	-0.27412474155426	-0.65118819475174	73.000000000000	0.0000000000000
2.9200000762939	-0.27576771378517	-0.65185773372650	73.000000000000	0.0000000000000
2.9240000247955	-0.27743002772331	-0.65251564979553	73.000000000000	0.0000000000000
2.9279999732971	-0.27911114692688	-0.65316116809845	73.000000000000	0.0000000000000
2.9319999217987	-0.28081011772156	-0.65379381179810	73.000000000000	0.0000000000000
2.9360001087189	-0.28252676129341	-0.65441268682480	73.000000000000	0.0000000000000
2.9400000572205	-0.28426045179367	-0.65501731634140	73.000000000000	0.0000000000000
2.9440000057220	-0.28601035475731	-0.65560716390610	73.000000000000	0.0000000000000
2.9479999542236	-0.28777649998665	-0.65618145465851	73.000000000000	0.0000000000000
2.9519999027252	-0.28955742716789	-0.65674006938934	73.000000000000	0.0000000000000
2.9560000896454	-0.29135257005692	-0.65728247165680	73.000000000000	0.0000000000000
2.9600000381470	-0.29316207766533	-0.65780800580978	73.000000000000	0.0000000000000
2.9639999866486	-0.29498410224915	-0.65831679105759	73.000000000000	0.0000000000000
2.9679999351501	-0.29681873321533	-0.65880817174911	73.000000000000	0.0000000000000
2.9719998836517	-0.29866495728493	-0.65928226709366	73.000000000000	0.0000000000000
2.9760000705719	-0.30052214860916	-0.65973860025406	73.000000000000	0.0000000000000
2.9800000190735	-0.30238959193230	-0.66017723083496	73.000000000000	0.0000000000000
2.9839999675751	-0.30426681041718	-0.66059798002243	73.000000000000	0.0000000000000
2.9879999160767	-0.30615270137787	-0.66100096702576	73.000000000000	0.0000000000000
2.9920001029968	-0.30804711580276	-0.66138589382172	73.000000000000	0.0000000000000
2.9960000514984	-0.30994907021523	-0.66175311803818	73.000000000000	0.0000000000000
3.0000000000000	-0.31185808777809	-0.66210263967514	73.000000000000	0.0000000000000
3.0039999485016	-0.31377348303795	-0.66243457794189	73.000000000000	0.0000000000000
3.0079998970032	-0.31569480895996	-0.66274899244308	73.000000000000	0.0000000000000
3.0120000839233	-0.31762182712555	-0.66304618120193	73.000000000000	0.0000000000000
3.0160000324249	-0.31955376267433	-0.66332632303238	73.000000000000	0.0000000000000
3.0199999809265	-0.32148998975754	-0.66358977556229	73.000000000000	0.0000000000000
3.0239999294281	-0.32343018054962	-0.66383677721024	73.000000000000	0.0000000000000
3.0280001163483	-0.32537433505058	-0.66406744718552	73.000000000000	0.0000000000000
3.0320000648499	-0.32732185721397	-0.66428214311600	73.000000000000	0.0000000000000
3.0360000133514	-0.32927244901657	-0.66448140144348	73.000000000000	0.0000000000000
3.0399999618530	-0.33122551441193	-0.66466557979584	73.000000000000	0.0000000000000
3.0439999103546	-0.33318144083023	-0.66483473777771	73.000000000000	0.0000000000000
3.0480000972748	-0.33513987064362	-0.66498917341232	73.000000000000	0.0000000000000
3.0520000457764	-0.33710038661957	-0.66512966156006	73.000000000000	0.0000000000000
3.0559999942780	-0.33906334638596	-0.66525626182556	73.000000000000	0.0000000000000
3.0599999427795	-0.34102845191956	-0.66536921262741	73.000000000000	0.0000000000000
3.0639998912811	-0.34299552440643	-0.66546911001205	73.000000000000	0.0000000000000
3.0680000782013	-0.34496498107910	-0.66555601358414	73.000000000000	0.0000000000000
3.0720000267029	-0.34693658351898	-0.66563034057617	73.000000000000	0.0000000000000
3.0759999752045	-0.34891074895859	-0.66569221019745	73.000000000000	0.0000000000000
3.0799999237061	-0.35088729858398	-0.66574215888977	73.000000000000	0.0000000000000
3.0840001106262	-0.35286659002304	-0.66578012704849	73.000000000000	0.0000000000000
3.0880000591278	-0.35484874248505	-0.66580641269684	73.000000000000	0.0000000000000
3.0920000076294	-0.35683381557465	-0.66582119464874	73.000000000000	0.0000000000000
3.0959999561310	-0.35882261395454	-0.66582447290421	73.000000000000	0.0000000000000
3.0999999046326	-0.36081483960152	-0.66581660509109	73.000000000000	0.0000000000000
3.1040000915527	-0.36281082034111	-0.66579741239548	73.000000000000	0.0000000000000
3.1080000400543	-0.36481136083603	-0.66576689481735	73.000000000000	0.0000000000000
3.1119999885559	-0.36681607365608	-0.66572517156601	73.000000000000	0.0000000000000
3.1159999370575	-0.36882576346397	-0.66567218303680	73.000000000000	0.0000000000000
3.1199998855591	-0.37084063887596	-0.66560763120651	73.000000000000	0.0000000000000
3.1240000724792	-0.37286078929901	-0.66553169488907	73.000000000000	0.0000000000000
3.1280000209808	-0.37488681077957	-0.66544389724731	73.000000000000	0.0000000000000
3.1319999694824	-0.37691923975945	-0.66534388065338	73.000000000000	0.0000000000000
3.1359999179840	-0.37895813584328	-0.66523158550262	73.000000000000	0.0000000000000
3.1400001049042	-0.38100335001945	-0.66510689258575	73.000000000000	0.0000000000000
3.1440000534058	-0.38305577635765	-0.66496914625168	73.000000000000	0.0000000000000
3.1480000019073	-0.38511523604393	-0.66481804847717	73.000000000000	0.0000000000000
3.1519999504089	-0.38718241453171	-0.66465312242508	73.000000000000	0.0000000000000
3.1559998989105	-0.38925722241402	-0.66447389125824	73.000000000000	0.0000000000000
3.1600000858307	-0.39133998751640	-0.66427981853485	73.000000000000	0.0000000000000
3.1640000343323	-0.39343065023422	-0.66407042741776	73.000000000000	0.0000000000000
3.1679999828339	-0.39552944898605	-0.66384530067444	73.000000000000	0.0000000000000
3.1719999313354	-0.39763644337654	-0.66360366344452	73.000000000000	0.0000000000000
3.1760001182556	-0.39975154399872	-0.66334491968155	73.000000000000	0.0000000000000
3.1800000667572	-0.40187487006187	-0.66306841373444	73.000000000000	0.0000000000000
3.1840000152588	-0.40400639176369	-0.66277348995209	73.000000000000	0.0000000000000
3.1879999637604	-0.40614607930183	-0.66245943307877	73.000000000000	0.0000000000000
3.1919999122620	-0.40829351544380	-0.66212564706802	73.000000000000	0.0000000000000
3.1960000991821	-0.41044840216637	-0.66177165508270	73.000000000000	0.0000000000000
3.2000000476837	-0.41261091828346	-0.66139638423920	73.000000000000	0.0000000000000
3.2039999961853	-0.41478061676025	-0.66099929809570	73.000000000000	0.0000000000000
3.2079999446869	-0.41695708036423	-0.66057974100113	73.000000000000	0.0000000000000
3.2119998931885	-0.41913977265358	-0.66013693809509	73.000000000000	0.0000000000000
3.2160000801086	-0.42132854461670	-0.65967023372650	73.000000000000	0.0000000000000
3.2200000286102	-0.42352265119553	-0.65917903184891	73.000000000000	0.0000000000000
3.2239999771118	-0.42572188377380	-0.65866261720657	73.000000000000	0.0000000000000
3.2279999256134	-0.42792493104935	-0.65812057256699	73.000000000000	0.0000000000000
3.2320001125336	-0.43013173341751	-0.65755200386047	73.000000000000	0.0000000000000
3.2360000610352	-0.43234169483185	-0.65695649385452	73.000000000000	0.0000000000000
3.2400000095367	-0.43455362319946	-0.65633368492126	73.000000000000	0.0000000000000
3.2439999580383	-0.43676730990410	-0.65568262338638	73.000000000000	0.0000000000000
3.2479999065399	-0.43898117542267	-0.65500342845917	73.000000000000	0.0000000000000
3.2520000934601	-0.44119474291801	-0.65429544448853	73.000000000000	0.0000000000000
3.2560000419617	-0.44340738654137	-0.65355813503265	73.000000000000	0.0000000000000
3.2599999904633	-0.44561827182770	-0.65279108285904	73.000000000000	0.0000000000000
3.2639999389648	-0.44782555103302	-0.65199464559555	73.000000000000	0.0000000000000
3.2679998874664	-0.45002937316895	-0.65116798877716	73.000000000000	0.0000000000000
3.2720000743866	-0.45222786068916	-0.65031129121780	73.000000000000	0.0000000000000
3.2760000228882	-0.45442056655884	-0.64942431449890	73.000000000000	0.0000000000000
3.2799999713898	-0.45660629868507	-0.64850687980652	73.000000000000	0.0000000000000
3.2839999198914	-0.45878431200981	-0.64755910634995	73.000000000000	0.0000000000000
3.2880001068115	-0.46095281839371	-0.64658129215240	73.000000000000	0.0000000000000
3.2920000553131	-0.46311178803444	-0.64557307958603	73.000000000000	0.0000000000000
3.2960000038147	-0.46525931358337	-0.64453506469727	73.000000000000	0.0000000000000
3.2999999523163	-0.46739491820335	-0.64346724748611	73.000000000000	0.0000000000000
3.3039999008179	-0.46951743960381	-0.64237004518509	73.000000000000	0.0000000000000
3.3080000877380	-0.47162598371506	-0.64124357700348	73.000000000000	0.0000000000000
3.3120000362396	-0.47371917963028	-0.64008867740631	73.000000000000	0.0000000000000
3.3159999847412	-0.47579658031464	-0.63890540599823	73.000000000000	0.0000000000000
3.3199999332428	-0.47785720229149	-0.63769441843033	73.000000000000	0.0000000000000
3.3239998817444	-0.47989958524704	-0.63645660877228	73.000000000000	0.0000000000000
3.3280000686646	-0.48192355036736	-0.63519209623337	73.000000000000	0.0000000000000
3.3320000171661	-0.48392799496651	-0.63390183448792	73.000000000000	0.0000000000000
3.3359999656677	-0.48591217398643	-0.63258641958237	73.000000000000	0.0000000000000
3.3399999141693	-0.48787540197372	-0.63124656677246	73.000000000000	0.0000000000000
3.3440001010895	-0.48981696367264	-0.62988311052322	73.000000000000	0.0000000000000
3.3480000495911	-0.49173590540886	-0.62849712371826	73.000000000000	0.0000000000000
3.3519999980927	-0.49363207817078	-0.62708926200867	73.000000000000	0.0000000000000
3.3559999465942	-0.49550506472588	-0.62566006183624	73.000000000000	0.0000000000000
3.3599998950958	-0.49735379219055	-0.62421107292175	73.000000000000	0.0000000000000
3.3640000820160	-0.49917840957642	-0.62274277210236	73.000000000000	0.0000000000000
3.3680000305176	-0.50097817182541	-0.62125635147095	73.000000000000	0.0000000000000
3.3719999790192	-0.50275319814682	-0.61975240707397	73.000000000000	0.0000000000000
3.3759999275208	-0.50450259447098	-0.61823248863220	73.000000000000	0.0000000000000
3.3800001144409	-0.50622683763504	-0.61669719219208	73.000000000000	0.0000000000000
3.3840000629425	-0.50792527198792	-0.61514753103256	73.000000000000	0.0000000000000
3.3880000114441	-0.50959837436676	-0.61358433961868	73.000000000000	0.0000000000000
3.3919999599457	-0.51124572753906	-0.61200875043869	73.000000000000	0.0000000000000
3.3959999084473	-0.51286774873734	-0.61042153835297	73.000000000000	0.0000000000000
3.4000000953674	-0.51446413993835	-0.60882401466370	73.000000000000	0.0000000000000
3.4040000438690	-0.51603513956070	-0.60721659660339	73.000000000000	0.0000000000000
3.4079999923706	-0.51758140325546	-0.60560047626495	73.000000000000	0.0000000000000
3.4119999408722	-0.51910275220871	-0.60397636890411	73.000000000000	0.0000000000000
3.4159998893738	-0.52059960365295	-0.60234516859055	73.000000000000	0.0000000000000
3.4200000762939	-0.52207249403000	-0.60070753097534	73.000000000000	0.0000000000000
3.4240000247955	-0.52352178096771	-0.59906429052353	73.000000000000	0.0000000000000
3.4279999732971	-0.52494764328003	-0.59741628170013	73.000000000000	0.0000000000000
3.4319999217987	-0.52635091543198	-0.59576380252838	73.000000000000	0.0000000000000
3.4360001087189	-0.52773195505142	-0.59410780668259	73.000000000000	0.0000000000000
3.4400000572205	-0.52909159660339	-0.59244859218597	73.000000000000	0.0000000000000
3.4440000057220	-0.53043013811111	-0.59078687429428	73.000000000000	0.0000000000000
3.4479999542236	-0.53174817562103	-0.58912301063538	73.000000000000	0.0000000000000
3.4519999027252	-0.53304666280746	-0.58745729923248	73.000000000000	0.0000000000000
3.4560000896454	-0.53432601690292	-0.58579021692276	73.000000000000	0.0000000000000
3.4600000381470	-0.53558677434921	-0.58412200212479	73.000000000000	0.0000000000000
3.4639999866486	-0.53682971000671	-0.58245289325714	73.000000000000	0.0000000000000
3.4679999351501	-0.53805541992188	-0.58078294992447	73.000000000000	0.0000000000000
3.4719998836517	-0.53926485776901	-0.57911247014999	73.000000000000	0.0000000000000
3.4760000705719	-0.54045844078064	-0.57744133472443	73.000000000000	0.0000000000000
3.4800000190735	-0.54163682460785	-0.57576960325241	73.000000000000	0.0000000000000
3.4839999675751	-0.54280078411102	-0.57409721612930	73.000000000000	0.0000000000000
3.4879999160767	-0.54395079612732	-0.57242429256439	73.000000000000	0.0000000000000
3.4920001029968	-0.54508721828461	-0.57075023651123	73.000000000000	0.0000000000000
3.4960000514984	-0.54621112346649	-0.56907510757446	73.000000000000	0.0000000000000
3.5000000000000	-0.54732286930084	-0.56739860773087	73.000000000000	0.0000000000000
3.5039999485016	-0.54842269420624	-0.56572031974792	73.000000000000	0.0000000000000
3.5079998970032	-0.54951113462448	-0.56404000520706	73.000000000000	0.0000000000000
3.5120000839233	-0.55058884620667	-0.56235724687576	73.000000000000	0.0000000000000
3.5160000324249	-0.55165600776672	-0.56067174673080	73.000000000000	0.0000000000000
3.5199999809265	-0.55271321535110	-0.55898267030716	73.000000000000	0.0000000000000
3.5239999294281	-0.55376017093658	-0.55728995800018	73.000000000000	0.0000000000000
3.5280001163483	-0.55479776859283	-0.55559289455414	73.000000000000	0.0000000000000
3.5320000648499	-0.55582576990128	-0.55389100313187	73.000000000000	0.0000000000000
3.5360000133514	-0.55684441328049	-0.55218362808228	73.000000000000	0.0000000000000
3.5399999618530	-0.55785399675369	-0.55047017335892	73.000000000000	0.0000000000000
3.5439999103546	-0.55885422229767	-0.54875028133392	73.000000000000	0.0000000000000
3.5480000972748	-0.55984514951706	-0.54702329635620	73.000000000000	0.0000000000000
3.5520000457764	-0.56082648038864	-0.54528868198395	73.000000000000	0.0000000000000
3.5559999942780	-0.56179851293564	-0.54354548454285	73.000000000000	0.0000000000000
3.5599999427795	-0.56276035308838	-0.54179370403290	73.000000000000	0.0000000000000
3.5639998912811	-0.56371259689331	-0.54003238677979	73.000000000000	0.0000000000000
3.5680000782013	-0.56465446949005	-0.53826123476028	73.000000000000	0.0000000000000
3.5720000267029	-0.56558525562286	-0.53647953271866	73.000000000000	0.0000000000000
3.5759999752045	-0.56650519371033	-0.53468692302704	73.000000000000	0.0000000000000
3.5799999237061	-0.56741350889206	-0.53288298845291	73.000000000000	0.0000000000000
3.5840001106262	-0.56830930709839	-0.53106731176376	73.000000000000	0.0000000000000
3.5880000591278	-0.56919258832932	-0.52923923730850	73.000000000000	0.0000000000000
3.5920000076294	-0.57006269693375	-0.52739870548248	73.000000000000	0.0000000000000
3.5959999561310	-0.57091873884201	-0.52554523944855	73.000000000000	0.0000000000000
3.5999999046326	-0.57175981998444	-0.52367871999741	73.000000000000	0.0000000000000
3.6040000915527	-0.57258605957031	-0.52179872989655	73.000000000000	0.0000000000000
3.6080000400543	-0.57339590787888	-0.51990532875061	73.000000000000	0.0000000000000
3.6119999885559	-0.57418870925903	-0.51799827814102	73.000000000000	0.0000000000000
3.6159999370575	-0.57496410608292	-0.51607757806778	73.000000000000	0.0000000000000
3.6199998855591	-0.57572108507156	-0.51414328813553	73.000000000000	0.0000000000000
3.6240000724792	-0.57645845413208	-0.51219528913498	73.000000000000	0.0000000000000
3.6280000209808	-0.57717597484589	-0.51023375988007	73.000000000000	0.0000000000000
3.6319999694824	-0.57787257432938	-0.50825917720795	73.000000000000	0.0000000000000
3.6359999179840	-0.57854723930359	-0.50627130270004	73.000000000000	0.0000000000000
3.6400001049042	-0.57919949293137	-0.50427085161209	73.000000000000	0.0000000000000
3.6440000534058	-0.57982844114304	-0.50225782394409	73.000000000000	0.0000000000000
3.6480000019073	-0.58043301105499	-0.50023299455643	73.000000000000	0.0000000000000
3.6519999504089	-0.58101272583008	-0.49819645285606	73.000000000000	0.0000000000000
3.6559998989105	-0.58156698942184	-0.49614897370338	73.000000000000	0.0000000000000
3.6600000858307	-0.58209443092346	-0.49409118294716	73.000000000000	0.0000000000000
3.6640000343323	-0.58259505033493	-0.49202355742455	73.000000000000	0.0000000000000
3.6679999828339	-0.58306789398193	-0.48994690179825	73.000000000000	0.0000000000000
3.6719999313354	-0.58351236581802	-0.48786175251007	73.000000000000	0.0000000000000
3.6760001182556	-0.58392792940140	-0.48576906323433	73.000000000000	0.0000000000000
3.6800000667572	-0.58431404829025	-0.48366957902908	73.000000000000	0.0000000000000
3.6840000152588	-0.58467018604279	-0.48156413435936	73.000000000000	0.0000000000000
3.6879999637604	-0.58499598503113	-0.47945380210876	73.000000000000	0.0000000000000
3.6919999122620	-0.58529084920883	-0.47733923792839	73.000000000000	0.0000000000000
3.6960000991821	-0.58555513620377	-0.47522133588791	73.000000000000	0.0000000000000
3.7000000476837	-0.58578783273697	-0.47310137748718	73.000000000000	0.0000000000000
3.7039999961853	-0.58598881959915	-0.47098025679588	73.000000000000	0.0000000000000
3.7079999446869	-0.58615839481354	-0.46885868906975	73.000000000000	0.0000000000000
3.7119998931885	-0.58629620075226	-0.46673774719238	73.000000000000	0.0000000000000
3.7160000801086	-0.58640223741531	-0.46461886167526	73.000000000000	0.0000000000000
3.7200000286102	-0.58647656440735	-0.46250253915787	73.000000000000	0.0000000000000
3.7239999771118	-0.58651965856552	-0.46038988232613	73.000000000000	0.0000000000000
3.7279999256134	-0.58653092384338	-0.45828199386597	73.000000000000	0.0000000000000
3.7320001125336	-0.58651119470596	-0.45617997646332	73.000000000000	0.0000000000000
3.7360000610352	-0.58646053075790	-0.45408427715302	73.000000000000	0.0000000000000
3.7400000095367	-0.58637946844101	-0.45199638605118	73.000000000000	0.0000000000000
3.7439999580383	-0.58626812696457	-0.44991683959961	73.000000000000	0.0000000000000
3.7479999065399	-0.58612710237503	-0.44784656167030	73.000000000000	0.0000000000000
3.7520000934601	-0.58595687150955	-0.44578665494919	73.000000000000	0.0000000000000
3.7560000419617	-0.58575820922852	-0.44373756647110	73.000000000000	0.0000000000000
3.7599999904633	-0.58553147315979	-0.44170022010803	73.000000000000	0.0000000000000
3.7639999389648	-0.58527737855911	-0.43967503309250	73.000000000000	0.0000000000000
3.7679998874664	-0.58499675989151	-0.43766307830811	73.000000000000	0.0000000000000
3.7720000743866	-0.58468991518021	-0.43566495180130	73.000000000000	0.0000000000000
3.7760000228882	-0.58435797691345	-0.43368062376976	73.000000000000	0.0000000000000
3.7799999713898	-0.58400154113770	-0.43171119689941	73.000000000000	0.0000000000000
3.7839999198914	-0.58362162113190	-0.42975679039955	73.000000000000	0.0000000000000
3.7880001068115	-0.58321875333786	-0.42781797051430	73.000000000000	0.0000000000000
3.7920000553131	-0.58279389142990	-0.42589488625526	73.000000000000	0.0000000000000
3.7960000038147	-0.58234792947769	-0.42398765683174	73.000000000000	0.0000000000000
3.7999999523163	-0.58188188076019	-0.42209663987160	73.000000000000	0.0000000000000
3.8039999008179	-0.58139598369598	-0.42022201418877	73.000000000000	0.0000000000000
3.8080000877380	-0.58089137077332	-0.41836366057396	73.000000000000	0.0000000000000
3.8120000362396	-0.58036923408508	-0.41652145981789	73.000000000000	0.0000000000000
3.8159999847412	-0.57982975244522	-0.41469565033913	73.000000000000	0.0000000000000
3.8199999332428	-0.57927411794662	-0.41288593411446	73.000000000000	0.0000000000000
3.8239998817444	-0.57870292663574	-0.41109216213226	73.000000000000	0.0000000000000
3.8280000686646	-0.57811677455902	-0.40931415557861	73.000000000000	0.0000000000000
3.8320000171661	-0.57751667499542	-0.40755125880241	73.000000000000	0.0000000000000
3.8359999656677	-0.57690304517746	-0.40580359101295	73.000000000000	0.0000000000000
3.8399999141693	-0.57627660036087	-0.40407040715218	73.000000000000	0.0000000000000
3.8440001010895	-0.57563757896423	-0.40235140919685	73.000000000000	0.0000000000000
3.8480000495911	-0.57498681545258	-0.40064615011215	73.000000000000	0.0000000000000
3.8519999980927	-0.57432484626770	-0.39895400404930	73.000000000000	0.0000000000000
3.8559999465942	-0.57365161180496	-0.39727443456650	73.000000000000	0.0000000000000
3.8599998950958	-0.57296794652939	-0.39560690522194	73.000000000000	0.0000000000000
3.8640000820160	-0.57227367162704	-0.39395064115524	73.000000000000	0.0000000000000
3.8680000305176	-0.57156932353973	-0.39230516552925	73.000000000000	0.0000000000000
3.8719999790192	-0.57085490226746	-0.39066994190216	73.000000000000	0.0000000000000
3.8759999275208	-0.57013064622879	-0.38904407620430	73.000000000000	0.0000000000000
3.8800001144409	-0.56939607858658	-0.38742709159851	73.000000000000	0.0000000000000
3.8840000629425	-0.56865173578262	-0.38581818342209	73.000000000000	0.0000000000000
3.8880000114441	-0.56789714097977	-0.38421690464020	73.000000000000	0.0000000000000
3.8919999599457	-0.56713217496872	-0.38262253999710	73.000000000000	0.0000000000000
3.8959999084473	-0.56635653972626	-0.38103440403938	73.000000000000	0.0000000000000
3.9000000953674	-0.56556993722916	-0.37945178151131	73.000000000000	0.0000000000000
3.9040000438690	-0.56477212905884	-0.37787437438965	73.000000000000	0.0000000000000
3.9079999923706	-0.56396234035492	-0.37630170583725	73.000000000000	0.0000000000000
3.9119999408722	-0.56314021348953	-0.37473294138908	73.000000000000	0.0000000000000
3.9159998893738	-0.56230527162552	-0.37316787242889	73.000000000000	0.0000000000000
3.9200000762939	-0.56145685911179	-0.37160605192184	73.000000000000	0.0000000000000
3.9240000247955	-0.56059402227402	-0.37004700303078	73.000000000000	0.0000000000000
3.9279999732971	-0.55971640348434	-0.36849054694176	73.000000000000	0.0000000000000
3.9319999217987	-0.55882304906845	-0.36693656444550	73.000000000000	0.0000000000000
3.9360001087189	-0.55791306495667	-0.36538475751877	73.000000000000	0.0000000000000
3.9400000572205	-0.55698567628860	-0.36383506655693	73.000000000000	0.0000000000000
3.9440000057220	-0.55604022741318	-0.36228725314140	73.000000000000	0.0000000000000
3.9479999542236	-0.55507546663284	-0.36074164509773	73.000000000000	0.0000000000000
3.9519999027252	-0.55409073829651	-0.35919827222824	73.000000000000	0.0000000000000
3.9560000896454	-0.55308479070663	-0.35765749216080	73.000000000000	0.0000000000000
3.9600000381470	-0.55205720663071	-0.35611903667450	73.000000000000	0.0000000000000
3.9639999866486	-0.55100649595261	-0.35458388924599	73.000000000000	0.0000000000000
3.9679999351501	-0.54993212223053	-0.35305202007294	73.000000000000	0.0000000000000
3.9719998836517	-0.54883283376694	-0.35152405500412	73.000000000000	0.0000000000000
3.9760000705719	-0.54770791530609	-0.35000082850456	73.000000000000	0.0000000000000
3.9800000190735	-0.54655647277832	-0.34848260879517	73.000000000000	0.0000000000000
3.9839999675751	-0.54537761211395	-0.34697079658508	73.000000000000	0.0000000000000
3.9879999160767	-0.54417043924332	-0.34546548128128	73.000000000000	0.0000000000000
3.9920001029968	-0.54293429851532	-0.34396770596504	73.000000000000	0.0000000000000
3.9960000514984	-0.54166817665100	-0.34247899055481	73.000000000000	0.0000000000000
4.0000000000000	-0.54037159681320	-0.34099978208542	73.000000000000	0.0000000000000
