#Parameters = {d=70; L=50}
#"Frequency / GHz"	"S1,1 (d=70) [Re]"	"S1,1 (d=70) [Im]"	"Ref.Imp. [Re]"	"Ref.Imp. [Im]"
#---------------------------------------------------------------------------------------
0.0000000000000	0.99625462293625	-0.0000000000000	73.000000000000	0.0000000000000
0.0040000001899898	0.99622011184692	-0.0087102297693491	73.000000000000	0.0000000000000
0.0080000003799796	0.99611687660217	-0.017420383170247	73.000000000000	0.0000000000000
0.012000000104308	0.99594449996948	-0.026130372658372	73.000000000000	0.0000000000000
0.016000000759959	0.99570327997208	-0.034840121865273	73.000000000000	0.0000000000000
0.019999999552965	0.99539273977280	-0.043549530208111	73.000000000000	0.0000000000000
0.024000000208616	0.99501287937164	-0.052258487790823	73.000000000000	0.0000000000000
0.028000000864267	0.99456351995468	-0.060966875404119	73.000000000000	0.0000000000000
0.032000001519918	0.99404430389404	-0.069674551486969	73.000000000000	0.0000000000000
0.035999998450279	0.99345511198044	-0.078381367027760	73.000000000000	0.0000000000000
0.039999999105930	0.99279540777206	-0.087087109684944	73.000000000000	0.0000000000000
0.043999999761581	0.99206513166428	-0.095791615545750	73.000000000000	0.0000000000000
0.048000000417233	0.99126362800598	-0.10449462383986	73.000000000000	0.0000000000000
0.052000001072884	0.99039083719254	-0.11319587379694	73.000000000000	0.0000000000000
0.056000001728535	0.98944604396820	-0.12189505994320	73.000000000000	0.0000000000000
0.059999998658895	0.98842895030975	-0.13059186935425	73.000000000000	0.0000000000000
0.064000003039837	0.98733907938004	-0.13928590714931	73.000000000000	0.0000000000000
0.068000003695488	0.98617595434189	-0.14797683060169	73.000000000000	0.0000000000000
0.071999996900558	0.98493915796280	-0.15666411817074	73.000000000000	0.0000000000000
0.075999997556210	0.98362803459167	-0.16534733772278	73.000000000000	0.0000000000000
0.079999998211861	0.98224216699600	-0.17402595281601	73.000000000000	0.0000000000000
0.083999998867512	0.98078095912933	-0.18269939720631	73.000000000000	0.0000000000000
0.087999999523163	0.97924399375916	-0.19136704504490	73.000000000000	0.0000000000000
0.092000000178814	0.97763073444366	-0.20002828538418	73.000000000000	0.0000000000000
0.096000000834465	0.97594058513641	-0.20868238806725	73.000000000000	0.0000000000000
0.10000000149012	0.97417306900024	-0.21732860803604	73.000000000000	0.0000000000000
0.10400000214577	0.97232776880264	-0.22596617043018	73.000000000000	0.0000000000000
0.10800000280142	0.97040402889252	-0.23459427058697	73.000000000000	0.0000000000000
0.11200000345707	0.96840149164200	-0.24321202933788	73.000000000000	0.0000000000000
0.11599999666214	0.96631956100464	-0.25181847810745	73.000000000000	0.0000000000000
0.11999999731779	0.96415805816650	-0.26041275262833	73.000000000000	0.0000000000000
0.12399999797344	0.96191638708115	-0.26899379491806	73.000000000000	0.0000000000000
0.12800000607967	0.95959413051605	-0.27756065130234	73.000000000000	0.0000000000000
0.13199999928474	0.95719099044800	-0.28611212968826	73.000000000000	0.0000000000000
0.13600000739098	0.95470654964447	-0.29464715719223	73.000000000000	0.0000000000000
0.14000000059605	0.95214051008224	-0.30316469073296	73.000000000000	0.0000000000000
0.14399999380112	0.94949275255203	-0.31166341900826	73.000000000000	0.0000000000000
0.14800000190735	0.94676291942596	-0.32014220952988	73.000000000000	0.0000000000000
0.15199999511242	0.94395089149475	-0.32859984040260	73.000000000000	0.0000000000000
0.15600000321865	0.94105666875839	-0.33703505992889	73.000000000000	0.0000000000000
0.15999999642372	0.93807977437973	-0.34544655680656	73.000000000000	0.0000000000000
0.16400000452995	0.93502056598663	-0.35383301973343	73.000000000000	0.0000000000000
0.16799999773502	0.93187880516052	-0.36219322681427	73.000000000000	0.0000000000000
0.17200000584126	0.92865455150604	-0.37052571773529	73.000000000000	0.0000000000000
0.17599999904633	0.92534798383713	-0.37882918119431	73.000000000000	0.0000000000000
0.18000000715256	0.92195922136307	-0.38710239529610	73.000000000000	0.0000000000000
0.18400000035763	0.91848844289780	-0.39534381031990	73.000000000000	0.0000000000000
0.18799999356270	0.91493594646454	-0.40355217456818	73.000000000000	0.0000000000000
0.19200000166893	0.91130197048187	-0.41172614693642	73.000000000000	0.0000000000000
0.19599999487400	0.90758681297302	-0.41986435651779	73.000000000000	0.0000000000000
0.20000000298023	0.90379118919373	-0.42796540260315	73.000000000000	0.0000000000000
0.20399999618530	0.89991497993469	-0.43602800369263	73.000000000000	0.0000000000000
0.20800000429153	0.89595931768417	-0.44405084848404	73.000000000000	0.0000000000000
0.21199999749660	0.89192438125610	-0.45203259587288	73.000000000000	0.0000000000000
0.21600000560284	0.88781076669693	-0.45997196435928	73.000000000000	0.0000000000000
0.21999999880791	0.88361924886703	-0.46786767244339	73.000000000000	0.0000000000000
0.22400000691414	0.87935048341751	-0.47571852803230	73.000000000000	0.0000000000000
0.22800000011921	0.87500536441803	-0.48352333903313	73.000000000000	0.0000000000000
0.23199999332428	0.87058436870575	-0.49128082394600	73.000000000000	0.0000000000000
0.23600000143051	0.86608868837357	-0.49898990988731	73.000000000000	0.0000000000000
0.23999999463558	0.86151874065399	-0.50664949417114	73.000000000000	0.0000000000000
0.24400000274181	0.85687571763992	-0.51425838470459	73.000000000000	0.0000000000000
0.24799999594688	0.85216057300568	-0.52181571722031	73.000000000000	0.0000000000000
0.25200000405312	0.84737408161163	-0.52932035923004	73.000000000000	0.0000000000000
0.25600001215935	0.84251743555069	-0.53677147626877	73.000000000000	0.0000000000000
0.25999999046326	0.83759152889252	-0.54416805505753	73.000000000000	0.0000000000000
0.26399999856949	0.83259743452072	-0.55150938034058	73.000000000000	0.0000000000000
0.26800000667572	0.82753604650497	-0.55879449844360	73.000000000000	0.0000000000000
0.27200001478195	0.82240879535675	-0.56602269411087	73.000000000000	0.0000000000000
0.27599999308586	0.81721645593643	-0.57319319248199	73.000000000000	0.0000000000000
0.28000000119209	0.81196022033691	-0.58030545711517	73.000000000000	0.0000000000000
0.28400000929832	0.80664116144180	-0.58735883235931	73.000000000000	0.0000000000000
0.28799998760223	0.80126059055328	-0.59435266256332	73.000000000000	0.0000000000000
0.29199999570847	0.79581922292709	-0.60128647089005	73.000000000000	0.0000000000000
0.29600000381470	0.79031854867935	-0.60815984010696	73.000000000000	0.0000000000000
0.30000001192093	0.78475964069366	-0.61497235298157	73.000000000000	0.0000000000000
0.30399999022484	0.77914333343506	-0.62172359228134	73.000000000000	0.0000000000000
0.30799999833107	0.77347075939178	-0.62841320037842	73.000000000000	0.0000000000000
0.31200000643730	0.76774322986603	-0.63504111766815	73.000000000000	0.0000000000000
0.31600001454353	0.76196157932281	-0.64160692691803	73.000000000000	0.0000000000000
0.31999999284744	0.75612682104111	-0.64811044931412	73.000000000000	0.0000000000000
0.32400000095367	0.75024014711380	-0.65455162525177	73.000000000000	0.0000000000000
0.32800000905991	0.74430227279663	-0.66093009710312	73.000000000000	0.0000000000000
0.33199998736382	0.73831421136856	-0.66724616289139	73.000000000000	0.0000000000000
0.33599999547005	0.73227715492249	-0.67349958419800	73.000000000000	0.0000000000000
0.34000000357628	0.72619152069092	-0.67969036102295	73.000000000000	0.0000000000000
0.34400001168251	0.72005856037140	-0.68581849336624	73.000000000000	0.0000000000000
0.34799998998642	0.71387887001038	-0.69188421964645	73.000000000000	0.0000000000000
0.35199999809265	0.70765316486359	-0.69788736104965	73.000000000000	0.0000000000000
0.35600000619888	0.70138245820999	-0.70382815599442	73.000000000000	0.0000000000000
0.36000001430511	0.69506710767746	-0.70970672369003	73.000000000000	0.0000000000000
0.36399999260902	0.68870794773102	-0.71552318334579	73.000000000000	0.0000000000000
0.36800000071526	0.68230563402176	-0.72127771377563	73.000000000000	0.0000000000000
0.37200000882149	0.67586064338684	-0.72697043418884	73.000000000000	0.0000000000000
0.37599998712540	0.66937339305878	-0.73260140419006	73.000000000000	0.0000000000000
0.37999999523163	0.66284435987473	-0.73817098140717	73.000000000000	0.0000000000000
0.38400000333786	0.65627408027649	-0.74367916584015	73.000000000000	0.0000000000000
0.38800001144409	0.64966315031052	-0.74912607669830	73.000000000000	0.0000000000000
0.39199998974800	0.64301139116287	-0.75451201200485	73.000000000000	0.0000000000000
0.39599999785423	0.63631933927536	-0.75983703136444	73.000000000000	0.0000000000000
0.40000000596046	0.62958747148514	-0.76510125398636	73.000000000000	0.0000000000000
0.40400001406670	0.62281572818756	-0.77030473947525	73.000000000000	0.0000000000000
0.40799999237061	0.61600428819656	-0.77544760704041	73.000000000000	0.0000000000000
0.41200000047684	0.60915344953537	-0.78052979707718	73.000000000000	0.0000000000000
0.41600000858307	0.60226297378540	-0.78555142879486	73.000000000000	0.0000000000000
0.41999998688698	0.59533339738846	-0.79051256179810	73.000000000000	0.0000000000000
0.42399999499321	0.58836454153061	-0.79541307687759	73.000000000000	0.0000000000000
0.42800000309944	0.58135640621185	-0.80025279521942	73.000000000000	0.0000000000000
0.43200001120567	0.57430875301361	-0.80503177642822	73.000000000000	0.0000000000000
0.43599998950958	0.56722205877304	-0.80974978208542	73.000000000000	0.0000000000000
0.43999999761581	0.56009578704834	-0.81440663337708	73.000000000000	0.0000000000000
0.44400000572205	0.55293023586273	-0.81900209188461	73.000000000000	0.0000000000000
0.44800001382828	0.54572486877441	-0.82353585958481	73.000000000000	0.0000000000000
0.45199999213219	0.53847992420197	-0.82800763845444	73.000000000000	0.0000000000000
0.45600000023842	0.53119528293610	-0.83241695165634	73.000000000000	0.0000000000000
0.46000000834465	0.52387070655823	-0.83676344156265	73.000000000000	0.0000000000000
0.46399998664856	0.51650613546371	-0.84104651212692	73.000000000000	0.0000000000000
0.46799999475479	0.50910145044327	-0.84526592493057	73.000000000000	0.0000000000000
0.47200000286102	0.50165659189224	-0.84942084550858	73.000000000000	0.0000000000000
0.47600001096725	0.49417141079903	-0.85351067781448	73.000000000000	0.0000000000000
0.47999998927116	0.48664587736130	-0.85753494501114	73.000000000000	0.0000000000000
0.48399999737740	0.47908002138138	-0.86149257421494	73.000000000000	0.0000000000000
0.48800000548363	0.47147357463837	-0.86538302898407	73.000000000000	0.0000000000000
0.49200001358986	0.46382674574852	-0.86920553445816	73.000000000000	0.0000000000000
0.49599999189377	0.45613950490952	-0.87295895814896	73.000000000000	0.0000000000000
0.50000000000000	0.44841170310974	-0.87664276361465	73.000000000000	0.0000000000000
0.50400000810623	0.44064408540726	-0.88025557994843	73.000000000000	0.0000000000000
0.50800001621246	0.43283599615097	-0.88379675149918	73.000000000000	0.0000000000000
0.51200002431870	0.42498803138733	-0.88726502656937	73.000000000000	0.0000000000000
0.51599997282028	0.41710039973259	-0.89065945148468	73.000000000000	0.0000000000000
0.51999998092651	0.40917330980301	-0.89397895336151	73.000000000000	0.0000000000000
0.52399998903275	0.40120705962181	-0.89722222089767	73.000000000000	0.0000000000000
0.52799999713898	0.39320191740990	-0.90038830041885	73.000000000000	0.0000000000000
0.53200000524521	0.38515865802765	-0.90347599983215	73.000000000000	0.0000000000000
0.53600001335144	0.37707751989365	-0.90648394823074	73.000000000000	0.0000000000000
0.54000002145767	0.36895918846130	-0.90941119194031	73.000000000000	0.0000000000000
0.54400002956390	0.36080422997475	-0.91225624084473	73.000000000000	0.0000000000000
0.54799997806549	0.35261332988739	-0.91501796245575	73.000000000000	0.0000000000000
0.55199998617172	0.34438708424568	-0.91769516468048	73.000000000000	0.0000000000000
0.55599999427795	0.33612629771233	-0.92028647661209	73.000000000000	0.0000000000000
0.56000000238419	0.32783216238022	-0.92279088497162	73.000000000000	0.0000000000000
0.56400001049042	0.31950548291206	-0.92520689964294	73.000000000000	0.0000000000000
0.56800001859665	0.31114700436592	-0.92753338813782	73.000000000000	0.0000000000000
0.57200002670288	0.30275833606720	-0.92976927757263	73.000000000000	0.0000000000000
0.57599997520447	0.29434013366699	-0.93191331624985	73.000000000000	0.0000000000000
0.57999998331070	0.28589376807213	-0.93396413326263	73.000000000000	0.0000000000000
0.58399999141693	0.27742069959641	-0.93592089414597	73.000000000000	0.0000000000000
0.58799999952316	0.26892170310020	-0.93778234720230	73.000000000000	0.0000000000000
0.59200000762939	0.26039898395538	-0.93954753875732	73.000000000000	0.0000000000000
0.59600001573563	0.25185313820839	-0.94121533632278	73.000000000000	0.0000000000000
0.60000002384186	0.24328617751598	-0.94278478622437	73.000000000000	0.0000000000000
0.60399997234344	0.23469975590706	-0.94425499439240	73.000000000000	0.0000000000000
0.60799998044968	0.22609548270702	-0.94562512636185	73.000000000000	0.0000000000000
0.61199998855591	0.21747457981110	-0.94689428806305	73.000000000000	0.0000000000000
0.61599999666214	0.20883919298649	-0.94806170463562	73.000000000000	0.0000000000000
0.62000000476837	0.20019060373306	-0.94912672042847	73.000000000000	0.0000000000000
0.62400001287460	0.19153124094009	-0.95008867979050	73.000000000000	0.0000000000000
0.62800002098083	0.18286243081093	-0.95094698667526	73.000000000000	0.0000000000000
0.63200002908707	0.17418646812439	-0.95170128345490	73.000000000000	0.0000000000000
0.63599997758865	0.16550464928150	-0.95235097408295	73.000000000000	0.0000000000000
0.63999998569489	0.15681904554367	-0.95289576053619	73.000000000000	0.0000000000000
0.64399999380112	0.14813244342804	-0.95333522558212	73.000000000000	0.0000000000000
0.64800000190735	0.13944536447525	-0.95366942882538	73.000000000000	0.0000000000000
0.65200001001358	0.13076098263264	-0.95389807224274	73.000000000000	0.0000000000000
0.65600001811981	0.12208081036806	-0.95402109622955	73.000000000000	0.0000000000000
0.66000002622604	0.11340619623661	-0.95403856039047	73.000000000000	0.0000000000000
0.66399997472763	0.10473954677582	-0.95395070314407	73.000000000000	0.0000000000000
0.66799998283386	0.096083648502827	-0.95375734567642	73.000000000000	0.0000000000000
0.67199999094009	0.087438553571701	-0.95345914363861	73.000000000000	0.0000000000000
0.67599999904633	0.078807979822159	-0.95305609703064	73.000000000000	0.0000000000000
0.68000000715256	0.070192895829678	-0.95254892110825	73.000000000000	0.0000000000000
0.68400001525879	0.061595607548952	-0.95193779468536	73.000000000000	0.0000000000000
0.68800002336502	0.053017079830170	-0.95122343301773	73.000000000000	0.0000000000000
0.69199997186661	0.044460043311119	-0.95040643215179	73.000000000000	0.0000000000000
0.69599997997284	0.035925876349211	-0.94948750734329	73.000000000000	0.0000000000000
0.69999998807907	0.027416381984949	-0.94846725463867	73.000000000000	0.0000000000000
0.70399999618530	0.018932888284326	-0.94734674692154	73.000000000000	0.0000000000000
0.70800000429153	0.010476708412170	-0.94612652063370	73.000000000000	0.0000000000000
0.71200001239777	0.0020504824351519	-0.94480770826340	73.000000000000	0.0000000000000
0.71600002050400	-0.0063454299233854	-0.94339126348495	73.000000000000	0.0000000000000
0.72000002861023	-0.014709344133735	-0.94187813997269	73.000000000000	0.0000000000000
0.72399997711182	-0.023039598017931	-0.94026929140091	73.000000000000	0.0000000000000
0.72799998521805	-0.031335014849901	-0.93856602907181	73.000000000000	0.0000000000000
0.73199999332428	-0.039594445377588	-0.93676930665970	73.000000000000	0.0000000000000
0.73600000143051	-0.047817207872868	-0.93488025665283	73.000000000000	0.0000000000000
0.74000000953674	-0.056001767516136	-0.93290007114410	73.000000000000	0.0000000000000
0.74400001764297	-0.064147502183914	-0.93082988262177	73.000000000000	0.0000000000000
0.74800002574921	-0.072252929210663	-0.92867106199265	73.000000000000	0.0000000000000
0.75199997425079	-0.080317504703999	-0.92642462253571	73.000000000000	0.0000000000000
0.75599998235703	-0.088341541588306	-0.92409163713455	73.000000000000	0.0000000000000
0.75999999046326	-0.096322812139988	-0.92167365550995	73.000000000000	0.0000000000000
0.76399999856949	-0.10426168143749	-0.91917151212692	73.000000000000	0.0000000000000
0.76800000667572	-0.11215768009424	-0.91658645868301	73.000000000000	0.0000000000000
0.77200001478195	-0.12000952661037	-0.91391974687576	73.000000000000	0.0000000000000
0.77600002288818	-0.12781767547131	-0.91117238998413	73.000000000000	0.0000000000000
0.77999997138977	-0.13558211922646	-0.90834516286850	73.000000000000	0.0000000000000
0.78399997949600	-0.14330209791660	-0.90543949604034	73.000000000000	0.0000000000000
0.78799998760223	-0.15097722411156	-0.90245628356934	73.000000000000	0.0000000000000
0.79199999570847	-0.15860840678215	-0.89939624071121	73.000000000000	0.0000000000000
0.79600000381470	-0.16619491577148	-0.89626038074493	73.000000000000	0.0000000000000
0.80000001192093	-0.17373679578304	-0.89304947853088	73.000000000000	0.0000000000000
0.80400002002716	-0.18123416602612	-0.88976430892944	73.000000000000	0.0000000000000
0.80800002813339	-0.18868751823902	-0.88640558719635	73.000000000000	0.0000000000000
0.81199997663498	-0.19609692692757	-0.88297373056412	73.000000000000	0.0000000000000
0.81599998474121	-0.20346291363239	-0.87946927547455	73.000000000000	0.0000000000000
0.81999999284744	-0.21078465878963	-0.87589293718338	73.000000000000	0.0000000000000
0.82400000095367	-0.21806387603283	-0.87224465608597	73.000000000000	0.0000000000000
0.82800000905991	-0.22529979050159	-0.86852502822876	73.000000000000	0.0000000000000
0.83200001716614	-0.23249317705631	-0.86473393440247	73.000000000000	0.0000000000000
0.83600002527237	-0.23964443802834	-0.86087179183960	73.000000000000	0.0000000000000
0.83999997377396	-0.24675349891186	-0.85693830251694	73.000000000000	0.0000000000000
0.84399998188019	-0.25382152199745	-0.85293346643448	73.000000000000	0.0000000000000
0.84799998998642	-0.26084825396538	-0.84885692596436	73.000000000000	0.0000000000000
0.85199999809265	-0.26783362030983	-0.84470868110657	73.000000000000	0.0000000000000
0.85600000619888	-0.27477893233299	-0.84048801660538	73.000000000000	0.0000000000000
0.86000001430511	-0.28168347477913	-0.83619475364685	73.000000000000	0.0000000000000
0.86400002241135	-0.28854766488075	-0.83182799816132	73.000000000000	0.0000000000000
0.86799997091293	-0.29537191987038	-0.82738727331161	73.000000000000	0.0000000000000
0.87199997901917	-0.30215612053871	-0.82287162542343	73.000000000000	0.0000000000000
0.87599998712540	-0.30890050530434	-0.81828022003174	73.000000000000	0.0000000000000
0.87999999523163	-0.31560477614403	-0.81361222267151	73.000000000000	0.0000000000000
0.88400000333786	-0.32226866483688	-0.80886667966843	73.000000000000	0.0000000000000
0.88800001144409	-0.32889246940613	-0.80404222011566	73.000000000000	0.0000000000000
0.89200001955032	-0.33547535538673	-0.79913789033890	73.000000000000	0.0000000000000
0.89600002765656	-0.34201741218567	-0.79415214061737	73.000000000000	0.0000000000000
0.89999997615814	-0.34851795434952	-0.78908377885818	73.000000000000	0.0000000000000
0.90399998426437	-0.35497584939003	-0.78393179178238	73.000000000000	0.0000000000000
0.90799999237061	-0.36139088869095	-0.77869421243668	73.000000000000	0.0000000000000
0.91200000047684	-0.36776247620583	-0.77336961030960	73.000000000000	0.0000000000000
0.91600000858307	-0.37408909201622	-0.76795679330826	73.000000000000	0.0000000000000
0.92000001668930	-0.38036987185478	-0.76245397329330	73.000000000000	0.0000000000000
0.92400002479553	-0.38660347461700	-0.75685954093933	73.000000000000	0.0000000000000
0.92799997329712	-0.39278849959373	-0.75117206573486	73.000000000000	0.0000000000000
0.93199998140335	-0.39892321825027	-0.74538987874985	73.000000000000	0.0000000000000
0.93599998950958	-0.40500611066818	-0.73951148986816	73.000000000000	0.0000000000000
0.93999999761581	-0.41103595495224	-0.73353475332260	73.000000000000	0.0000000000000
0.94400000572205	-0.41700944304466	-0.72745895385742	73.000000000000	0.0000000000000
0.94800001382828	-0.42292559146881	-0.72128182649612	73.000000000000	0.0000000000000
0.95200002193451	-0.42878150939941	-0.71500217914581	73.000000000000	0.0000000000000
0.95599997043610	-0.43457490205765	-0.70861852169037	73.000000000000	0.0000000000000
0.95999997854233	-0.44030305743217	-0.70212936401367	73.000000000000	0.0000000000000
0.96399998664856	-0.44596308469772	-0.69553357362747	73.000000000000	0.0000000000000
0.96799999475479	-0.45155265927315	-0.68882942199707	73.000000000000	0.0000000000000
0.97200000286102	-0.45706814527512	-0.68201619386673	73.000000000000	0.0000000000000
0.97600001096725	-0.46250617504120	-0.67509281635284	73.000000000000	0.0000000000000
0.98000001907349	-0.46786391735077	-0.66805785894394	73.000000000000	0.0000000000000
0.98400002717972	-0.47313731908798	-0.66091102361679	73.000000000000	0.0000000000000
0.98799997568130	-0.47832319140434	-0.65365117788315	73.000000000000	0.0000000000000
0.99199998378754	-0.48341733217239	-0.64627784490585	73.000000000000	0.0000000000000
0.99599999189377	-0.48841640353203	-0.63879042863846	73.000000000000	0.0000000000000
1.0000000000000	-0.49331566691399	-0.63118880987167	73.000000000000	0.0000000000000
1.0039999485016	-0.49811109900475	-0.62347310781479	73.000000000000	0.0000000000000
1.0080000162125	-0.50279879570007	-0.61564290523529	73.000000000000	0.0000000000000
1.0119999647141	-0.50737386941910	-0.60769873857498	73.000000000000	0.0000000000000
1.0160000324249	-0.51183259487152	-0.59964048862457	73.000000000000	0.0000000000000
1.0199999809265	-0.51616954803467	-0.59146964550018	73.000000000000	0.0000000000000
1.0240000486374	-0.52038049697876	-0.58318614959717	73.000000000000	0.0000000000000
1.0279999971390	-0.52446091175079	-0.57479155063629	73.000000000000	0.0000000000000
1.0319999456406	-0.52840548753738	-0.56628704071045	73.000000000000	0.0000000000000
1.0360000133514	-0.53220999240875	-0.55767393112183	73.000000000000	0.0000000000000
1.0399999618530	-0.53586924076080	-0.54895383119583	73.000000000000	0.0000000000000
1.0440000295639	-0.53937858343124	-0.54012900590897	73.000000000000	0.0000000000000
1.0479999780655	-0.54273271560669	-0.53120118379593	73.000000000000	0.0000000000000
1.0520000457764	-0.54592734575272	-0.52217304706573	73.000000000000	0.0000000000000
1.0559999942780	-0.54895710945129	-0.51304733753204	73.000000000000	0.0000000000000
1.0599999427795	-0.55181747674942	-0.50382673740387	73.000000000000	0.0000000000000
1.0640000104904	-0.55450344085693	-0.49451434612274	73.000000000000	0.0000000000000
1.0679999589920	-0.55701023340225	-0.48511379957199	73.000000000000	0.0000000000000
1.0720000267029	-0.55933320522308	-0.47562849521637	73.000000000000	0.0000000000000
1.0759999752045	-0.56146770715714	-0.46606236696243	73.000000000000	0.0000000000000
1.0800000429153	-0.56340932846069	-0.45641961693764	73.000000000000	0.0000000000000
1.0839999914169	-0.56515330076218	-0.44670480489731	73.000000000000	0.0000000000000
1.0880000591278	-0.56669569015503	-0.43692219257355	73.000000000000	0.0000000000000
1.0920000076294	-0.56803178787231	-0.42707696557045	73.000000000000	0.0000000000000
1.0959999561310	-0.56915837526321	-0.41717401146889	73.000000000000	0.0000000000000
1.1000000238419	-0.57007080316544	-0.40721869468689	73.000000000000	0.0000000000000
1.1039999723434	-0.57076555490494	-0.39721664786339	73.000000000000	0.0000000000000
1.1080000400543	-0.57123893499374	-0.38717368245125	73.000000000000	0.0000000000000
1.1119999885559	-0.57148802280426	-0.37709575891495	73.000000000000	0.0000000000000
1.1160000562668	-0.57150924205780	-0.36698898673058	73.000000000000	0.0000000000000
1.1200000047684	-0.57129985094070	-0.35685980319977	73.000000000000	0.0000000000000
1.1239999532700	-0.57085704803467	-0.34671488404274	73.000000000000	0.0000000000000
1.1280000209808	-0.57017827033997	-0.33656108379364	73.000000000000	0.0000000000000
1.1319999694824	-0.56926143169403	-0.32640495896339	73.000000000000	0.0000000000000
1.1360000371933	-0.56810462474823	-0.31625396013260	73.000000000000	0.0000000000000
1.1399999856949	-0.56670594215393	-0.30611515045166	73.000000000000	0.0000000000000
1.1440000534058	-0.56506419181824	-0.29599612951279	73.000000000000	0.0000000000000
1.1480000019073	-0.56317788362503	-0.28590416908264	73.000000000000	0.0000000000000
1.1519999504089	-0.56104636192322	-0.27584707736969	73.000000000000	0.0000000000000
1.1560000181198	-0.55866914987564	-0.26583236455917	73.000000000000	0.0000000000000
1.1599999666214	-0.55604588985443	-0.25586810708046	73.000000000000	0.0000000000000
1.1640000343323	-0.55317670106888	-0.24596177041531	73.000000000000	0.0000000000000
1.1679999828339	-0.55006217956543	-0.23612155020237	73.000000000000	0.0000000000000
1.1720000505447	-0.54670262336731	-0.22635531425476	73.000000000000	0.0000000000000
1.1759999990463	-0.54309928417206	-0.21667112410069	73.000000000000	0.0000000000000
1.1799999475479	-0.53925353288651	-0.20707701146603	73.000000000000	0.0000000000000
1.1840000152588	-0.53516697883606	-0.19758084416389	73.000000000000	0.0000000000000
1.1879999637604	-0.53084164857864	-0.18819080293179	73.000000000000	0.0000000000000
1.1920000314713	-0.52628010511398	-0.17891447246075	73.000000000000	0.0000000000000
1.1959999799728	-0.52148491144180	-0.16976010799408	73.000000000000	0.0000000000000
1.2000000476837	-0.51645892858505	-0.16073523461819	73.000000000000	0.0000000000000
1.2039999961853	-0.51120579242706	-0.15184770524502	73.000000000000	0.0000000000000
1.2079999446869	-0.50572896003723	-0.14310529828072	73.000000000000	0.0000000000000
1.2120000123978	-0.50003248453140	-0.13451541960239	73.000000000000	0.0000000000000
1.2159999608994	-0.49412077665329	-0.12608523666859	73.000000000000	0.0000000000000
1.2200000286102	-0.48799833655357	-0.11782225221395	73.000000000000	0.0000000000000
1.2239999771118	-0.48167029023170	-0.10973356664181	73.000000000000	0.0000000000000
1.2280000448227	-0.47514173388481	-0.10182591527700	73.000000000000	0.0000000000000
1.2319999933243	-0.46841821074486	-0.094106100499630	73.000000000000	0.0000000000000
1.2359999418259	-0.46150559186935	-0.086580596864223	73.000000000000	0.0000000000000
1.2400000095367	-0.45440998673439	-0.079255655407906	73.000000000000	0.0000000000000
1.2439999580383	-0.44713771343231	-0.072137504816055	73.000000000000	0.0000000000000
1.2480000257492	-0.43969538807869	-0.065231911838055	73.000000000000	0.0000000000000
1.2519999742508	-0.43208995461464	-0.058544185012579	73.000000000000	0.0000000000000
1.2560000419617	-0.42432838678360	-0.052079897373915	73.000000000000	0.0000000000000
1.2599999904633	-0.41641822457314	-0.045843955129385	73.000000000000	0.0000000000000
1.2640000581741	-0.40836676955223	-0.039841070771217	73.000000000000	0.0000000000000
1.2680000066757	-0.40018188953400	-0.034075591713190	73.000000000000	0.0000000000000
1.2719999551773	-0.39187142252922	-0.028551723808050	73.000000000000	0.0000000000000
1.2760000228882	-0.38344353437424	-0.023273224011064	73.000000000000	0.0000000000000
1.2799999713898	-0.37490636110306	-0.018243629485369	73.000000000000	0.0000000000000
1.2840000391006	-0.36626833677292	-0.013465898111463	73.000000000000	0.0000000000000
1.2879999876022	-0.35753798484802	-0.0089429588988423	73.000000000000	0.0000000000000
1.2920000553131	-0.34872376918793	-0.0046772495843470	73.000000000000	0.0000000000000
1.2960000038147	-0.33983451128006	-0.00067075935658067	73.000000000000	0.0000000000000
1.2999999523163	-0.33087885379791	0.0030746064148843	73.000000000000	0.0000000000000
1.3040000200272	-0.32186576724052	0.0065576499328017	73.000000000000	0.0000000000000
1.3079999685287	-0.31280398368835	0.0097772153094411	73.000000000000	0.0000000000000
1.3120000362396	-0.30370244383812	0.012732659466565	73.000000000000	0.0000000000000
1.3159999847412	-0.29457008838654	0.015423688106239	73.000000000000	0.0000000000000
1.3200000524521	-0.28541567921638	0.017850359901786	73.000000000000	0.0000000000000
1.3240000009537	-0.27624821662903	0.020013062283397	73.000000000000	0.0000000000000
1.3279999494553	-0.26707643270493	0.021912720054388	73.000000000000	0.0000000000000
1.3320000171661	-0.25790908932686	0.023550212383270	73.000000000000	0.0000000000000
1.3359999656677	-0.24875491857529	0.024927172809839	73.000000000000	0.0000000000000
1.3400000333786	-0.23962245881557	0.026045436039567	73.000000000000	0.0000000000000
1.3439999818802	-0.23052021861076	0.026907121762633	73.000000000000	0.0000000000000
1.3480000495911	-0.22145658731461	0.027514765039086	73.000000000000	0.0000000000000
1.3519999980927	-0.21243971586227	0.027871215716004	73.000000000000	0.0000000000000
1.3559999465942	-0.20347775518894	0.027979597449303	73.000000000000	0.0000000000000
1.3600000143051	-0.19457858800888	0.027843380346894	73.000000000000	0.0000000000000
1.3639999628067	-0.18574994802475	0.027466332539916	73.000000000000	0.0000000000000
1.3680000305176	-0.17699931561947	0.026852568611503	73.000000000000	0.0000000000000
1.3719999790192	-0.16833408176899	0.026006380096078	73.000000000000	0.0000000000000
1.3760000467300	-0.15976132452488	0.024932425469160	73.000000000000	0.0000000000000
1.3799999952316	-0.15128792822361	0.023635594174266	73.000000000000	0.0000000000000
1.3839999437332	-0.14292047917843	0.022121055051684	73.000000000000	0.0000000000000
1.3880000114441	-0.13466541469097	0.020394125953317	73.000000000000	0.0000000000000
1.3919999599457	-0.12652882933617	0.018460432067513	73.000000000000	0.0000000000000
1.3960000276566	-0.11851657927036	0.016325840726495	73.000000000000	0.0000000000000
1.3999999761581	-0.11063422262669	0.013996253721416	73.000000000000	0.0000000000000
1.4040000438690	-0.10288702696562	0.011477968655527	73.000000000000	0.0000000000000
1.4079999923706	-0.095279999077320	0.0087772971019149	73.000000000000	0.0000000000000
1.4119999408722	-0.087817803025246	0.0059007736854255	73.000000000000	0.0000000000000
1.4160000085831	-0.080504834651947	0.0028550594579428	73.000000000000	0.0000000000000
1.4199999570847	-0.073345154523849	-0.00035309072700329	73.000000000000	0.0000000000000
1.4240000247955	-0.066342510282993	-0.0037167465779930	73.000000000000	0.0000000000000
1.4279999732971	-0.059500351548195	-0.0072289528325200	73.000000000000	0.0000000000000
1.4320000410080	-0.052821792662144	-0.010882626287639	73.000000000000	0.0000000000000
1.4359999895096	-0.046309631317854	-0.014670680277050	73.000000000000	0.0000000000000
1.4400000572205	-0.039966337382793	-0.018585909157991	73.000000000000	0.0000000000000
1.4440000057220	-0.033794082701206	-0.022621128708124	73.000000000000	0.0000000000000
1.4479999542236	-0.027794690802693	-0.026769116520882	73.000000000000	0.0000000000000
1.4520000219345	-0.021969692781568	-0.031022649258375	73.000000000000	0.0000000000000
1.4559999704361	-0.016320278868079	-0.035374529659748	73.000000000000	0.0000000000000
1.4600000381470	-0.010847343131900	-0.039817593991756	73.000000000000	0.0000000000000
1.4639999866486	-0.0055514699779451	-0.044344689697027	73.000000000000	0.0000000000000
1.4680000543594	-0.00043296010699123	-0.048948753625154	73.000000000000	0.0000000000000
1.4720000028610	0.0045082313008606	-0.053622785955667	73.000000000000	0.0000000000000
1.4759999513626	0.0092723928391933	-0.058359868824482	73.000000000000	0.0000000000000
1.4800000190735	0.013860125094652	-0.063153177499771	73.000000000000	0.0000000000000
1.4839999675751	0.018272314220667	-0.067996010184288	73.000000000000	0.0000000000000
1.4880000352859	0.022510053589940	-0.072881773114204	73.000000000000	0.0000000000000
1.4919999837875	0.026574794203043	-0.077804028987885	73.000000000000	0.0000000000000
1.4960000514984	0.030468156561255	-0.082756467163563	73.000000000000	0.0000000000000
1.5000000000000	0.034192059189081	-0.087732918560505	73.000000000000	0.0000000000000
1.5039999485016	0.037748571485281	-0.092727430164814	73.000000000000	0.0000000000000
1.5080000162125	0.041140101850033	-0.097734168171883	73.000000000000	0.0000000000000
1.5119999647141	0.044369217008352	-0.10274752974510	73.000000000000	0.0000000000000
1.5160000324249	0.047438636422157	-0.10776206105947	73.000000000000	0.0000000000000
1.5199999809265	0.050351280719042	-0.11277252435684	73.000000000000	0.0000000000000
1.5240000486374	0.053110305219889	-0.11777393519878	73.000000000000	0.0000000000000
1.5279999971390	0.055719032883644	-0.12276142835617	73.000000000000	0.0000000000000
1.5319999456406	0.058180864900351	-0.12773044407368	73.000000000000	0.0000000000000
1.5360000133514	0.060499303042889	-0.13267660140991	73.000000000000	0.0000000000000
1.5399999618530	0.062678188085556	-0.13759571313858	73.000000000000	0.0000000000000
1.5440000295639	0.064721211791039	-0.14248391985893	73.000000000000	0.0000000000000
1.5479999780655	0.066632419824600	-0.14733749628067	73.000000000000	0.0000000000000
1.5520000457764	0.068415671586990	-0.15215300023556	73.000000000000	0.0000000000000
1.5559999942780	0.070075206458569	-0.15692721307278	73.000000000000	0.0000000000000
1.5599999427795	0.071614980697632	-0.16165716946125	73.000000000000	0.0000000000000
1.5640000104904	0.073039382696152	-0.16634009778500	73.000000000000	0.0000000000000
1.5679999589920	0.074352487921715	-0.17097349464893	73.000000000000	0.0000000000000
1.5720000267029	0.075558632612228	-0.17555509507656	73.000000000000	0.0000000000000
1.5759999752045	0.076662115752697	-0.18008285760880	73.000000000000	0.0000000000000
1.5800000429153	0.077667169272900	-0.18455494940281	73.000000000000	0.0000000000000
1.5839999914169	0.078578017652035	-0.18896979093552	73.000000000000	0.0000000000000
1.5880000591278	0.079398982226849	-0.19332602620125	73.000000000000	0.0000000000000
1.5920000076294	0.080134220421314	-0.19762244820595	73.000000000000	0.0000000000000
1.5959999561310	0.080787993967533	-0.20185816287994	73.000000000000	0.0000000000000
1.6000000238419	0.081364251673222	-0.20603242516518	73.000000000000	0.0000000000000
1.6039999723434	0.081867270171642	-0.21014468371868	73.000000000000	0.0000000000000
1.6080000400543	0.082300834357738	-0.21419464051723	73.000000000000	0.0000000000000
1.6119999885559	0.082668937742710	-0.21818208694458	73.000000000000	0.0000000000000
1.6160000562668	0.082975462079048	-0.22210709750652	73.000000000000	0.0000000000000
1.6200000047684	0.083224005997181	-0.22596983611584	73.000000000000	0.0000000000000
1.6239999532700	0.083418235182762	-0.22977069020271	73.000000000000	0.0000000000000
1.6280000209808	0.083561688661575	-0.23351018130779	73.000000000000	0.0000000000000
1.6319999694824	0.083657801151276	-0.23718895018101	73.000000000000	0.0000000000000
1.6360000371933	0.083709664642811	-0.24080783128738	73.000000000000	0.0000000000000
1.6399999856949	0.083720669150352	-0.24436774849892	73.000000000000	0.0000000000000
1.6440000534058	0.083693563938141	-0.24786971509457	73.000000000000	0.0000000000000
1.6480000019073	0.083631470799446	-0.25131496787071	73.000000000000	0.0000000000000
1.6519999504089	0.083536952733994	-0.25470474362373	73.000000000000	0.0000000000000
1.6560000181198	0.083412714302540	-0.25804042816162	73.000000000000	0.0000000000000
1.6599999666214	0.083261162042618	-0.26132342219353	73.000000000000	0.0000000000000
1.6640000343323	0.083084650337696	-0.26455530524254	73.000000000000	0.0000000000000
1.6679999828339	0.082885190844536	-0.26773759722710	73.000000000000	0.0000000000000
1.6720000505447	0.082664936780930	-0.27087196707726	73.000000000000	0.0000000000000
1.6759999990463	0.082425691187382	-0.27396014332771	73.000000000000	0.0000000000000
1.6799999475479	0.082169197499752	-0.27700376510620	73.000000000000	0.0000000000000
1.6840000152588	0.081897072494030	-0.28000450134277	73.000000000000	0.0000000000000
1.6879999637604	0.081610597670078	-0.28296437859535	73.000000000000	0.0000000000000
1.6920000314713	0.081311255693436	-0.28588497638702	73.000000000000	0.0000000000000
1.6959999799728	0.081000030040741	-0.28876811265945	73.000000000000	0.0000000000000
1.7000000476837	0.080677986145020	-0.29161554574966	73.000000000000	0.0000000000000
1.7039999961853	0.080346025526524	-0.29442909359932	73.000000000000	0.0000000000000
1.7079999446869	0.080004803836346	-0.29721045494080	73.000000000000	0.0000000000000
1.7120000123978	0.079655088484287	-0.29996126890182	73.000000000000	0.0000000000000
1.7159999608994	0.079297170042992	-0.30268329381943	73.000000000000	0.0000000000000
1.7200000286102	0.078931547701359	-0.30537816882133	73.000000000000	0.0000000000000
1.7239999771118	0.078558430075645	-0.30804741382599	73.000000000000	0.0000000000000
1.7280000448227	0.078178122639656	-0.31069257855415	73.000000000000	0.0000000000000
1.7319999933243	0.077790528535843	-0.31331509351730	73.000000000000	0.0000000000000
1.7359999418259	0.077395662665367	-0.31591641902924	73.000000000000	0.0000000000000
1.7400000095367	0.076993480324745	-0.31849789619446	73.000000000000	0.0000000000000
1.7439999580383	0.076583519577980	-0.32106074690819	73.000000000000	0.0000000000000
1.7480000257492	0.076165840029716	-0.32360613346100	73.000000000000	0.0000000000000
1.7519999742508	0.075739860534668	-0.32613521814346	73.000000000000	0.0000000000000
1.7560000419617	0.075305193662643	-0.32864901423454	73.000000000000	0.0000000000000
1.7599999904633	0.074861466884613	-0.33114841580391	73.000000000000	0.0000000000000
1.7640000581741	0.074408158659935	-0.33363431692123	73.000000000000	0.0000000000000
1.7680000066757	0.073944553732872	-0.33610749244690	73.000000000000	0.0000000000000
1.7719999551773	0.073470182716846	-0.33856862783432	73.000000000000	0.0000000000000
1.7760000228882	0.072984434664249	-0.34101819992065	73.000000000000	0.0000000000000
1.7799999713898	0.072486527264118	-0.34345692396164	73.000000000000	0.0000000000000
1.7840000391006	0.071976080536842	-0.34588500857353	73.000000000000	0.0000000000000
1.7879999876022	0.071452133357525	-0.34830293059349	73.000000000000	0.0000000000000
1.7920000553131	0.070914074778557	-0.35071086883545	73.000000000000	0.0000000000000
1.7960000038147	0.070361316204071	-0.35310894250870	73.000000000000	0.0000000000000
1.7999999523163	0.069793112576008	-0.35549727082253	73.000000000000	0.0000000000000
1.8040000200272	0.069208927452564	-0.35787585377693	73.000000000000	0.0000000000000
1.8079999685287	0.068608090281487	-0.36024463176727	73.000000000000	0.0000000000000
1.8120000362396	0.067989841103554	-0.36260339617729	73.000000000000	0.0000000000000
1.8159999847412	0.067353881895542	-0.36495193839073	73.000000000000	0.0000000000000
1.8200000524521	0.066699519753456	-0.36728996038437	73.000000000000	0.0000000000000
1.8240000009537	0.066026151180267	-0.36961710453033	73.000000000000	0.0000000000000
1.8279999494553	0.065333560109138	-0.37193295359612	73.000000000000	0.0000000000000
1.8320000171661	0.064621143043041	-0.37423706054688	73.000000000000	0.0000000000000
1.8359999656677	0.063888736069202	-0.37652882933617	73.000000000000	0.0000000000000
1.8400000333786	0.063135825097561	-0.37880775332451	73.000000000000	0.0000000000000
1.8439999818802	0.062362328171730	-0.38107323646545	73.000000000000	0.0000000000000
1.8480000495911	0.061567991971970	-0.38332456350327	73.000000000000	0.0000000000000
1.8519999980927	0.060752645134926	-0.38556107878685	73.000000000000	0.0000000000000
1.8559999465942	0.059916321188211	-0.38778200745583	73.000000000000	0.0000000000000
1.8600000143051	0.059058964252472	-0.38998678326607	73.000000000000	0.0000000000000
1.8639999628067	0.058180700987577	-0.39217448234558	73.000000000000	0.0000000000000
1.8680000305176	0.057281505316496	-0.39434447884560	73.000000000000	0.0000000000000
1.8719999790192	0.056361719965935	-0.39649590849876	73.000000000000	0.0000000000000
1.8760000467300	0.055421724915504	-0.39862805604935	73.000000000000	0.0000000000000
1.8799999952316	0.054461412131786	-0.40074017643929	73.000000000000	0.0000000000000
1.8839999437332	0.053481671959162	-0.40283140540123	73.000000000000	0.0000000000000
1.8880000114441	0.052482545375824	-0.40490120649338	73.000000000000	0.0000000000000
1.8919999599457	0.051464851945639	-0.40694859623909	73.000000000000	0.0000000000000
1.8960000276566	0.050428960472345	-0.40897306799889	73.000000000000	0.0000000000000
1.8999999761581	0.049375653266907	-0.41097387671471	73.000000000000	0.0000000000000
1.9040000438690	0.048305619508028	-0.41295036673546	73.000000000000	0.0000000000000
1.9079999923706	0.047219395637512	-0.41490194201469	73.000000000000	0.0000000000000
1.9119999408722	0.046117920428514	-0.41682809591293	73.000000000000	0.0000000000000
1.9160000085831	0.045002158731222	-0.41872817277908	73.000000000000	0.0000000000000
1.9199999570847	0.043872799724340	-0.42060178518295	73.000000000000	0.0000000000000
1.9240000247955	0.042730752378702	-0.42244845628738	73.000000000000	0.0000000000000
1.9279999732971	0.041577145457268	-0.42426782846451	73.000000000000	0.0000000000000
1.9320000410080	0.040412936359644	-0.42605960369110	73.000000000000	0.0000000000000
1.9359999895096	0.039238974452019	-0.42782336473465	73.000000000000	0.0000000000000
1.9400000572205	0.038056470453739	-0.42955905199051	73.000000000000	0.0000000000000
1.9440000057220	0.036866419017315	-0.43126651644707	73.000000000000	0.0000000000000
1.9479999542236	0.035670034587383	-0.43294551968575	73.000000000000	0.0000000000000
1.9520000219345	0.034468255937099	-0.43459612131119	73.000000000000	0.0000000000000
1.9559999704361	0.033262338489294	-0.43621835112572	73.000000000000	0.0000000000000
1.9600000381470	0.032053124159575	-0.43781223893166	73.000000000000	0.0000000000000
1.9639999866486	0.030842099338770	-0.43937802314758	73.000000000000	0.0000000000000
1.9680000543594	0.029630133882165	-0.44091591238976	73.000000000000	0.0000000000000
1.9720000028610	0.028418306261301	-0.44242611527443	73.000000000000	0.0000000000000
1.9759999513626	0.027207925915718	-0.44390910863876	73.000000000000	0.0000000000000
1.9800000190735	0.025999760255218	-0.44536519050598	73.000000000000	0.0000000000000
1.9839999675751	0.024795014411211	-0.44679483771324	73.000000000000	0.0000000000000
1.9880000352859	0.023594791069627	-0.44819861650467	73.000000000000	0.0000000000000
1.9919999837875	0.022399976849556	-0.44957703351974	73.000000000000	0.0000000000000
1.9960000514984	0.021211344748735	-0.45093080401421	73.000000000000	0.0000000000000
2.0000000000000	0.020030215382576	-0.45226058363914	73.000000000000	0.0000000000000
2.0039999485016	0.018857143819332	-0.45356714725494	73.000000000000	0.0000000000000
2.0079998970032	0.017693324014544	-0.45485118031502	73.000000000000	0.0000000000000
2.0120000839233	0.016539091244340	-0.45611357688904	73.000000000000	0.0000000000000
2.0160000324249	0.015395522117615	-0.45735520124435	73.000000000000	0.0000000000000
2.0199999809265	0.014263255521655	-0.45857697725296	73.000000000000	0.0000000000000
2.0239999294281	0.013142926618457	-0.45977982878685	73.000000000000	0.0000000000000
2.0280001163483	0.012035045772791	-0.46096470952034	73.000000000000	0.0000000000000
2.0320000648499	0.010940223000944	-0.46213266253471	73.000000000000	0.0000000000000
2.0360000133514	0.0098588429391384	-0.46328464150429	73.000000000000	0.0000000000000
2.0399999618530	0.0087914979085326	-0.46442177891731	73.000000000000	0.0000000000000
2.0439999103546	0.0077384389005601	-0.46554508805275	73.000000000000	0.0000000000000
2.0480000972748	0.0066999029368162	-0.46665567159653	73.000000000000	0.0000000000000
2.0520000457764	0.0056761181913316	-0.46775454282761	73.000000000000	0.0000000000000
2.0559999942780	0.0046674101613462	-0.46884283423424	73.000000000000	0.0000000000000
2.0599999427795	0.0036737611517310	-0.46992164850235	73.000000000000	0.0000000000000
2.0639998912811	0.0026953630149364	-0.47099199891090	73.000000000000	0.0000000000000
2.0680000782013	0.0017319475300610	-0.47205498814583	73.000000000000	0.0000000000000
2.0720000267029	0.00078357144957408	-0.47311171889305	73.000000000000	0.0000000000000
2.0759999752045	-0.00014983183064032	-0.47416326403618	73.000000000000	0.0000000000000
2.0799999237061	-0.0010685664601624	-0.47521048784256	73.000000000000	0.0000000000000
2.0840001106262	-0.0019727216567844	-0.47625464200974	73.000000000000	0.0000000000000
2.0880000591278	-0.0028628511354327	-0.47729647159576	73.000000000000	0.0000000000000
2.0920000076294	-0.0037390654906631	-0.47833707928658	73.000000000000	0.0000000000000
2.0959999561310	-0.0046018268913031	-0.47937732934952	73.000000000000	0.0000000000000
2.0999999046326	-0.0054516075178981	-0.48041808605194	73.000000000000	0.0000000000000
2.1040000915527	-0.0062890052795410	-0.48146027326584	73.000000000000	0.0000000000000
2.1080000400543	-0.0071143982931972	-0.48250472545624	73.000000000000	0.0000000000000
2.1119999885559	-0.0079285185784101	-0.48355206847191	73.000000000000	0.0000000000000
2.1159999370575	-0.0087318764999509	-0.48460307717323	73.000000000000	0.0000000000000
2.1199998855591	-0.0095251081511378	-0.48565852642059	73.000000000000	0.0000000000000
2.1240000724792	-0.010309088043869	-0.48671889305115	73.000000000000	0.0000000000000
2.1280000209808	-0.011084238067269	-0.48778489232063	73.000000000000	0.0000000000000
2.1319999694824	-0.011851448565722	-0.48885691165924	73.000000000000	0.0000000000000
2.1359999179840	-0.012611387297511	-0.48993554711342	73.000000000000	0.0000000000000
2.1400001049042	-0.013364964164793	-0.49102121591568	73.000000000000	0.0000000000000
2.1440000534058	-0.014112859033048	-0.49211415648460	73.000000000000	0.0000000000000
2.1480000019073	-0.014855762943625	-0.49321484565735	73.000000000000	0.0000000000000
2.1519999504089	-0.015594838187099	-0.49432346224785	73.000000000000	0.0000000000000
2.1559998989105	-0.016330434009433	-0.49544018507004	73.000000000000	0.0000000000000
2.1600000858307	-0.017063610255718	-0.49656516313553	73.000000000000	0.0000000000000
2.1640000343323	-0.017795201390982	-0.49769863486290	73.000000000000	0.0000000000000
2.1679999828339	-0.018525803461671	-0.49884051084518	73.000000000000	0.0000000000000
2.1719999313354	-0.019256135448813	-0.49999076128006	73.000000000000	0.0000000000000
2.1760001182556	-0.019987169653177	-0.50114941596985	73.000000000000	0.0000000000000
2.1800000667572	-0.020719634369016	-0.50231641530991	73.000000000000	0.0000000000000
2.1840000152588	-0.021454267203808	-0.50349146127701	73.000000000000	0.0000000000000
2.1879999637604	-0.022191567346454	-0.50467449426651	73.000000000000	0.0000000000000
2.1919999122620	-0.022932277992368	-0.50586527585983	73.000000000000	0.0000000000000
2.1960000991821	-0.023677144199610	-0.50706338882446	73.000000000000	0.0000000000000
2.2000000476837	-0.024426799267530	-0.50826871395111	73.000000000000	0.0000000000000
2.2039999961853	-0.025181630626321	-0.50948077440262	73.000000000000	0.0000000000000
2.2079999446869	-0.025942267850041	-0.51069927215576	73.000000000000	0.0000000000000
2.2119998931885	-0.026709226891398	-0.51192367076874	73.000000000000	0.0000000000000
2.2160000801086	-0.027482900768518	-0.51315367221832	73.000000000000	0.0000000000000
2.2200000286102	-0.028263926506042	-0.51438868045807	73.000000000000	0.0000000000000
2.2239999771118	-0.029052456840873	-0.51562839746475	73.000000000000	0.0000000000000
2.2279999256134	-0.029848752543330	-0.51687210798264	73.000000000000	0.0000000000000
2.2320001125336	-0.030653584748507	-0.51811939477921	73.000000000000	0.0000000000000
2.2360000610352	-0.031466484069824	-0.51936990022659	73.000000000000	0.0000000000000
2.2400000095367	-0.032288201153278	-0.52062278985977	73.000000000000	0.0000000000000
2.2439999580383	-0.033118769526482	-0.52187770605087	73.000000000000	0.0000000000000
2.2479999065399	-0.033958196640015	-0.52313405275345	73.000000000000	0.0000000000000
2.2520000934601	-0.034806750714779	-0.52439123392105	73.000000000000	0.0000000000000
2.2560000419617	-0.035664189606905	-0.52564883232117	73.000000000000	0.0000000000000
2.2599999904633	-0.036530531942844	-0.52690643072128	73.000000000000	0.0000000000000
2.2639999389648	-0.037406023591757	-0.52816319465637	73.000000000000	0.0000000000000
2.2679998874664	-0.038290169090033	-0.52941882610321	73.000000000000	0.0000000000000
2.2720000743866	-0.039183102548122	-0.53067284822464	73.000000000000	0.0000000000000
2.2760000228882	-0.040084440261126	-0.53192478418350	73.000000000000	0.0000000000000
2.2799999713898	-0.040994040668011	-0.53317397832870	73.000000000000	0.0000000000000
2.2839999198914	-0.041911788284779	-0.53442037105560	73.000000000000	0.0000000000000
2.2880001068115	-0.042837150394917	-0.53566336631775	73.000000000000	0.0000000000000
2.2920000553131	-0.043770123273134	-0.53690260648727	73.000000000000	0.0000000000000
2.2960000038147	-0.044710043817759	-0.53813779354095	73.000000000000	0.0000000000000
2.2999999523163	-0.045656777918339	-0.53936868906021	73.000000000000	0.0000000000000
2.3039999008179	-0.046609662473202	-0.54059493541718	73.000000000000	0.0000000000000
2.3080000877380	-0.047568544745445	-0.54181641340256	73.000000000000	0.0000000000000
2.3120000362396	-0.048532888293266	-0.54303282499313	73.000000000000	0.0000000000000
2.3159999847412	-0.049502409994602	-0.54424405097961	73.000000000000	0.0000000000000
2.3199999332428	-0.050476189702749	-0.54545009136200	73.000000000000	0.0000000000000
2.3239998817444	-0.051454328000546	-0.54665076732635	73.000000000000	0.0000000000000
2.3280000686646	-0.052435889840126	-0.54784613847733	73.000000000000	0.0000000000000
2.3320000171661	-0.053420722484589	-0.54903620481491	73.000000000000	0.0000000000000
2.3359999656677	-0.054408282041550	-0.55022096633911	73.000000000000	0.0000000000000
2.3399999141693	-0.055398032069206	-0.55140060186386	73.000000000000	0.0000000000000
2.3440001010895	-0.056389406323433	-0.55257517099380	73.000000000000	0.0000000000000
2.3480000495911	-0.057382147759199	-0.55374497175217	73.000000000000	0.0000000000000
2.3519999980927	-0.058375835418701	-0.55491018295288	73.000000000000	0.0000000000000
2.3559999465942	-0.059369795024395	-0.55607104301453	73.000000000000	0.0000000000000
2.3599998950958	-0.060363885015249	-0.55722790956497	73.000000000000	0.0000000000000
2.3640000820160	-0.061357572674751	-0.55838108062744	73.000000000000	0.0000000000000
2.3680000305176	-0.062350582331419	-0.55953091382980	73.000000000000	0.0000000000000
2.3719999790192	-0.063342392444611	-0.56067788600922	73.000000000000	0.0000000000000
2.3759999275208	-0.064332999289036	-0.56182235479355	73.000000000000	0.0000000000000
2.3800001144409	-0.065321885049343	-0.56296491622925	73.000000000000	0.0000000000000
2.3840000629425	-0.066308923065662	-0.56410592794418	73.000000000000	0.0000000000000
2.3880000114441	-0.067293867468834	-0.56524610519409	73.000000000000	0.0000000000000
2.3919999599457	-0.068276464939117	-0.56638580560684	73.000000000000	0.0000000000000
2.3959999084473	-0.069256879389286	-0.56752556562424	73.000000000000	0.0000000000000
2.4000000953674	-0.070234626531601	-0.56866633892059	73.000000000000	0.0000000000000
2.4040000438690	-0.071209989488125	-0.56980824470520	73.000000000000	0.0000000000000
2.4079999923706	-0.072182737290859	-0.57095211744308	73.000000000000	0.0000000000000
2.4119999408722	-0.073153071105480	-0.57209867238998	73.000000000000	0.0000000000000
2.4159998893738	-0.074121020734310	-0.57324820756912	73.000000000000	0.0000000000000
2.4200000762939	-0.075086817145348	-0.57440185546875	73.000000000000	0.0000000000000
2.4240000247955	-0.076050370931625	-0.57555985450745	73.000000000000	0.0000000000000
2.4279999732971	-0.077011987566948	-0.57672297954559	73.000000000000	0.0000000000000
2.4319999217987	-0.077972188591957	-0.57789176702499	73.000000000000	0.0000000000000
2.4360001087189	-0.078931041061878	-0.57906693220139	73.000000000000	0.0000000000000
2.4400000572205	-0.079888895153999	-0.58024907112122	73.000000000000	0.0000000000000
2.4440000057220	-0.080846391618252	-0.58143860101700	73.000000000000	0.0000000000000
2.4479999542236	-0.081803739070892	-0.58263629674911	73.000000000000	0.0000000000000
2.4519999027252	-0.082761600613594	-0.58384257555008	73.000000000000	0.0000000000000
2.4560000896454	-0.083720341324806	-0.58505797386169	73.000000000000	0.0000000000000
2.4600000381470	-0.084680609405041	-0.58628302812576	73.000000000000	0.0000000000000
2.4639999866486	-0.085643067955971	-0.58751815557480	73.000000000000	0.0000000000000
2.4679999351501	-0.086608096957207	-0.58876383304596	73.000000000000	0.0000000000000
2.4719998836517	-0.087576627731323	-0.59002035856247	73.000000000000	0.0000000000000
2.4760000705719	-0.088549330830574	-0.59128820896149	73.000000000000	0.0000000000000
2.4800000190735	-0.089527040719986	-0.59256768226624	73.000000000000	0.0000000000000
2.4839999675751	-0.090510383248329	-0.59385901689529	73.000000000000	0.0000000000000
2.4879999160767	-0.091500081121922	-0.59516245126724	73.000000000000	0.0000000000000
2.4920001029968	-0.092497043311596	-0.59647810459137	73.000000000000	0.0000000000000
2.4960000514984	-0.093502268195152	-0.59780621528625	73.000000000000	0.0000000000000
2.5000000000000	-0.094516292214394	-0.59914702177048	73.000000000000	0.0000000000000
2.5039999485016	-0.095540195703506	-0.60050022602081	73.000000000000	0.0000000000000
2.5079998970032	-0.096574544906616	-0.60186612606049	73.000000000000	0.0000000000000
2.5120000839233	-0.097620859742165	-0.60324454307556	73.000000000000	0.0000000000000
2.5160000324249	-0.098679281771183	-0.60463541746140	73.000000000000	0.0000000000000
2.5199999809265	-0.099751025438309	-0.60603845119476	73.000000000000	0.0000000000000
2.5239999294281	-0.10083711147308	-0.60745376348495	73.000000000000	0.0000000000000
2.5280001163483	-0.10193832218647	-0.60888075828552	73.000000000000	0.0000000000000
2.5320000648499	-0.10305552184582	-0.61031931638718	73.000000000000	0.0000000000000
2.5360000133514	-0.10418922454119	-0.61176902055740	73.000000000000	0.0000000000000
2.5399999618530	-0.10534084588289	-0.61322957277298	73.000000000000	0.0000000000000
2.5439999103546	-0.10651094466448	-0.61470031738281	73.000000000000	0.0000000000000
2.5480000972748	-0.10770031809807	-0.61618101596832	73.000000000000	0.0000000000000
2.5520000457764	-0.10890950262547	-0.61767095327377	73.000000000000	0.0000000000000
2.5559999942780	-0.11013992875814	-0.61916953325272	73.000000000000	0.0000000000000
2.5599999427795	-0.11139151453972	-0.62067615985870	73.000000000000	0.0000000000000
2.5639998912811	-0.11266552656889	-0.62219023704529	73.000000000000	0.0000000000000
2.5680000782013	-0.11396262794733	-0.62371081113815	73.000000000000	0.0000000000000
2.5720000267029	-0.11528291553259	-0.62523734569550	73.000000000000	0.0000000000000
2.5759999752045	-0.11662745475769	-0.62676906585693	73.000000000000	0.0000000000000
2.5799999237061	-0.11799667030573	-0.62830507755280	73.000000000000	0.0000000000000
2.5840001106262	-0.11939114332199	-0.62984448671341	73.000000000000	0.0000000000000
2.5880000591278	-0.12081127613783	-0.63138645887375	73.000000000000	0.0000000000000
2.5920000076294	-0.12225739657879	-0.63293009996414	73.000000000000	0.0000000000000
2.5959999561310	-0.12372984737158	-0.63447451591492	73.000000000000	0.0000000000000
2.5999999046326	-0.12522895634174	-0.63601869344711	73.000000000000	0.0000000000000
2.6040000915527	-0.12675520777702	-0.63756179809570	73.000000000000	0.0000000000000
2.6080000400543	-0.12830875813961	-0.63910269737244	73.000000000000	0.0000000000000
2.6119999885559	-0.12988963723183	-0.64064049720764	73.000000000000	0.0000000000000
2.6159999370575	-0.13149812817574	-0.64217418432236	73.000000000000	0.0000000000000
2.6199998855591	-0.13313394784927	-0.64370274543762	73.000000000000	0.0000000000000
2.6240000724792	-0.13479767739773	-0.64522522687912	73.000000000000	0.0000000000000
2.6280000209808	-0.13648881018162	-0.64674061536789	73.000000000000	0.0000000000000
2.6319999694824	-0.13820752501488	-0.64824795722961	73.000000000000	0.0000000000000
2.6359999179840	-0.13995343446732	-0.64974617958069	73.000000000000	0.0000000000000
2.6400001049042	-0.14172649383545	-0.65123438835144	73.000000000000	0.0000000000000
2.6440000534058	-0.14352665841579	-0.65271157026291	73.000000000000	0.0000000000000
2.6480000019073	-0.14535340666771	-0.65417695045471	73.000000000000	0.0000000000000
2.6519999504089	-0.14720648527145	-0.65562939643860	73.000000000000	0.0000000000000
2.6559998989105	-0.14908567070961	-0.65706813335419	73.000000000000	0.0000000000000
2.6600000858307	-0.15099023282528	-0.65849220752716	73.000000000000	0.0000000000000
2.6640000343323	-0.15291997790337	-0.65990090370178	73.000000000000	0.0000000000000
2.6679999828339	-0.15487428009510	-0.66129332780838	73.000000000000	0.0000000000000
2.6719999313354	-0.15685269236565	-0.66266858577728	73.000000000000	0.0000000000000
2.6760001182556	-0.15885469317436	-0.66402608156204	73.000000000000	0.0000000000000
2.6800000667572	-0.16087931394577	-0.66536504030228	73.000000000000	0.0000000000000
2.6840000152588	-0.16292662918568	-0.66668480634689	73.000000000000	0.0000000000000
2.6879999637604	-0.16499535739422	-0.66798472404480	73.000000000000	0.0000000000000
2.6919999122620	-0.16708490252495	-0.66926425695419	73.000000000000	0.0000000000000
2.6960000991821	-0.16919498145580	-0.67052280902863	73.000000000000	0.0000000000000
2.7000000476837	-0.17132461071014	-0.67175966501236	73.000000000000	0.0000000000000
2.7039999961853	-0.17347270250320	-0.67297458648682	73.000000000000	0.0000000000000
2.7079999446869	-0.17563913762569	-0.67416721582413	73.000000000000	0.0000000000000
2.7119998931885	-0.17782275378704	-0.67533683776855	73.000000000000	0.0000000000000
2.7160000801086	-0.18002279102802	-0.67648339271545	73.000000000000	0.0000000000000
2.7200000286102	-0.18223875761032	-0.67760652303696	73.000000000000	0.0000000000000
2.7239999771118	-0.18446952104568	-0.67870593070984	73.000000000000	0.0000000000000
2.7279999256134	-0.18671430647373	-0.67978143692017	73.000000000000	0.0000000000000
2.7320001125336	-0.18897263705730	-0.68083286285400	73.000000000000	0.0000000000000
2.7360000610352	-0.19124375283718	-0.68185997009277	73.000000000000	0.0000000000000
2.7400000095367	-0.19352646172047	-0.68286293745041	73.000000000000	0.0000000000000
2.7439999580383	-0.19582034647465	-0.68384146690369	73.000000000000	0.0000000000000
2.7479999065399	-0.19812460243702	-0.68479573726654	73.000000000000	0.0000000000000
2.7520000934601	-0.20043881237507	-0.68572562932968	73.000000000000	0.0000000000000
2.7560000419617	-0.20276150107384	-0.68663138151169	73.000000000000	0.0000000000000
2.7599999904633	-0.20509254932404	-0.68751305341721	73.000000000000	0.0000000000000
2.7639999389648	-0.20743119716644	-0.68837064504623	73.000000000000	0.0000000000000
2.7679998874664	-0.20977669954300	-0.68920457363129	73.000000000000	0.0000000000000
2.7720000743866	-0.21212892234325	-0.69001477956772	73.000000000000	0.0000000000000
2.7760000228882	-0.21448650956154	-0.69080185890198	73.000000000000	0.0000000000000
2.7799999713898	-0.21684929728508	-0.69156563282013	73.000000000000	0.0000000000000
2.7839999198914	-0.21921692788601	-0.69230663776398	73.000000000000	0.0000000000000
2.7880001068115	-0.22158867120743	-0.69302523136139	73.000000000000	0.0000000000000
2.7920000553131	-0.22396409511566	-0.69372153282166	73.000000000000	0.0000000000000
2.7960000038147	-0.22634279727936	-0.69439589977264	73.000000000000	0.0000000000000
2.7999999523163	-0.22872412204742	-0.69504898786545	73.000000000000	0.0000000000000
2.8039999008179	-0.23110835254192	-0.69568079710007	73.000000000000	0.0000000000000
2.8080000877380	-0.23349474370480	-0.69629180431366	73.000000000000	0.0000000000000
2.8120000362396	-0.23588296771049	-0.69688248634338	73.000000000000	0.0000000000000
2.8159999847412	-0.23827262222767	-0.69745314121246	73.000000000000	0.0000000000000
2.8199999332428	-0.24066407978535	-0.69800412654877	73.000000000000	0.0000000000000
2.8239998817444	-0.24305692315102	-0.69853574037552	73.000000000000	0.0000000000000
2.8280000686646	-0.24545055627823	-0.69904857873917	73.000000000000	0.0000000000000
2.8320000171661	-0.24784518778324	-0.69954276084900	73.000000000000	0.0000000000000
2.8359999656677	-0.25024098157883	-0.70001888275146	73.000000000000	0.0000000000000
2.8399999141693	-0.25263711810112	-0.70047712326050	73.000000000000	0.0000000000000
2.8440001010895	-0.25503432750702	-0.70091789960861	73.000000000000	0.0000000000000
2.8480000495911	-0.25743263959885	-0.70134139060974	73.000000000000	0.0000000000000
2.8519999980927	-0.25983166694641	-0.70174789428711	73.000000000000	0.0000000000000
2.8559999465942	-0.26223179697990	-0.70213782787323	73.000000000000	0.0000000000000
2.8599998950958	-0.26463264226913	-0.70251137018204	73.000000000000	0.0000000000000
2.8640000820160	-0.26703462004662	-0.70286881923676	73.000000000000	0.0000000000000
2.8680000305176	-0.26943767070770	-0.70321047306061	73.000000000000	0.0000000000000
2.8719999790192	-0.27184247970581	-0.70353609323502	73.000000000000	0.0000000000000
2.8759999275208	-0.27424871921539	-0.70384627580643	73.000000000000	0.0000000000000
2.8800001144409	-0.27665665745735	-0.70414084196091	73.000000000000	0.0000000000000
2.8840000629425	-0.27906635403633	-0.70442014932632	73.000000000000	0.0000000000000
2.8880000114441	-0.28147843480110	-0.70468401908875	73.000000000000	0.0000000000000
2.8919999599457	-0.28389251232147	-0.70493268966675	73.000000000000	0.0000000000000
2.8959999084473	-0.28630921244621	-0.70516610145569	73.000000000000	0.0000000000000
2.9000000953674	-0.28872853517532	-0.70538413524628	73.000000000000	0.0000000000000
2.9040000438690	-0.29115071892738	-0.70558685064316	73.000000000000	0.0000000000000
2.9079999923706	-0.29357606172562	-0.70577406883240	73.000000000000	0.0000000000000
2.9119999408722	-0.29600450396538	-0.70594590902328	73.000000000000	0.0000000000000
2.9159998893738	-0.29843658208847	-0.70610177516937	73.000000000000	0.0000000000000
2.9200000762939	-0.30087223649025	-0.70624184608459	73.000000000000	0.0000000000000
2.9240000247955	-0.30331173539162	-0.70636588335037	73.000000000000	0.0000000000000
2.9279999732971	-0.30575519800186	-0.70647352933884	73.000000000000	0.0000000000000
2.9319999217987	-0.30820259451866	-0.70656472444534	73.000000000000	0.0000000000000
2.9360001087189	-0.31065440177917	-0.70663887262344	73.000000000000	0.0000000000000
2.9400000572205	-0.31311047077179	-0.70669591426849	73.000000000000	0.0000000000000
2.9440000057220	-0.31557062268257	-0.70673555135727	73.000000000000	0.0000000000000
2.9479999542236	-0.31803539395332	-0.70675724744797	73.000000000000	0.0000000000000
2.9519999027252	-0.32050451636314	-0.70676070451736	73.000000000000	0.0000000000000
2.9560000896454	-0.32297816872597	-0.70674556493759	73.000000000000	0.0000000000000
2.9600000381470	-0.32545614242554	-0.70671147108078	73.000000000000	0.0000000000000
2.9639999866486	-0.32793846726418	-0.70665788650513	73.000000000000	0.0000000000000
2.9679999351501	-0.33042463660240	-0.70658469200134	73.000000000000	0.0000000000000
2.9719998836517	-0.33291536569595	-0.70649099349976	73.000000000000	0.0000000000000
2.9760000705719	-0.33540976047516	-0.70637679100037	73.000000000000	0.0000000000000
2.9800000190735	-0.33790805935860	-0.70624125003815	73.000000000000	0.0000000000000
2.9839999675751	-0.34040978550911	-0.70608425140381	73.000000000000	0.0000000000000
2.9879999160767	-0.34291458129883	-0.70590531826019	73.000000000000	0.0000000000000
2.9920001029968	-0.34542277455330	-0.70570361614227	73.000000000000	0.0000000000000
2.9960000514984	-0.34793311357498	-0.70547938346863	73.000000000000	0.0000000000000
3.0000000000000	-0.35044583678246	-0.70523172616959	73.000000000000	0.0000000000000
3.0039999485016	-0.35296031832695	-0.70496040582657	73.000000000000	0.0000000000000
3.0079998970032	-0.35547617077827	-0.70466512441635	73.000000000000	0.0000000000000
3.0120000839233	-0.35799339413643	-0.70434498786926	73.000000000000	0.0000000000000
3.0160000324249	-0.36051061749458	-0.70400041341782	73.000000000000	0.0000000000000
3.0199999809265	-0.36302784085274	-0.70363062620163	73.000000000000	0.0000000000000
3.0239999294281	-0.36554434895515	-0.70323538780212	73.000000000000	0.0000000000000
3.0280001163483	-0.36806002259254	-0.70281416177750	73.000000000000	0.0000000000000
3.0320000648499	-0.37057358026505	-0.70236712694168	73.000000000000	0.0000000000000
3.0360000133514	-0.37308496236801	-0.70189362764359	73.000000000000	0.0000000000000
3.0399999618530	-0.37559309601784	-0.70139384269714	73.000000000000	0.0000000000000
3.0439999103546	-0.37809762358665	-0.70086729526520	73.000000000000	0.0000000000000
3.0480000972748	-0.38059753179550	-0.70031410455704	73.000000000000	0.0000000000000
3.0520000457764	-0.38309246301651	-0.69973397254944	73.000000000000	0.0000000000000
3.0559999942780	-0.38558164238930	-0.69912678003311	73.000000000000	0.0000000000000
3.0599999427795	-0.38806417584419	-0.69849276542664	73.000000000000	0.0000000000000
3.0639998912811	-0.39053967595100	-0.69783157110214	73.000000000000	0.0000000000000
3.0680000782013	-0.39300674200058	-0.69714361429214	73.000000000000	0.0000000000000
3.0720000267029	-0.39546516537666	-0.69642883539200	73.000000000000	0.0000000000000
3.0759999752045	-0.39791387319565	-0.69568735361099	73.000000000000	0.0000000000000
3.0799999237061	-0.40035268664360	-0.69491922855377	73.000000000000	0.0000000000000
3.0840001106262	-0.40278020501137	-0.69412481784821	73.000000000000	0.0000000000000
3.0880000591278	-0.40519627928734	-0.69330418109894	73.000000000000	0.0000000000000
3.0920000076294	-0.40759956836700	-0.69245791435242	73.000000000000	0.0000000000000
3.0959999561310	-0.40999025106430	-0.69158583879471	73.000000000000	0.0000000000000
3.0999999046326	-0.41236636042595	-0.69068896770477	73.000000000000	0.0000000000000
3.1040000915527	-0.41472852230072	-0.68976712226868	73.000000000000	0.0000000000000
3.1080000400543	-0.41707509756088	-0.68882113695145	73.000000000000	0.0000000000000
3.1119999885559	-0.41940629482269	-0.68785107135773	73.000000000000	0.0000000000000
3.1159999370575	-0.42172071337700	-0.68685781955719	73.000000000000	0.0000000000000
3.1199998855591	-0.42401793599129	-0.68584197759628	73.000000000000	0.0000000000000
3.1240000724792	-0.42629778385162	-0.68480372428894	73.000000000000	0.0000000000000
3.1280000209808	-0.42855957150459	-0.68374383449554	73.000000000000	0.0000000000000
3.1319999694824	-0.43080267310143	-0.68266290426254	73.000000000000	0.0000000000000
3.1359999179840	-0.43302693963051	-0.68156147003174	73.000000000000	0.0000000000000
3.1400001049042	-0.43523150682449	-0.68044042587280	73.000000000000	0.0000000000000
3.1440000534058	-0.43741637468338	-0.67930036783218	73.000000000000	0.0000000000000
3.1480000019073	-0.43958061933517	-0.67814218997955	73.000000000000	0.0000000000000
3.1519999504089	-0.44172492623329	-0.67696613073349	73.000000000000	0.0000000000000
3.1559998989105	-0.44384780526161	-0.67577356100082	73.000000000000	0.0000000000000
3.1600000858307	-0.44595000147820	-0.67456465959549	73.000000000000	0.0000000000000
3.1640000343323	-0.44803097844124	-0.67334038019180	73.000000000000	0.0000000000000
3.1679999828339	-0.45009070634842	-0.67210161685944	73.000000000000	0.0000000000000
3.1719999313354	-0.45212888717651	-0.67084896564484	73.000000000000	0.0000000000000
3.1760001182556	-0.45414543151855	-0.66958332061768	73.000000000000	0.0000000000000
3.1800000667572	-0.45614060759544	-0.66830533742905	73.000000000000	0.0000000000000
3.1840000152588	-0.45811435580254	-0.66701585054398	73.000000000000	0.0000000000000
3.1879999637604	-0.46006646752357	-0.66571557521820	73.000000000000	0.0000000000000
3.1919999122620	-0.46199730038643	-0.66440522670746	73.000000000000	0.0000000000000
3.1960000991821	-0.46390742063522	-0.66308522224426	73.000000000000	0.0000000000000
3.2000000476837	-0.46579653024673	-0.66175663471222	73.000000000000	0.0000000000000
3.2039999961853	-0.46766456961632	-0.66042029857635	73.000000000000	0.0000000000000
3.2079999446869	-0.46951243281364	-0.65907645225525	73.000000000000	0.0000000000000
3.2119998931885	-0.47134020924568	-0.65772593021393	73.000000000000	0.0000000000000
3.2160000801086	-0.47314813733101	-0.65636932849884	73.000000000000	0.0000000000000
3.2200000286102	-0.47493660449982	-0.65500730276108	73.000000000000	0.0000000000000
3.2239999771118	-0.47670617699623	-0.65364021062851	73.000000000000	0.0000000000000
3.2279999256134	-0.47845724225044	-0.65226864814758	73.000000000000	0.0000000000000
3.2320001125336	-0.48019009828568	-0.65089327096939	73.000000000000	0.0000000000000
3.2360000610352	-0.48190543055534	-0.64951425790787	73.000000000000	0.0000000000000
3.2400000095367	-0.48360377550125	-0.64813202619553	73.000000000000	0.0000000000000
3.2439999580383	-0.48528555035591	-0.64674723148346	73.000000000000	0.0000000000000
3.2479999065399	-0.48695123195648	-0.64535987377167	73.000000000000	0.0000000000000
3.2520000934601	-0.48860159516335	-0.64397042989731	73.000000000000	0.0000000000000
3.2560000419617	-0.49023705720901	-0.64257895946503	73.000000000000	0.0000000000000
3.2599999904633	-0.49185797572136	-0.64118599891663	73.000000000000	0.0000000000000
3.2639999389648	-0.49346560239792	-0.63979130983353	73.000000000000	0.0000000000000
3.2679998874664	-0.49505999684334	-0.63839513063431	73.000000000000	0.0000000000000
3.2720000743866	-0.49664181470871	-0.63699758052826	73.000000000000	0.0000000000000
3.2760000228882	-0.49821159243584	-0.63559889793396	73.000000000000	0.0000000000000
3.2799999713898	-0.49976995587349	-0.63419872522354	73.000000000000	0.0000000000000
3.2839999198914	-0.50131750106812	-0.63279718160629	73.000000000000	0.0000000000000
3.2880001068115	-0.50285500288010	-0.63139402866364	73.000000000000	0.0000000000000
3.2920000553131	-0.50438261032104	-0.62998944520950	73.000000000000	0.0000000000000
3.2960000038147	-0.50590139627457	-0.62858247756958	73.000000000000	0.0000000000000
3.2999999523163	-0.50741100311279	-0.62717401981354	73.000000000000	0.0000000000000
3.3039999008179	-0.50891298055649	-0.62576270103455	73.000000000000	0.0000000000000
3.3080000877380	-0.51040673255920	-0.62434923648834	73.000000000000	0.0000000000000
3.3120000362396	-0.51189339160919	-0.62293249368668	73.000000000000	0.0000000000000
3.3159999847412	-0.51337355375290	-0.62151211500168	73.000000000000	0.0000000000000
3.3199999332428	-0.51484656333923	-0.62008863687515	73.000000000000	0.0000000000000
3.3239998817444	-0.51631373167038	-0.61866056919098	73.000000000000	0.0000000000000
3.3280000686646	-0.51777505874634	-0.61722797155380	73.000000000000	0.0000000000000
3.3320000171661	-0.51923096179962	-0.61579012870789	73.000000000000	0.0000000000000
3.3359999656677	-0.52068126201630	-0.61434692144394	73.000000000000	0.0000000000000
3.3399999141693	-0.52212619781494	-0.61289757490158	73.000000000000	0.0000000000000
3.3440001010895	-0.52356642484665	-0.61144155263901	73.000000000000	0.0000000000000
3.3480000495911	-0.52500170469284	-0.60997825860977	73.000000000000	0.0000000000000
3.3519999980927	-0.52643185853958	-0.60850745439529	73.000000000000	0.0000000000000
3.3559999465942	-0.52785754203796	-0.60702824592590	73.000000000000	0.0000000000000
3.3599998950958	-0.52927798032761	-0.60554015636444	73.000000000000	0.0000000000000
3.3640000820160	-0.53069382905960	-0.60404276847839	73.000000000000	0.0000000000000
3.3680000305176	-0.53210425376892	-0.60253518819809	73.000000000000	0.0000000000000
3.3719999790192	-0.53350967168808	-0.60101723670959	73.000000000000	0.0000000000000
3.3759999275208	-0.53490978479385	-0.59948813915253	73.000000000000	0.0000000000000
3.3800001144409	-0.53630399703979	-0.59794753789902	73.000000000000	0.0000000000000
3.3840000629425	-0.53769254684448	-0.59639453887939	73.000000000000	0.0000000000000
3.3880000114441	-0.53907454013824	-0.59482908248901	73.000000000000	0.0000000000000
3.3919999599457	-0.54045003652573	-0.59325015544891	73.000000000000	0.0000000000000
3.3959999084473	-0.54181855916977	-0.59165775775909	73.000000000000	0.0000000000000
3.4000000953674	-0.54317927360535	-0.59005123376846	73.000000000000	0.0000000000000
3.4040000438690	-0.54453265666962	-0.58842998743057	73.000000000000	0.0000000000000
3.4079999923706	-0.54587692022324	-0.58679407835007	73.000000000000	0.0000000000000
3.4119999408722	-0.54721248149872	-0.58514273166656	73.000000000000	0.0000000000000
3.4159998893738	-0.54853850603104	-0.58347582817078	73.000000000000	0.0000000000000
3.4200000762939	-0.54985415935516	-0.58179283142090	73.000000000000	0.0000000000000
3.4240000247955	-0.55115896463394	-0.58009380102158	73.000000000000	0.0000000000000
3.4279999732971	-0.55245244503021	-0.57837826013565	73.000000000000	0.0000000000000
3.4319999217987	-0.55373376607895	-0.57664620876312	73.000000000000	0.0000000000000
3.4360001087189	-0.55500209331512	-0.57489734888077	73.000000000000	0.0000000000000
3.4400000572205	-0.55625700950623	-0.57313156127930	73.000000000000	0.0000000000000
3.4440000057220	-0.55749750137329	-0.57134908437729	73.000000000000	0.0000000000000
3.4479999542236	-0.55872315168381	-0.56954956054688	73.000000000000	0.0000000000000
3.4519999027252	-0.55993300676346	-0.56773310899734	73.000000000000	0.0000000000000
3.4560000896454	-0.56112635135651	-0.56590008735657	73.000000000000	0.0000000000000
3.4600000381470	-0.56230247020721	-0.56405013799667	73.000000000000	0.0000000000000
3.4639999866486	-0.56346046924591	-0.56218391656876	73.000000000000	0.0000000000000
3.4679999351501	-0.56460028886795	-0.56030100584030	73.000000000000	0.0000000000000
3.4719998836517	-0.56572031974792	-0.55840235948563	73.000000000000	0.0000000000000
3.4760000705719	-0.56682044267654	-0.55648767948151	73.000000000000	0.0000000000000
3.4800000190735	-0.56789964437485	-0.55455785989761	73.000000000000	0.0000000000000
3.4839999675751	-0.56895726919174	-0.55261278152466	73.000000000000	0.0000000000000
3.4879999160767	-0.56999313831329	-0.55065304040909	73.000000000000	0.0000000000000
3.4920001029968	-0.57100605964661	-0.54867923259735	73.000000000000	0.0000000000000
3.4960000514984	-0.57199531793594	-0.54669189453125	73.000000000000	0.0000000000000
3.5000000000000	-0.57296079397202	-0.54469126462936	73.000000000000	0.0000000000000
3.5039999485016	-0.57390189170837	-0.54267799854279	73.000000000000	0.0000000000000
3.5079998970032	-0.57481777667999	-0.54065281152725	73.000000000000	0.0000000000000
3.5120000839233	-0.57570803165436	-0.53861641883850	73.000000000000	0.0000000000000
3.5160000324249	-0.57657235860825	-0.53656911849976	73.000000000000	0.0000000000000
3.5199999809265	-0.57741016149521	-0.53451204299927	73.000000000000	0.0000000000000
3.5239999294281	-0.57822149991989	-0.53244537115097	73.000000000000	0.0000000000000
3.5280001163483	-0.57900559902191	-0.53037011623383	73.000000000000	0.0000000000000
3.5320000648499	-0.57976180315018	-0.52828729152679	73.000000000000	0.0000000000000
3.5360000133514	-0.58049082756042	-0.52619707584381	73.000000000000	0.0000000000000
3.5399999618530	-0.58119148015976	-0.52410072088242	73.000000000000	0.0000000000000
3.5439999103546	-0.58186429738998	-0.52199858427048	73.000000000000	0.0000000000000
3.5480000972748	-0.58250904083252	-0.51989161968231	73.000000000000	0.0000000000000
3.5520000457764	-0.58312535285950	-0.51778078079224	73.000000000000	0.0000000000000
3.5559999942780	-0.58371305465698	-0.51566666364670	73.000000000000	0.0000000000000
3.5599999427795	-0.58427274227142	-0.51354998350143	73.000000000000	0.0000000000000
3.5639998912811	-0.58480405807495	-0.51143157482147	73.000000000000	0.0000000000000
3.5680000782013	-0.58530700206757	-0.50931209325790	73.000000000000	0.0000000000000
3.5720000267029	-0.58578211069107	-0.50719255208969	73.000000000000	0.0000000000000
3.5759999752045	-0.58622914552689	-0.50507348775864	73.000000000000	0.0000000000000
3.5799999237061	-0.58664840459824	-0.50295549631119	73.000000000000	0.0000000000000
3.5840001106262	-0.58704024553299	-0.50083953142166	73.000000000000	0.0000000000000
3.5880000591278	-0.58740490674973	-0.49872615933418	73.000000000000	0.0000000000000
3.5920000076294	-0.58774286508560	-0.49661570787430	73.000000000000	0.0000000000000
3.5959999561310	-0.58805423974991	-0.49450927972794	73.000000000000	0.0000000000000
3.5999999046326	-0.58833926916122	-0.49240717291832	73.000000000000	0.0000000000000
3.6040000915527	-0.58859884738922	-0.49031001329422	73.000000000000	0.0000000000000
3.6080000400543	-0.58883309364319	-0.48821800947189	73.000000000000	0.0000000000000
3.6119999885559	-0.58904242515564	-0.48613217473030	73.000000000000	0.0000000000000
3.6159999370575	-0.58922725915909	-0.48405271768570	73.000000000000	0.0000000000000
3.6199998855591	-0.58938854932785	-0.48197987675667	73.000000000000	0.0000000000000
3.6240000724792	-0.58952623605728	-0.47991418838501	73.000000000000	0.0000000000000
3.6280000209808	-0.58964115381241	-0.47785586118698	73.000000000000	0.0000000000000
3.6319999694824	-0.58973389863968	-0.47580534219742	73.000000000000	0.0000000000000
3.6359999179840	-0.58980470895767	-0.47376260161400	73.000000000000	0.0000000000000
3.6400001049042	-0.58985441923141	-0.47172808647156	73.000000000000	0.0000000000000
3.6440000534058	-0.58988332748413	-0.46970194578171	73.000000000000	0.0000000000000
3.6480000019073	-0.58989208936691	-0.46768400073051	73.000000000000	0.0000000000000
3.6519999504089	-0.58988100290298	-0.46567472815514	73.000000000000	0.0000000000000
3.6559998989105	-0.58985131978989	-0.46367368102074	73.000000000000	0.0000000000000
3.6600000858307	-0.58980250358582	-0.46168127655983	73.000000000000	0.0000000000000
3.6640000343323	-0.58973592519760	-0.45969721674919	73.000000000000	0.0000000000000
3.6679999828339	-0.58965152502060	-0.45772138237953	73.000000000000	0.0000000000000
3.6719999313354	-0.58954995870590	-0.45575377345085	73.000000000000	0.0000000000000
3.6760001182556	-0.58943176269531	-0.45379427075386	73.000000000000	0.0000000000000
3.6800000667572	-0.58929693698883	-0.45184251666069	73.000000000000	0.0000000000000
3.6840000152588	-0.58914613723755	-0.44989842176437	73.000000000000	0.0000000000000
3.6879999637604	-0.58897989988327	-0.44796159863472	73.000000000000	0.0000000000000
3.6919999122620	-0.58879804611206	-0.44603177905083	73.000000000000	0.0000000000000
3.6960000991821	-0.58860123157501	-0.44410878419876	73.000000000000	0.0000000000000
3.7000000476837	-0.58838951587677	-0.44219216704369	73.000000000000	0.0000000000000
3.7039999961853	-0.58816289901733	-0.44028154015541	73.000000000000	0.0000000000000
3.7079999446869	-0.58792191743851	-0.43837657570839	73.000000000000	0.0000000000000
3.7119998931885	-0.58766657114029	-0.43647676706314	73.000000000000	0.0000000000000
3.7160000801086	-0.58739680051804	-0.43458202481270	73.000000000000	0.0000000000000
3.7200000286102	-0.58711278438568	-0.43269175291061	73.000000000000	0.0000000000000
3.7239999771118	-0.58681416511536	-0.43080553412437	73.000000000000	0.0000000000000
3.7279999256134	-0.58650118112564	-0.42892310023308	73.000000000000	0.0000000000000
3.7320001125336	-0.58617353439331	-0.42704373598099	73.000000000000	0.0000000000000
3.7360000610352	-0.58583116531372	-0.42516744136810	73.000000000000	0.0000000000000
3.7400000095367	-0.58547389507294	-0.42329344153404	73.000000000000	0.0000000000000
3.7439999580383	-0.58510136604309	-0.42142173647881	73.000000000000	0.0000000000000
3.7479999065399	-0.58471333980560	-0.41955170035362	73.000000000000	0.0000000000000
3.7520000934601	-0.58430933952332	-0.41768318414688	73.000000000000	0.0000000000000
3.7560000419617	-0.58388888835907	-0.41581574082375	73.000000000000	0.0000000000000
3.7599999904633	-0.58345186710358	-0.41394922137260	73.000000000000	0.0000000000000
3.7639999389648	-0.58299779891968	-0.41208305954933	73.000000000000	0.0000000000000
3.7679998874664	-0.58252602815628	-0.41021734476089	73.000000000000	0.0000000000000
3.7720000743866	-0.58203577995300	-0.40835192799568	73.000000000000	0.0000000000000
3.7760000228882	-0.58152687549591	-0.40648639202118	73.000000000000	0.0000000000000
3.7799999713898	-0.58099853992462	-0.40462082624435	73.000000000000	0.0000000000000
3.7839999198914	-0.58044999837875	-0.40275511145592	73.000000000000	0.0000000000000
3.7880001068115	-0.57988071441650	-0.40088921785355	73.000000000000	0.0000000000000
3.7920000553131	-0.57928979396820	-0.39902320504189	73.000000000000	0.0000000000000
3.7960000038147	-0.57867681980133	-0.39715716242790	73.000000000000	0.0000000000000
3.7999999523163	-0.57804101705551	-0.39529109001160	73.000000000000	0.0000000000000
3.8039999008179	-0.57738149166107	-0.39342546463013	73.000000000000	0.0000000000000
3.8080000877380	-0.57669758796692	-0.39156028628349	73.000000000000	0.0000000000000
3.8120000362396	-0.57598835229874	-0.38969579339027	73.000000000000	0.0000000000000
3.8159999847412	-0.57525336742401	-0.38783261179924	73.000000000000	0.0000000000000
3.8199999332428	-0.57449162006378	-0.38597097992897	73.000000000000	0.0000000000000
3.8239998817444	-0.57370221614838	-0.38411140441895	73.000000000000	0.0000000000000
3.8280000686646	-0.57288479804993	-0.38225454092026	73.000000000000	0.0000000000000
3.8320000171661	-0.57203829288483	-0.38040065765381	73.000000000000	0.0000000000000
3.8359999656677	-0.57116222381592	-0.37855067849159	73.000000000000	0.0000000000000
3.8399999141693	-0.57025587558746	-0.37670525908470	73.000000000000	0.0000000000000
3.8440001010895	-0.56931817531586	-0.37486520409584	73.000000000000	0.0000000000000
3.8480000495911	-0.56834894418716	-0.37303116917610	73.000000000000	0.0000000000000
3.8519999980927	-0.56734734773636	-0.37120437622070	73.000000000000	0.0000000000000
3.8559999465942	-0.56631290912628	-0.36938533186913	73.000000000000	0.0000000000000
3.8599998950958	-0.56524497270584	-0.36757522821426	73.000000000000	0.0000000000000
3.8640000820160	-0.56414318084717	-0.36577495932579	73.000000000000	0.0000000000000
3.8680000305176	-0.56300687789917	-0.36398586630821	73.000000000000	0.0000000000000
3.8719999790192	-0.56183564662933	-0.36220902204514	73.000000000000	0.0000000000000
3.8759999275208	-0.56062942743301	-0.36044517159462	73.000000000000	0.0000000000000
3.8800001144409	-0.55938786268234	-0.35869595408440	73.000000000000	0.0000000000000
3.8840000629425	-0.55811047554016	-0.35696250200272	73.000000000000	0.0000000000000
3.8880000114441	-0.55679708719254	-0.35524621605873	73.000000000000	0.0000000000000
3.8919999599457	-0.55544793605804	-0.35354799032211	73.000000000000	0.0000000000000
3.8959999084473	-0.55406254529953	-0.35186949372292	73.000000000000	0.0000000000000
3.9000000953674	-0.55264127254486	-0.35021185874939	73.000000000000	0.0000000000000
3.9040000438690	-0.55118411779404	-0.34857657551765	73.000000000000	0.0000000000000
3.9079999923706	-0.54969120025635	-0.34696492552757	73.000000000000	0.0000000000000
3.9119999408722	-0.54816251993179	-0.34537860751152	73.000000000000	0.0000000000000
3.9159998893738	-0.54659873247147	-0.34381854534149	73.000000000000	0.0000000000000
3.9200000762939	-0.54499995708466	-0.34228646755219	73.000000000000	0.0000000000000
3.9240000247955	-0.54336696863174	-0.34078356623650	73.000000000000	0.0000000000000
3.9279999732971	-0.54169982671738	-0.33931115269661	73.000000000000	0.0000000000000
3.9319999217987	-0.53999948501587	-0.33787083625793	73.000000000000	0.0000000000000
3.9360001087189	-0.53826653957367	-0.33646389842033	73.000000000000	0.0000000000000
3.9400000572205	-0.53650170564651	-0.33509144186974	73.000000000000	0.0000000000000
3.9440000057220	-0.53470546007156	-0.33375504612923	73.000000000000	0.0000000000000
3.9479999542236	-0.53287917375565	-0.33245587348938	73.000000000000	0.0000000000000
3.9519999027252	-0.53102374076843	-0.33119502663612	73.000000000000	0.0000000000000
3.9560000896454	-0.52913981676102	-0.32997411489487	73.000000000000	0.0000000000000
3.9600000381470	-0.52722871303558	-0.32879376411438	73.000000000000	0.0000000000000
3.9639999866486	-0.52529162168503	-0.32765543460846	73.000000000000	0.0000000000000
3.9679999351501	-0.52332967519760	-0.32655993103981	73.000000000000	0.0000000000000
3.9719998836517	-0.52134394645691	-0.32550859451294	73.000000000000	0.0000000000000
3.9760000705719	-0.51933598518372	-0.32450219988823	73.000000000000	0.0000000000000
3.9800000190735	-0.51730716228485	-0.32354143261909	73.000000000000	0.0000000000000
3.9839999675751	-0.51525866985321	-0.32262745499611	73.000000000000	0.0000000000000
3.9879999160767	-0.51319217681885	-0.32176098227501	73.000000000000	0.0000000000000
3.9920001029968	-0.51110893487930	-0.32094249129295	73.000000000000	0.0000000000000
3.9960000514984	-0.50901067256927	-0.32017287611961	73.000000000000	0.0000000000000
4.0000000000000	-0.50689899921417	-0.31945243477821	73.000000000000	0.0000000000000
