#Parameters = {D=8; L=80; d_a=10; e_m=9; e_s=30; gap=1.5; m_x=30; m_y=40; m_z=100; mu_m=1; mu_s=1; s_d=2}
#"Frequency / GHz"	"S1,1 [Re]"	"S1,1 [Im]"	"Ref.Imp. [Re]"	"Ref.Imp. [Im]"
#-------------------------------------------------------------------------
0.0000000000000	1.0000000000000	-0.0000000000000	73.000000000000	0.0000000000000
0.0040000001899898	0.99992775917053	-0.011374196037650	73.000000000000	0.0000000000000
0.0080000003799796	0.99971127510071	-0.022745698690414	73.000000000000	0.0000000000000
0.012000000104308	0.99935066699982	-0.034111820161343	73.000000000000	0.0000000000000
0.016000000759959	0.99884611368179	-0.045469898730516	73.000000000000	0.0000000000000
0.019999999552965	0.99819827079773	-0.056817285716534	73.000000000000	0.0000000000000
0.024000000208616	0.99740761518478	-0.068151399493217	73.000000000000	0.0000000000000
0.028000000864267	0.99647468328476	-0.079469665884972	73.000000000000	0.0000000000000
0.032000001519918	0.99540024995804	-0.090769574046135	73.000000000000	0.0000000000000
0.035999998450279	0.99418526887894	-0.10204870998859	73.000000000000	0.0000000000000
0.039999999105930	0.99283069372177	-0.11330468207598	73.000000000000	0.0000000000000
0.043999999761581	0.99133753776550	-0.12453519552946	73.000000000000	0.0000000000000
0.048000000417233	0.98970681428909	-0.13573801517487	73.000000000000	0.0000000000000
0.052000001072884	0.98793995380402	-0.14691106975079	73.000000000000	0.0000000000000
0.056000001728535	0.98603826761246	-0.15805231034756	73.000000000000	0.0000000000000
0.059999998658895	0.98400306701660	-0.16915981471539	73.000000000000	0.0000000000000
0.064000003039837	0.98183566331863	-0.18023173511028	73.000000000000	0.0000000000000
0.068000003695488	0.97953754663467	-0.19126640260220	73.000000000000	0.0000000000000
0.071999996900558	0.97711044549942	-0.20226217806339	73.000000000000	0.0000000000000
0.075999997556210	0.97455543279648	-0.21321757137775	73.000000000000	0.0000000000000
0.079999998211861	0.97187453508377	-0.22413127124310	73.000000000000	0.0000000000000
0.083999998867512	0.96906906366348	-0.23500196635723	73.000000000000	0.0000000000000
0.087999999523163	0.96614074707031	-0.24582855403423	73.000000000000	0.0000000000000
0.092000000178814	0.96309089660645	-0.25661000609398	73.000000000000	0.0000000000000
0.096000000834465	0.95992124080658	-0.26734539866447	73.000000000000	0.0000000000000
0.10000000149012	0.95663315057755	-0.27803397178650	73.000000000000	0.0000000000000
0.10400000214577	0.95322841405869	-0.28867506980896	73.000000000000	0.0000000000000
0.10800000280142	0.94970810413361	-0.29926809668541	73.000000000000	0.0000000000000
0.11200000345707	0.94607371091843	-0.30981254577637	73.000000000000	0.0000000000000
0.11599999666214	0.94232660531998	-0.32030814886093	73.000000000000	0.0000000000000
0.11999999731779	0.93846809864044	-0.33075451850891	73.000000000000	0.0000000000000
0.12399999797344	0.93449908494949	-0.34115150570869	73.000000000000	0.0000000000000
0.12800000607967	0.93042093515396	-0.35149905085564	73.000000000000	0.0000000000000
0.13199999928474	0.92623442411423	-0.36179706454277	73.000000000000	0.0000000000000
0.13600000739098	0.92194062471390	-0.37204560637474	73.000000000000	0.0000000000000
0.14000000059605	0.91754013299942	-0.38224476575851	73.000000000000	0.0000000000000
0.14399999380112	0.91303372383118	-0.39239460229874	73.000000000000	0.0000000000000
0.14800000190735	0.90842193365097	-0.40249538421631	73.000000000000	0.0000000000000
0.15199999511242	0.90370523929596	-0.41254723072052	73.000000000000	0.0000000000000
0.15600000321865	0.89888387918472	-0.42255041003227	73.000000000000	0.0000000000000
0.15999999642372	0.89395821094513	-0.43250516057014	73.000000000000	0.0000000000000
0.16400000452995	0.88892817497253	-0.44241166114807	73.000000000000	0.0000000000000
0.16799999773502	0.88379371166229	-0.45227015018463	73.000000000000	0.0000000000000
0.17200000584126	0.87855476140976	-0.46208083629608	73.000000000000	0.0000000000000
0.17599999904633	0.87321102619171	-0.47184383869171	73.000000000000	0.0000000000000
0.18000000715256	0.86776196956635	-0.48155936598778	73.000000000000	0.0000000000000
0.18400000035763	0.86220711469650	-0.49122732877731	73.000000000000	0.0000000000000
0.18799999356270	0.85654580593109	-0.50084793567657	73.000000000000	0.0000000000000
0.19200000166893	0.85077738761902	-0.51042091846466	73.000000000000	0.0000000000000
0.19599999487400	0.84490102529526	-0.51994621753693	73.000000000000	0.0000000000000
0.20000000298023	0.83891546726227	-0.52942365407944	73.000000000000	0.0000000000000
0.20399999618530	0.83282011747360	-0.53885275125504	73.000000000000	0.0000000000000
0.20800000429153	0.82661348581314	-0.54823321104050	73.000000000000	0.0000000000000
0.21199999749660	0.82029420137405	-0.55756437778473	73.000000000000	0.0000000000000
0.21600000560284	0.81386142969131	-0.56684553623199	73.000000000000	0.0000000000000
0.21999999880791	0.80731356143951	-0.57607591152191	73.000000000000	0.0000000000000
0.22400000691414	0.80064916610718	-0.58525454998016	73.000000000000	0.0000000000000
0.22800000011921	0.79386693239212	-0.59438031911850	73.000000000000	0.0000000000000
0.23199999332428	0.78696507215500	-0.60345208644867	73.000000000000	0.0000000000000
0.23600000143051	0.77994239330292	-0.61246836185455	73.000000000000	0.0000000000000
0.23999999463558	0.77279722690582	-0.62142753601074	73.000000000000	0.0000000000000
0.24400000274181	0.76552784442902	-0.63032805919647	73.000000000000	0.0000000000000
0.24799999594688	0.75813311338425	-0.63916802406311	73.000000000000	0.0000000000000
0.25200000405312	0.75061130523682	-0.64794534444809	73.000000000000	0.0000000000000
0.25600001215935	0.74296087026596	-0.65665793418884	73.000000000000	0.0000000000000
0.25999999046326	0.73518073558807	-0.66530340909958	73.000000000000	0.0000000000000
0.26399999856949	0.72726887464523	-0.67387926578522	73.000000000000	0.0000000000000
0.26800000667572	0.71922451257706	-0.68238288164139	73.000000000000	0.0000000000000
0.27200001478195	0.71104609966278	-0.69081145524979	73.000000000000	0.0000000000000
0.27599999308586	0.70273274183273	-0.69916200637817	73.000000000000	0.0000000000000
0.28000000119209	0.69428300857544	-0.70743155479431	73.000000000000	0.0000000000000
0.28400000929832	0.68569636344910	-0.71561670303345	73.000000000000	0.0000000000000
0.28799998760223	0.67697173357010	-0.72371429204941	73.000000000000	0.0000000000000
0.29199999570847	0.66810834407806	-0.73172056674957	73.000000000000	0.0000000000000
0.29600000381470	0.65910547971725	-0.73963218927383	73.000000000000	0.0000000000000
0.30000001192093	0.64996290206909	-0.74744522571564	73.000000000000	0.0000000000000
0.30399999022484	0.64068043231964	-0.75515604019165	73.000000000000	0.0000000000000
0.30799999833107	0.63125759363174	-0.76276051998138	73.000000000000	0.0000000000000
0.31200000643730	0.62169444561005	-0.77025479078293	73.000000000000	0.0000000000000
0.31600001454353	0.61199140548706	-0.77763479948044	73.000000000000	0.0000000000000
0.31999999284744	0.60214847326279	-0.78489619493484	73.000000000000	0.0000000000000
0.32400000095367	0.59216648340225	-0.79203510284424	73.000000000000	0.0000000000000
0.32800000905991	0.58204597234726	-0.79904705286026	73.000000000000	0.0000000000000
0.33199998736382	0.57178777456284	-0.80592787265778	73.000000000000	0.0000000000000
0.33599999547005	0.56139314174652	-0.81267303228378	73.000000000000	0.0000000000000
0.34000000357628	0.55086326599121	-0.81927841901779	73.000000000000	0.0000000000000
0.34400001168251	0.54019939899445	-0.82573968172073	73.000000000000	0.0000000000000
0.34799998998642	0.52940332889557	-0.83205246925354	73.000000000000	0.0000000000000
0.35199999809265	0.51847690343857	-0.83821249008179	73.000000000000	0.0000000000000
0.35600000619888	0.50742191076279	-0.84421551227570	73.000000000000	0.0000000000000
0.36000001430511	0.49624085426331	-0.85005730390549	73.000000000000	0.0000000000000
0.36399999260902	0.48493558168411	-0.85573363304138	73.000000000000	0.0000000000000
0.36800000071526	0.47350931167603	-0.86124038696289	73.000000000000	0.0000000000000
0.37200000882149	0.46196413040161	-0.86657351255417	73.000000000000	0.0000000000000
0.37599998712540	0.45030304789543	-0.87172913551331	73.000000000000	0.0000000000000
0.37999999523163	0.43852916359901	-0.87670320272446	73.000000000000	0.0000000000000
0.38400000333786	0.42664536833763	-0.88149201869965	73.000000000000	0.0000000000000
0.38800001144409	0.41465535759926	-0.88609176874161	73.000000000000	0.0000000000000
0.39199998974800	0.40256240963936	-0.89049917459488	73.000000000000	0.0000000000000
0.39599999785423	0.39037030935287	-0.89471030235291	73.000000000000	0.0000000000000
0.40000000596046	0.37808251380920	-0.89872211217880	73.000000000000	0.0000000000000
0.40400001406670	0.36570239067078	-0.90253126621246	73.000000000000	0.0000000000000
0.40799999237061	0.35323497653008	-0.90613454580307	73.000000000000	0.0000000000000
0.41200000047684	0.34068307280540	-0.90952920913696	73.000000000000	0.0000000000000
0.41600000858307	0.32805177569389	-0.91271215677261	73.000000000000	0.0000000000000
0.41999998688698	0.31534466147423	-0.91568082571030	73.000000000000	0.0000000000000
0.42399999499321	0.30256623029709	-0.91843259334564	73.000000000000	0.0000000000000
0.42800000309944	0.28972107172012	-0.92096495628357	73.000000000000	0.0000000000000
0.43200001120567	0.27681267261505	-0.92327576875687	73.000000000000	0.0000000000000
0.43599998950958	0.26384654641151	-0.92536252737045	73.000000000000	0.0000000000000
0.43999999761581	0.25082647800446	-0.92722356319427	73.000000000000	0.0000000000000
0.44400000572205	0.23775711655617	-0.92885684967041	73.000000000000	0.0000000000000
0.44800001382828	0.22464303672314	-0.93026053905487	73.000000000000	0.0000000000000
0.45199999213219	0.21148844063282	-0.93143296241760	73.000000000000	0.0000000000000
0.45600000023842	0.19829846918583	-0.93237262964249	73.000000000000	0.0000000000000
0.46000000834465	0.18507747352123	-0.93307816982269	73.000000000000	0.0000000000000
0.46399998664856	0.17182978987694	-0.93354815244675	73.000000000000	0.0000000000000
0.46799999475479	0.15856009721756	-0.93378150463104	73.000000000000	0.0000000000000
0.47200000286102	0.14527307450771	-0.93377697467804	73.000000000000	0.0000000000000
0.47600001096725	0.13197281956673	-0.93353372812271	73.000000000000	0.0000000000000
0.47999998927116	0.11866416037083	-0.93305081129074	73.000000000000	0.0000000000000
0.48399999737740	0.10535171627998	-0.93232738971710	73.000000000000	0.0000000000000
0.48800000548363	0.092039696872234	-0.93136262893677	73.000000000000	0.0000000000000
0.49200001358986	0.078732609748840	-0.93015593290329	73.000000000000	0.0000000000000
0.49599999189377	0.065434575080872	-0.92870664596558	73.000000000000	0.0000000000000
0.50000000000000	0.052150625735521	-0.92701423168182	73.000000000000	0.0000000000000
0.50400000810623	0.038884509354830	-0.92507803440094	73.000000000000	0.0000000000000
0.50800001621246	0.025641145184636	-0.92289775609970	73.000000000000	0.0000000000000
0.51200002431870	0.012424401007593	-0.92047280073166	73.000000000000	0.0000000000000
0.51599997282028	-0.00076092197559774	-0.91780292987823	73.000000000000	0.0000000000000
0.51999998092651	-0.013910843059421	-0.91488772630692	73.000000000000	0.0000000000000
0.52399998903275	-0.027021097019315	-0.91172671318054	73.000000000000	0.0000000000000
0.52799999713898	-0.040087345987558	-0.90831959247589	73.000000000000	0.0000000000000
0.53200000524521	-0.053104754537344	-0.90466618537903	73.000000000000	0.0000000000000
0.53600001335144	-0.066069707274437	-0.90076601505280	73.000000000000	0.0000000000000
0.54000002145767	-0.078977182507515	-0.89661872386932	73.000000000000	0.0000000000000
0.54400002956390	-0.091823428869247	-0.89222407341003	73.000000000000	0.0000000000000
0.54799997806549	-0.10460326820612	-0.88758206367493	73.000000000000	0.0000000000000
0.55199998617172	-0.11731352657080	-0.88269168138504	73.000000000000	0.0000000000000
0.55599999427795	-0.12994801998138	-0.87755334377289	73.000000000000	0.0000000000000
0.56000000238419	-0.14250335097313	-0.87216627597809	73.000000000000	0.0000000000000
0.56400001049042	-0.15497435629368	-0.86653047800064	73.000000000000	0.0000000000000
0.56800001859665	-0.16735658049583	-0.86064553260803	73.000000000000	0.0000000000000
0.57200002670288	-0.17964498698711	-0.85451114177704	73.000000000000	0.0000000000000
0.57599997520447	-0.19183483719826	-0.84812712669373	73.000000000000	0.0000000000000
0.57999998331070	-0.20392088592052	-0.84149330854416	73.000000000000	0.0000000000000
0.58399999141693	-0.21589842438698	-0.83460932970047	73.000000000000	0.0000000000000
0.58799999952316	-0.22776192426682	-0.82747519016266	73.000000000000	0.0000000000000
0.59200000762939	-0.23950557410717	-0.82009071111679	73.000000000000	0.0000000000000
0.59600001573563	-0.25112506747246	-0.81245565414429	73.000000000000	0.0000000000000
0.60000002384186	-0.26261353492737	-0.80457031726837	73.000000000000	0.0000000000000
0.60399997234344	-0.27396586537361	-0.79643458127975	73.000000000000	0.0000000000000
0.60799998044968	-0.28517603874207	-0.78804868459702	73.000000000000	0.0000000000000
0.61199998855591	-0.29623815417290	-0.77941274642944	73.000000000000	0.0000000000000
0.61599999666214	-0.30714547634125	-0.77052724361420	73.000000000000	0.0000000000000
0.62000000476837	-0.31789210438728	-0.76139259338379	73.000000000000	0.0000000000000
0.62400001287460	-0.32847124338150	-0.75200951099396	73.000000000000	0.0000000000000
0.62800002098083	-0.33887630701065	-0.74237859249115	73.000000000000	0.0000000000000
0.63200002908707	-0.34909981489182	-0.73250114917755	73.000000000000	0.0000000000000
0.63599997758865	-0.35913538932800	-0.72237789630890	73.000000000000	0.0000000000000
0.63999998569489	-0.36897590756416	-0.71201014518738	73.000000000000	0.0000000000000
0.64399999380112	-0.37861341238022	-0.70139986276627	73.000000000000	0.0000000000000
0.64800000190735	-0.38804090023041	-0.69054841995239	73.000000000000	0.0000000000000
0.65200001001358	-0.39725080132484	-0.67945784330368	73.000000000000	0.0000000000000
0.65600001811981	-0.40623447299004	-0.66813069581985	73.000000000000	0.0000000000000
0.66000002622604	-0.41498494148254	-0.65656918287277	73.000000000000	0.0000000000000
0.66399997472763	-0.42349401116371	-0.64477622509003	73.000000000000	0.0000000000000
0.66799998283386	-0.43175300955772	-0.63275516033173	73.000000000000	0.0000000000000
0.67199999094009	-0.43975421786308	-0.62050920724869	73.000000000000	0.0000000000000
0.67599999904633	-0.44748899340630	-0.60804253816605	73.000000000000	0.0000000000000
0.68000000715256	-0.45494922995567	-0.59535878896713	73.000000000000	0.0000000000000
0.68400001525879	-0.46212622523308	-0.58246284723282	73.000000000000	0.0000000000000
0.68800002336502	-0.46901205182076	-0.56935936212540	73.000000000000	0.0000000000000
0.69199997186661	-0.47559744119644	-0.55605393648148	73.000000000000	0.0000000000000
0.69599997997284	-0.48187449574471	-0.54255199432373	73.000000000000	0.0000000000000
0.69999998807907	-0.48783442378044	-0.52885961532593	73.000000000000	0.0000000000000
0.70399999618530	-0.49346917867661	-0.51498347520828	73.000000000000	0.0000000000000
0.70800000429153	-0.49876987934113	-0.50093048810959	73.000000000000	0.0000000000000
0.71200001239777	-0.50372898578644	-0.48670771718025	73.000000000000	0.0000000000000
0.71600002050400	-0.50833761692047	-0.47232320904732	73.000000000000	0.0000000000000
0.72000002861023	-0.51258826255798	-0.45778536796570	73.000000000000	0.0000000000000
0.72399997711182	-0.51647305488586	-0.44310235977173	73.000000000000	0.0000000000000
0.72799998521805	-0.51998400688171	-0.42828372120857	73.000000000000	0.0000000000000
0.73199999332428	-0.52311414480209	-0.41333869099617	73.000000000000	0.0000000000000
0.73600000143051	-0.52585583925247	-0.39827758073807	73.000000000000	0.0000000000000
0.74000000953674	-0.52820241451263	-0.38311052322388	73.000000000000	0.0000000000000
0.74400001764297	-0.53014737367630	-0.36784824728966	73.000000000000	0.0000000000000
0.74800002574921	-0.53168410062790	-0.35250237584114	73.000000000000	0.0000000000000
0.75199997425079	-0.53280693292618	-0.33708438277245	73.000000000000	0.0000000000000
0.75599998235703	-0.53350996971130	-0.32160633802414	73.000000000000	0.0000000000000
0.75999999046326	-0.53378808498383	-0.30608060956001	73.000000000000	0.0000000000000
0.76399999856949	-0.53363656997681	-0.29051998257637	73.000000000000	0.0000000000000
0.76800000667572	-0.53305137157440	-0.27493774890900	73.000000000000	0.0000000000000
0.77200001478195	-0.53202807903290	-0.25934731960297	73.000000000000	0.0000000000000
0.77600002288818	-0.53056371212006	-0.24376243352890	73.000000000000	0.0000000000000
0.77999997138977	-0.52865540981293	-0.22819732129574	73.000000000000	0.0000000000000
0.78399997949600	-0.52630084753036	-0.21266624331474	73.000000000000	0.0000000000000
0.78799998760223	-0.52349805831909	-0.19718383252621	73.000000000000	0.0000000000000
0.79199999570847	-0.52024620771408	-0.18176501989365	73.000000000000	0.0000000000000
0.79600000381470	-0.51654452085495	-0.16642479598522	73.000000000000	0.0000000000000
0.80000001192093	-0.51239305734634	-0.15117843449116	73.000000000000	0.0000000000000
0.80400002002716	-0.50779259204865	-0.13604097068310	73.000000000000	0.0000000000000
0.80800002813339	-0.50274419784546	-0.12102834880352	73.000000000000	0.0000000000000
0.81199997663498	-0.49725008010864	-0.10615570843220	73.000000000000	0.0000000000000
0.81599998474121	-0.49131280183792	-0.091438733041286	73.000000000000	0.0000000000000
0.81999999284744	-0.48493552207947	-0.076893076300621	73.000000000000	0.0000000000000
0.82400000095367	-0.47812226414680	-0.062534265220165	73.000000000000	0.0000000000000
0.82800000905991	-0.47087770700455	-0.048377662897110	73.000000000000	0.0000000000000
0.83200001716614	-0.46320709586143	-0.034438963979483	73.000000000000	0.0000000000000
0.83600002527237	-0.45511656999588	-0.020733145996928	73.000000000000	0.0000000000000
0.83999997377396	-0.44661265611649	-0.0072757671587169	73.000000000000	0.0000000000000
0.84399998188019	-0.43770274519920	0.0059186914004385	73.000000000000	0.0000000000000
0.84799998998642	-0.42839494347572	0.018835278227925	73.000000000000	0.0000000000000
0.85199999809265	-0.41869786381721	0.031459525227547	73.000000000000	0.0000000000000
0.85600000619888	-0.40862089395523	0.043777439743280	73.000000000000	0.0000000000000
0.86000001430511	-0.39817389845848	0.055775132030249	73.000000000000	0.0000000000000
0.86400002241135	-0.38736769556999	0.067439280450344	73.000000000000	0.0000000000000
0.86799997091293	-0.37621334195137	0.078756697475910	73.000000000000	0.0000000000000
0.87199997901917	-0.36472272872925	0.089714944362640	73.000000000000	0.0000000000000
0.87599998712540	-0.35290822386742	0.10030175745487	73.000000000000	0.0000000000000
0.87999999523163	-0.34078279137611	0.11050566285849	73.000000000000	0.0000000000000
0.88400000333786	-0.32835987210274	0.12031544744968	73.000000000000	0.0000000000000
0.88800001144409	-0.31565350294113	0.12972065806389	73.000000000000	0.0000000000000
0.89200001955032	-0.30267804861069	0.13871127367020	73.000000000000	0.0000000000000
0.89600002765656	-0.28944844007492	0.14727802574635	73.000000000000	0.0000000000000
0.89999997615814	-0.27598002552986	0.15541210770607	73.000000000000	0.0000000000000
0.90399998426437	-0.26228851079941	0.16310554742813	73.000000000000	0.0000000000000
0.90799999237061	-0.24838995933533	0.17035089433193	73.000000000000	0.0000000000000
0.91200000047684	-0.23430076241493	0.17714144289494	73.000000000000	0.0000000000000
0.91600000858307	-0.22003750503063	0.18347133696079	73.000000000000	0.0000000000000
0.92000001668930	-0.20561727881432	0.18933519721031	73.000000000000	0.0000000000000
0.92400002479553	-0.19105708599091	0.19472853839397	73.000000000000	0.0000000000000
0.92799997329712	-0.17637430131435	0.19964759051800	73.000000000000	0.0000000000000
0.93199998140335	-0.16158631443977	0.20408941805363	73.000000000000	0.0000000000000
0.93599998950958	-0.14671069383621	0.20805169641972	73.000000000000	0.0000000000000
0.93999999761581	-0.13176524639130	0.21153295040131	73.000000000000	0.0000000000000
0.94400000572205	-0.11676734685898	0.21453250944614	73.000000000000	0.0000000000000
0.94800001382828	-0.10173472017050	0.21705043315887	73.000000000000	0.0000000000000
0.95200002193451	-0.086684904992580	0.21908757090569	73.000000000000	0.0000000000000
0.95599997043610	-0.071635514497757	0.22064544260502	73.000000000000	0.0000000000000
0.95999997854233	-0.056603644043207	0.22172647714615	73.000000000000	0.0000000000000
0.96399998664856	-0.041606742888689	0.22233374416828	73.000000000000	0.0000000000000
0.96799999475479	-0.026661571115255	0.22247111797333	73.000000000000	0.0000000000000
0.97200000286102	-0.011784954927862	0.22214312851429	73.000000000000	0.0000000000000
0.97600001096725	0.0030067139305174	0.22135505080223	73.000000000000	0.0000000000000
0.98000001907349	0.017697311937809	0.22011291980743	73.000000000000	0.0000000000000
0.98400002717972	0.032271061092615	0.21842332184315	73.000000000000	0.0000000000000
0.98799997568130	0.046712540090084	0.21629349887371	73.000000000000	0.0000000000000
0.99199998378754	0.061006799340248	0.21373148262501	73.000000000000	0.0000000000000
0.99599999189377	0.075139284133911	0.21074573695660	73.000000000000	0.0000000000000
1.0000000000000	0.089095920324326	0.20734544098377	73.000000000000	0.0000000000000
1.0039999485016	0.10286320000887	0.20354017615318	73.000000000000	0.0000000000000
1.0080000162125	0.11642797291279	0.19934020936489	73.000000000000	0.0000000000000
1.0119999647141	0.12977780401707	0.19475620985031	73.000000000000	0.0000000000000
1.0160000324249	0.14290080964565	0.18979930877686	73.000000000000	0.0000000000000
1.0199999809265	0.15578553080559	0.18448112905025	73.000000000000	0.0000000000000
1.0240000486374	0.16842137277126	0.17881359159946	73.000000000000	0.0000000000000
1.0279999971390	0.18079809844494	0.17280910909176	73.000000000000	0.0000000000000
1.0319999456406	0.19290632009506	0.16648034751415	73.000000000000	0.0000000000000
1.0360000133514	0.20473721623421	0.15984027087688	73.000000000000	0.0000000000000
1.0399999618530	0.21628256142139	0.15290211141109	73.000000000000	0.0000000000000
1.0440000295639	0.22753489017487	0.14567936956882	73.000000000000	0.0000000000000
1.0479999780655	0.23848733305931	0.13818560540676	73.000000000000	0.0000000000000
1.0520000457764	0.24913384020329	0.13043472170830	73.000000000000	0.0000000000000
1.0559999942780	0.25946882367134	0.12244056165218	73.000000000000	0.0000000000000
1.0599999427795	0.26948750019073	0.11421716958284	73.000000000000	0.0000000000000
1.0640000104904	0.27918580174446	0.10577858984470	73.000000000000	0.0000000000000
1.0679999589920	0.28856021165848	0.097138814628124	73.000000000000	0.0000000000000
1.0720000267029	0.29760795831680	0.088311940431595	73.000000000000	0.0000000000000
1.0759999752045	0.30632686614990	0.079311892390251	73.000000000000	0.0000000000000
1.0800000429153	0.31471544504166	0.070152573287487	73.000000000000	0.0000000000000
1.0839999914169	0.32277292013168	0.060847721993923	73.000000000000	0.0000000000000
1.0880000591278	0.33049890398979	0.051410954445601	73.000000000000	0.0000000000000
1.0920000076294	0.33789381384850	0.041855666786432	73.000000000000	0.0000000000000
1.0959999561310	0.34495857357979	0.032195068895817	73.000000000000	0.0000000000000
1.1000000238419	0.35169470310211	0.022442124783993	73.000000000000	0.0000000000000
1.1039999723434	0.35810425877571	0.012609520927072	73.000000000000	0.0000000000000
1.1080000400543	0.36418977379799	0.0027096599806100	73.000000000000	0.0000000000000
1.1119999885559	0.36995440721512	-0.0072453720495105	73.000000000000	0.0000000000000
1.1160000562668	0.37540164589882	-0.017243826761842	73.000000000000	0.0000000000000
1.1200000047684	0.38053554296494	-0.027274318039417	73.000000000000	0.0000000000000
1.1239999532700	0.38536050915718	-0.037325870245695	73.000000000000	0.0000000000000
1.1280000209808	0.38988143205643	-0.047387726604939	73.000000000000	0.0000000000000
1.1319999694824	0.39410355687141	-0.057449817657471	73.000000000000	0.0000000000000
1.1360000371933	0.39803239703178	-0.067502290010452	73.000000000000	0.0000000000000
1.1399999856949	0.40167394280434	-0.077535800635815	73.000000000000	0.0000000000000
1.1440000534058	0.40503430366516	-0.087541408836842	73.000000000000	0.0000000000000
1.1480000019073	0.40812000632286	-0.097510673105717	73.000000000000	0.0000000000000
1.1519999504089	0.41093778610229	-0.10743557661772	73.000000000000	0.0000000000000
1.1560000181198	0.41349440813065	-0.11730854958296	73.000000000000	0.0000000000000
1.1599999666214	0.41579711437225	-0.12712256610394	73.000000000000	0.0000000000000
1.1640000343323	0.41785305738449	-0.13687095046043	73.000000000000	0.0000000000000
1.1679999828339	0.41966968774796	-0.14654758572578	73.000000000000	0.0000000000000
1.1720000505447	0.42125445604324	-0.15614676475525	73.000000000000	0.0000000000000
1.1759999990463	0.42261484265327	-0.16566324234009	73.000000000000	0.0000000000000
1.1799999475479	0.42375853657722	-0.17509230971336	73.000000000000	0.0000000000000
1.1840000152588	0.42469316720963	-0.18442960083485	73.000000000000	0.0000000000000
1.1879999637604	0.42542621493340	-0.19367122650146	73.000000000000	0.0000000000000
1.1920000314713	0.42596542835236	-0.20281372964382	73.000000000000	0.0000000000000
1.1959999799728	0.42631819844246	-0.21185408532619	73.000000000000	0.0000000000000
1.2000000476837	0.42649203538895	-0.22078970074654	73.000000000000	0.0000000000000
1.2039999961853	0.42649438977242	-0.22961829602718	73.000000000000	0.0000000000000
1.2079999446869	0.42633244395256	-0.23833803832531	73.000000000000	0.0000000000000
1.2120000123978	0.42601335048676	-0.24694745242596	73.000000000000	0.0000000000000
1.2159999608994	0.42554417252541	-0.25544539093971	73.000000000000	0.0000000000000
1.2200000286102	0.42493167519569	-0.26383110880852	73.000000000000	0.0000000000000
1.2239999771118	0.42418238520622	-0.27210408449173	73.000000000000	0.0000000000000
1.2280000448227	0.42330303788185	-0.28026419878006	73.000000000000	0.0000000000000
1.2319999933243	0.42229965329170	-0.28831145167351	73.000000000000	0.0000000000000
1.2359999418259	0.42117843031883	-0.29624632000923	73.000000000000	0.0000000000000
1.2400000095367	0.41994512081146	-0.30406939983368	73.000000000000	0.0000000000000
1.2439999580383	0.41860538721085	-0.31178146600723	73.000000000000	0.0000000000000
1.2480000257492	0.41716444492340	-0.31938362121582	73.000000000000	0.0000000000000
1.2519999742508	0.41562762856483	-0.32687711715698	73.000000000000	0.0000000000000
1.2560000419617	0.41399964690208	-0.33426338434219	73.000000000000	0.0000000000000
1.2599999904633	0.41228526830673	-0.34154385328293	73.000000000000	0.0000000000000
1.2640000581741	0.41048875451088	-0.34872034192085	73.000000000000	0.0000000000000
1.2680000066757	0.40861424803734	-0.35579454898834	73.000000000000	0.0000000000000
1.2719999551773	0.40666571259499	-0.36276844143867	73.000000000000	0.0000000000000
1.2760000228882	0.40464666485786	-0.36964398622513	73.000000000000	0.0000000000000
1.2799999713898	0.40256080031395	-0.37642329931259	73.000000000000	0.0000000000000
1.2840000391006	0.40041089057922	-0.38310819864273	73.000000000000	0.0000000000000
1.2879999876022	0.39820006489754	-0.38970115780830	73.000000000000	0.0000000000000
1.2920000553131	0.39593094587326	-0.39620393514633	73.000000000000	0.0000000000000
1.2960000038147	0.39360621571541	-0.40261894464493	73.000000000000	0.0000000000000
1.2999999523163	0.39122787117958	-0.40894818305969	73.000000000000	0.0000000000000
1.3040000200272	0.38879820704460	-0.41519373655319	73.000000000000	0.0000000000000
1.3079999685287	0.38631889224052	-0.42135763168335	73.000000000000	0.0000000000000
1.3120000362396	0.38379174470901	-0.42744189500809	73.000000000000	0.0000000000000
1.3159999847412	0.38121828436852	-0.43344843387604	73.000000000000	0.0000000000000
1.3200000524521	0.37859967350960	-0.43937915563583	73.000000000000	0.0000000000000
1.3240000009537	0.37593731284142	-0.44523578882217	73.000000000000	0.0000000000000
1.3279999494553	0.37323209643364	-0.45102015137672	73.000000000000	0.0000000000000
1.3320000171661	0.37048509716988	-0.45673376321793	73.000000000000	0.0000000000000
1.3359999656677	0.36769703030586	-0.46237829327583	73.000000000000	0.0000000000000
1.3400000333786	0.36486840248108	-0.46795496344566	73.000000000000	0.0000000000000
1.3439999818802	0.36200010776520	-0.47346529364586	73.000000000000	0.0000000000000
1.3480000495911	0.35909256339073	-0.47891032695770	73.000000000000	0.0000000000000
1.3519999980927	0.35614618659019	-0.48429140448570	73.000000000000	0.0000000000000
1.3559999465942	0.35316115617752	-0.48960927128792	73.000000000000	0.0000000000000
1.3600000143051	0.35013797879219	-0.49486500024796	73.000000000000	0.0000000000000
1.3639999628067	0.34707704186440	-0.50005936622620	73.000000000000	0.0000000000000
1.3680000305176	0.34397837519646	-0.50519293546677	73.000000000000	0.0000000000000
1.3719999790192	0.34084218740463	-0.51026648283005	73.000000000000	0.0000000000000
1.3760000467300	0.33766895532608	-0.51528042554855	73.000000000000	0.0000000000000
1.3799999952316	0.33445855975151	-0.52023512125015	73.000000000000	0.0000000000000
1.3839999437332	0.33121147751808	-0.52513086795807	73.000000000000	0.0000000000000
1.3880000114441	0.32792785763741	-0.52996796369553	73.000000000000	0.0000000000000
1.3919999599457	0.32460778951645	-0.53474646806717	73.000000000000	0.0000000000000
1.3960000276566	0.32125180959702	-0.53946655988693	73.000000000000	0.0000000000000
1.3999999761581	0.31786021590233	-0.54412794113159	73.000000000000	0.0000000000000
1.4040000438690	0.31443303823471	-0.54873090982437	73.000000000000	0.0000000000000
1.4079999923706	0.31097096204758	-0.55327510833740	73.000000000000	0.0000000000000
1.4119999408722	0.30747434496880	-0.55776047706604	73.000000000000	0.0000000000000
1.4160000085831	0.30394366383553	-0.56218665838242	73.000000000000	0.0000000000000
1.4199999570847	0.30037972331047	-0.56655353307724	73.000000000000	0.0000000000000
1.4240000247955	0.29678273200989	-0.57086074352264	73.000000000000	0.0000000000000
1.4279999732971	0.29315340518951	-0.57510817050934	73.000000000000	0.0000000000000
1.4320000410080	0.28949287533760	-0.57929521799088	73.000000000000	0.0000000000000
1.4359999895096	0.28580147027969	-0.58342176675797	73.000000000000	0.0000000000000
1.4400000572205	0.28208014369011	-0.58748745918274	73.000000000000	0.0000000000000
1.4440000057220	0.27832990884781	-0.59149199724197	73.000000000000	0.0000000000000
1.4479999542236	0.27455168962479	-0.59543496370316	73.000000000000	0.0000000000000
1.4520000219345	0.27074640989304	-0.59931623935699	73.000000000000	0.0000000000000
1.4559999704361	0.26691517233849	-0.60313558578491	73.000000000000	0.0000000000000
1.4600000381470	0.26305904984474	-0.60689276456833	73.000000000000	0.0000000000000
1.4639999866486	0.25917917490005	-0.61058741807938	73.000000000000	0.0000000000000
1.4680000543594	0.25527694821358	-0.61421966552734	73.000000000000	0.0000000000000
1.4720000028610	0.25135335326195	-0.61778926849365	73.000000000000	0.0000000000000
1.4759999513626	0.24740970134735	-0.62129616737366	73.000000000000	0.0000000000000
1.4800000190735	0.24344734847546	-0.62474042177200	73.000000000000	0.0000000000000
1.4839999675751	0.23946751654148	-0.62812221050262	73.000000000000	0.0000000000000
1.4880000352859	0.23547153174877	-0.63144153356552	73.000000000000	0.0000000000000
1.4919999837875	0.23146086931229	-0.63469845056534	73.000000000000	0.0000000000000
1.4960000514984	0.22743678092957	-0.63789355754852	73.000000000000	0.0000000000000
1.5000000000000	0.22340056300163	-0.64102697372437	73.000000000000	0.0000000000000
1.5039999485016	0.21935345232487	-0.64409893751144	73.000000000000	0.0000000000000
1.5080000162125	0.21529704332352	-0.64711016416550	73.000000000000	0.0000000000000
1.5119999647141	0.21123258769512	-0.65006107091904	73.000000000000	0.0000000000000
1.5160000324249	0.20716103911400	-0.65295219421387	73.000000000000	0.0000000000000
1.5199999809265	0.20308418571949	-0.65578413009644	73.000000000000	0.0000000000000
1.5240000486374	0.19900289177895	-0.65855759382248	73.000000000000	0.0000000000000
1.5279999971390	0.19491842389107	-0.66127336025238	73.000000000000	0.0000000000000
1.5319999456406	0.19083203375340	-0.66393226385117	73.000000000000	0.0000000000000
1.5360000133514	0.18674466013908	-0.66653507947922	73.000000000000	0.0000000000000
1.5399999618530	0.18265753984451	-0.66908276081085	73.000000000000	0.0000000000000
1.5440000295639	0.17857140302658	-0.67157626152039	73.000000000000	0.0000000000000
1.5479999780655	0.17448751628399	-0.67401653528214	73.000000000000	0.0000000000000
1.5520000457764	0.17040684819221	-0.67640465497971	73.000000000000	0.0000000000000
1.5559999942780	0.16632990539074	-0.67874163389206	73.000000000000	0.0000000000000
1.5599999427795	0.16225735843182	-0.68102854490280	73.000000000000	0.0000000000000
1.5640000104904	0.15819038450718	-0.68326652050018	73.000000000000	0.0000000000000
1.5679999589920	0.15412911772728	-0.68545669317245	73.000000000000	0.0000000000000
1.5720000267029	0.15007448196411	-0.68760013580322	73.000000000000	0.0000000000000
1.5759999752045	0.14602687954903	-0.68969804048538	73.000000000000	0.0000000000000
1.5800000429153	0.14198647439480	-0.69175153970718	73.000000000000	0.0000000000000
1.5839999914169	0.13795395195484	-0.69376176595688	73.000000000000	0.0000000000000
1.5880000591278	0.13392941653728	-0.69572997093201	73.000000000000	0.0000000000000
1.5920000076294	0.12991316616535	-0.69765716791153	73.000000000000	0.0000000000000
1.5959999561310	0.12590536475182	-0.69954437017441	73.000000000000	0.0000000000000
1.6000000238419	0.12190590798855	-0.70139282941818	73.000000000000	0.0000000000000
1.6039999723434	0.11791493743658	-0.70320361852646	73.000000000000	0.0000000000000
1.6080000400543	0.11393242329359	-0.70497769117355	73.000000000000	0.0000000000000
1.6119999885559	0.10995843261480	-0.70671606063843	73.000000000000	0.0000000000000
1.6160000562668	0.10599267482758	-0.70841968059540	73.000000000000	0.0000000000000
1.6200000047684	0.10203486680984	-0.71008938550949	73.000000000000	0.0000000000000
1.6239999532700	0.098084665834904	-0.71172624826431	73.000000000000	0.0000000000000
1.6280000209808	0.094142183661461	-0.71333092451096	73.000000000000	0.0000000000000
1.6319999694824	0.090206548571587	-0.71490436792374	73.000000000000	0.0000000000000
1.6360000371933	0.086277827620506	-0.71644705533981	73.000000000000	0.0000000000000
1.6399999856949	0.082355581223965	-0.71795982122421	73.000000000000	0.0000000000000
1.6440000534058	0.078439153730869	-0.71944332122803	73.000000000000	0.0000000000000
1.6480000019073	0.074528239667416	-0.72089797258377	73.000000000000	0.0000000000000
1.6519999504089	0.070622310042381	-0.72232449054718	73.000000000000	0.0000000000000
1.6560000181198	0.066721007227898	-0.72372305393219	73.000000000000	0.0000000000000
1.6599999666214	0.062823452055454	-0.72509431838989	73.000000000000	0.0000000000000
1.6640000343323	0.058929745107889	-0.72643846273422	73.000000000000	0.0000000000000
1.6679999828339	0.055038969963789	-0.72775566577911	73.000000000000	0.0000000000000
1.6720000505447	0.051150716841221	-0.72904640436172	73.000000000000	0.0000000000000
1.6759999990463	0.047264546155930	-0.73031067848206	73.000000000000	0.0000000000000
1.6799999475479	0.043379850685596	-0.73154872655869	73.000000000000	0.0000000000000
1.6840000152588	0.039496172219515	-0.73276036977768	73.000000000000	0.0000000000000
1.6879999637604	0.035613421350718	-0.73394590616226	73.000000000000	0.0000000000000
1.6920000314713	0.031730782240629	-0.73510509729385	73.000000000000	0.0000000000000
1.6959999799728	0.027847971767187	-0.73623788356781	73.000000000000	0.0000000000000
1.7000000476837	0.023964703083038	-0.73734438419342	73.000000000000	0.0000000000000
1.7039999961853	0.020080501213670	-0.73842418193817	73.000000000000	0.0000000000000
1.7079999446869	0.016194913536310	-0.73947709798813	73.000000000000	0.0000000000000
1.7120000123978	0.012308170087636	-0.74050301313400	73.000000000000	0.0000000000000
1.7159999608994	0.0084198154509068	-0.74150174856186	73.000000000000	0.0000000000000
1.7200000286102	0.0045293844304979	-0.74247282743454	73.000000000000	0.0000000000000
1.7239999771118	0.00063677353318781	-0.74341601133347	73.000000000000	0.0000000000000
1.7280000448227	-0.0032575854565948	-0.74433112144470	73.000000000000	0.0000000000000
1.7319999933243	-0.0071544973179698	-0.74521768093109	73.000000000000	0.0000000000000
1.7359999418259	-0.011053339578211	-0.74607551097870	73.000000000000	0.0000000000000
1.7400000095367	-0.014954913407564	-0.74690419435501	73.000000000000	0.0000000000000
1.7439999580383	-0.018858404830098	-0.74770331382751	73.000000000000	0.0000000000000
1.7480000257492	-0.022763887420297	-0.74847257137299	73.000000000000	0.0000000000000
1.7519999742508	-0.026671610772610	-0.74921172857285	73.000000000000	0.0000000000000
1.7560000419617	-0.030581099912524	-0.74992036819458	73.000000000000	0.0000000000000
1.7599999904633	-0.034492243081331	-0.75059819221497	73.000000000000	0.0000000000000
1.7640000581741	-0.038404893130064	-0.75124478340149	73.000000000000	0.0000000000000
1.7680000066757	-0.042318407446146	-0.75186008214951	73.000000000000	0.0000000000000
1.7719999551773	-0.046233177185059	-0.75244367122650	73.000000000000	0.0000000000000
1.7760000228882	-0.050148159265518	-0.75299531221390	73.000000000000	0.0000000000000
1.7799999713898	-0.054063402116299	-0.75351482629776	73.000000000000	0.0000000000000
1.7840000391006	-0.057978224009275	-0.75400197505951	73.000000000000	0.0000000000000
1.7879999876022	-0.061892829835415	-0.75445663928986	73.000000000000	0.0000000000000
1.7920000553131	-0.065806359052658	-0.75487864017487	73.000000000000	0.0000000000000
1.7960000038147	-0.069718293845654	-0.75526791810989	73.000000000000	0.0000000000000
1.7999999523163	-0.073628671467304	-0.75562423467636	73.000000000000	0.0000000000000
1.8040000200272	-0.077536620199680	-0.75594764947891	73.000000000000	0.0000000000000
1.8079999685287	-0.081441827118397	-0.75623834133148	73.000000000000	0.0000000000000
1.8120000362396	-0.085343942046165	-0.75649589300156	73.000000000000	0.0000000000000
1.8159999847412	-0.089242301881313	-0.75672066211700	73.000000000000	0.0000000000000
1.8200000524521	-0.093136601150036	-0.75691276788712	73.000000000000	0.0000000000000
1.8240000009537	-0.097026675939560	-0.75707203149796	73.000000000000	0.0000000000000
1.8279999494553	-0.10091151297092	-0.75719887018204	73.000000000000	0.0000000000000
1.8320000171661	-0.10479118674994	-0.75729328393936	73.000000000000	0.0000000000000
1.8359999656677	-0.10866516828537	-0.75735545158386	73.000000000000	0.0000000000000
1.8400000333786	-0.11253303289413	-0.75738555192947	73.000000000000	0.0000000000000
1.8439999818802	-0.11639450490475	-0.75738406181335	73.000000000000	0.0000000000000
1.8480000495911	-0.12024888396263	-0.75735086202621	73.000000000000	0.0000000000000
1.8519999980927	-0.12409652024508	-0.75728660821915	73.000000000000	0.0000000000000
1.8559999465942	-0.12793654203415	-0.75719130039215	73.000000000000	0.0000000000000
1.8600000143051	-0.13176892697811	-0.75706535577774	73.000000000000	0.0000000000000
1.8639999628067	-0.13559342920780	-0.75690907239914	73.000000000000	0.0000000000000
1.8680000305176	-0.13940994441509	-0.75672280788422	73.000000000000	0.0000000000000
1.8719999790192	-0.14321808516979	-0.75650680065155	73.000000000000	0.0000000000000
1.8760000467300	-0.14701783657074	-0.75626140832901	73.000000000000	0.0000000000000
1.8799999952316	-0.15080912411213	-0.75598710775375	73.000000000000	0.0000000000000
1.8839999437332	-0.15459157526493	-0.75568395853043	73.000000000000	0.0000000000000
1.8880000114441	-0.15836551785469	-0.75535243749619	73.000000000000	0.0000000000000
1.8919999599457	-0.16213077306747	-0.75499290227890	73.000000000000	0.0000000000000
1.8960000276566	-0.16588731110096	-0.75460547208786	73.000000000000	0.0000000000000
1.8999999761581	-0.16963496804237	-0.75419062376022	73.000000000000	0.0000000000000
1.9040000438690	-0.17337423563004	-0.75374847650528	73.000000000000	0.0000000000000
1.9079999923706	-0.17710497975349	-0.75327950716019	73.000000000000	0.0000000000000
1.9119999408722	-0.18082718551159	-0.75278365612030	73.000000000000	0.0000000000000
1.9160000085831	-0.18454121053219	-0.75226140022278	73.000000000000	0.0000000000000
1.9199999570847	-0.18824703991413	-0.75171267986298	73.000000000000	0.0000000000000
1.9240000247955	-0.19194491207600	-0.75113791227341	73.000000000000	0.0000000000000
1.9279999732971	-0.19563494622707	-0.75053709745407	73.000000000000	0.0000000000000
1.9320000410080	-0.19931715726852	-0.74991017580032	73.000000000000	0.0000000000000
1.9359999895096	-0.20299211144447	-0.74925750494003	73.000000000000	0.0000000000000
1.9400000572205	-0.20665995776653	-0.74857902526855	73.000000000000	0.0000000000000
1.9440000057220	-0.21032065153122	-0.74787461757660	73.000000000000	0.0000000000000
1.9479999542236	-0.21397474408150	-0.74714446067810	73.000000000000	0.0000000000000
1.9520000219345	-0.21762222051620	-0.74638837575912	73.000000000000	0.0000000000000
1.9559999704361	-0.22126354277134	-0.74560636281967	73.000000000000	0.0000000000000
1.9600000381470	-0.22489866614342	-0.74479812383652	73.000000000000	0.0000000000000
1.9639999866486	-0.22852793335915	-0.74396377801895	73.000000000000	0.0000000000000
1.9680000543594	-0.23215143382549	-0.74310290813446	73.000000000000	0.0000000000000
1.9720000028610	-0.23576945066452	-0.74221533536911	73.000000000000	0.0000000000000
1.9759999513626	-0.23938243091106	-0.74130100011826	73.000000000000	0.0000000000000
1.9800000190735	-0.24299010634422	-0.74035942554474	73.000000000000	0.0000000000000
1.9839999675751	-0.24659286439419	-0.73939025402069	73.000000000000	0.0000000000000
1.9880000352859	-0.25019082427025	-0.73839348554611	73.000000000000	0.0000000000000
1.9919999837875	-0.25378376245499	-0.73736840486526	73.000000000000	0.0000000000000
1.9960000514984	-0.25737228989601	-0.73631495237350	73.000000000000	0.0000000000000
2.0000000000000	-0.26095601916313	-0.73523241281509	73.000000000000	0.0000000000000
2.0039999485016	-0.26453533768654	-0.73412048816681	73.000000000000	0.0000000000000
2.0079998970032	-0.26810988783836	-0.73297899961472	73.000000000000	0.0000000000000
2.0120000839233	-0.27167990803719	-0.73180699348450	73.000000000000	0.0000000000000
2.0160000324249	-0.27524542808533	-0.73060446977615	73.000000000000	0.0000000000000
2.0199999809265	-0.27880600094795	-0.72937071323395	73.000000000000	0.0000000000000
2.0239999294281	-0.28236186504364	-0.72810530662537	73.000000000000	0.0000000000000
2.0280001163483	-0.28591263294220	-0.72680777311325	73.000000000000	0.0000000000000
2.0320000648499	-0.28945830464363	-0.72547751665115	73.000000000000	0.0000000000000
2.0360000133514	-0.29299843311310	-0.72411412000656	73.000000000000	0.0000000000000
2.0399999618530	-0.29653307795525	-0.72271710634232	73.000000000000	0.0000000000000
2.0439999103546	-0.30006191134453	-0.72128593921661	73.000000000000	0.0000000000000
2.0480000972748	-0.30358439683914	-0.71982014179230	73.000000000000	0.0000000000000
2.0520000457764	-0.30710053443909	-0.71831923723221	73.000000000000	0.0000000000000
2.0559999942780	-0.31060996651649	-0.71678256988525	73.000000000000	0.0000000000000
2.0599999427795	-0.31411197781563	-0.71520990133286	73.000000000000	0.0000000000000
2.0639998912811	-0.31760650873184	-0.71360069513321	73.000000000000	0.0000000000000
2.0680000782013	-0.32109320163727	-0.71195435523987	73.000000000000	0.0000000000000
2.0720000267029	-0.32457128167152	-0.71027058362961	73.000000000000	0.0000000000000
2.0759999752045	-0.32804027199745	-0.70854884386063	73.000000000000	0.0000000000000
2.0799999237061	-0.33150017261505	-0.70678871870041	73.000000000000	0.0000000000000
2.0840001106262	-0.33495017886162	-0.70498985052109	73.000000000000	0.0000000000000
2.0880000591278	-0.33838969469070	-0.70315182209015	73.000000000000	0.0000000000000
2.0920000076294	-0.34181839227676	-0.70127427577972	73.000000000000	0.0000000000000
2.0959999561310	-0.34523603320122	-0.69935661554337	73.000000000000	0.0000000000000
2.0999999046326	-0.34864121675491	-0.69739872217178	73.000000000000	0.0000000000000
2.1040000915527	-0.35203406214714	-0.69540011882782	73.000000000000	0.0000000000000
2.1080000400543	-0.35541352629662	-0.69336056709290	73.000000000000	0.0000000000000
2.1119999885559	-0.35877966880798	-0.69127959012985	73.000000000000	0.0000000000000
2.1159999370575	-0.36213138699532	-0.68915688991547	73.000000000000	0.0000000000000
2.1199998855591	-0.36546808481216	-0.68699228763580	73.000000000000	0.0000000000000
2.1240000724792	-0.36878967285156	-0.68478518724442	73.000000000000	0.0000000000000
2.1280000209808	-0.37209486961365	-0.68253558874130	73.000000000000	0.0000000000000
2.1319999694824	-0.37538388371468	-0.68024295568466	73.000000000000	0.0000000000000
2.1359999179840	-0.37865540385246	-0.67790716886520	73.000000000000	0.0000000000000
2.1400001049042	-0.38190892338753	-0.67552775144577	73.000000000000	0.0000000000000
2.1440000534058	-0.38514414429665	-0.67310458421707	73.000000000000	0.0000000000000
2.1480000019073	-0.38836053013802	-0.67063707113266	73.000000000000	0.0000000000000
2.1519999504089	-0.39155671000481	-0.66812521219254	73.000000000000	0.0000000000000
2.1559998989105	-0.39473283290863	-0.66556841135025	73.000000000000	0.0000000000000
2.1600000858307	-0.39788782596588	-0.66296654939651	73.000000000000	0.0000000000000
2.1640000343323	-0.40102142095566	-0.66031914949417	73.000000000000	0.0000000000000
2.1679999828339	-0.40413215756416	-0.65762609243393	73.000000000000	0.0000000000000
2.1719999313354	-0.40722048282623	-0.65488666296005	73.000000000000	0.0000000000000
2.1760001182556	-0.41028481721878	-0.65210074186325	73.000000000000	0.0000000000000
2.1800000667572	-0.41332456469536	-0.64926779270172	73.000000000000	0.0000000000000
2.1840000152588	-0.41633951663971	-0.64638769626617	73.000000000000	0.0000000000000
2.1879999637604	-0.41932812333107	-0.64345967769623	73.000000000000	0.0000000000000
2.1919999122620	-0.42229023575783	-0.64048343896866	73.000000000000	0.0000000000000
2.1960000991821	-0.42522478103638	-0.63745862245560	73.000000000000	0.0000000000000
2.2000000476837	-0.42813086509705	-0.63438451290131	73.000000000000	0.0000000000000
2.2039999961853	-0.43100753426552	-0.63126099109650	73.000000000000	0.0000000000000
2.2079999446869	-0.43385407328606	-0.62808722257614	73.000000000000	0.0000000000000
2.2119998931885	-0.43666949868202	-0.62486296892166	73.000000000000	0.0000000000000
2.2160000801086	-0.43945273756981	-0.62158751487732	73.000000000000	0.0000000000000
2.2200000286102	-0.44220227003098	-0.61826056241989	73.000000000000	0.0000000000000
2.2239999771118	-0.44491770863533	-0.61488121747971	73.000000000000	0.0000000000000
2.2279999256134	-0.44759738445282	-0.61144936084747	73.000000000000	0.0000000000000
2.2320001125336	-0.45024010539055	-0.60796421766281	73.000000000000	0.0000000000000
2.2360000610352	-0.45284482836723	-0.60442519187927	73.000000000000	0.0000000000000
2.2400000095367	-0.45540970563889	-0.60083186626434	73.000000000000	0.0000000000000
2.2439999580383	-0.45793357491493	-0.59718388319016	73.000000000000	0.0000000000000
2.2479999065399	-0.46041503548622	-0.59348046779633	73.000000000000	0.0000000000000
2.2520000934601	-0.46285191178322	-0.58972126245499	73.000000000000	0.0000000000000
2.2560000419617	-0.46524310112000	-0.58590590953827	73.000000000000	0.0000000000000
2.2599999904633	-0.46758657693863	-0.58203375339508	73.000000000000	0.0000000000000
2.2639999389648	-0.46988034248352	-0.57810461521149	73.000000000000	0.0000000000000
2.2679998874664	-0.47212281823158	-0.57411801815033	73.000000000000	0.0000000000000
2.2720000743866	-0.47431188821793	-0.57007366418839	73.000000000000	0.0000000000000
2.2760000228882	-0.47644519805908	-0.56597149372101	73.000000000000	0.0000000000000
2.2799999713898	-0.47852072119713	-0.56181126832962	73.000000000000	0.0000000000000
2.2839999198914	-0.48053625226021	-0.55759268999100	73.000000000000	0.0000000000000
2.2880001068115	-0.48248931765556	-0.55331587791443	73.000000000000	0.0000000000000
2.2920000553131	-0.48437729477882	-0.54898095130920	73.000000000000	0.0000000000000
2.2960000038147	-0.48619794845581	-0.54458791017532	73.000000000000	0.0000000000000
2.2999999523163	-0.48794877529144	-0.54013711214066	73.000000000000	0.0000000000000
2.3039999008179	-0.48962685465813	-0.53562897443771	73.000000000000	0.0000000000000
2.3080000877380	-0.49122929573059	-0.53106367588043	73.000000000000	0.0000000000000
2.3120000362396	-0.49275374412537	-0.52644205093384	73.000000000000	0.0000000000000
2.3159999847412	-0.49419716000557	-0.52176463603973	73.000000000000	0.0000000000000
2.3199999332428	-0.49555620551109	-0.51703262329102	73.000000000000	0.0000000000000
2.3239998817444	-0.49682852625847	-0.51224666833878	73.000000000000	0.0000000000000
2.3280000686646	-0.49801042675972	-0.50740814208984	73.000000000000	0.0000000000000
2.3320000171661	-0.49909955263138	-0.50251811742783	73.000000000000	0.0000000000000
2.3359999656677	-0.50009244680405	-0.49757817387581	73.000000000000	0.0000000000000
2.3399999141693	-0.50098603963852	-0.49258989095688	73.000000000000	0.0000000000000
2.3440001010895	-0.50177723169327	-0.48755517601967	73.000000000000	0.0000000000000
2.3480000495911	-0.50246298313141	-0.48247590661049	73.000000000000	0.0000000000000
2.3519999980927	-0.50303983688354	-0.47735431790352	73.000000000000	0.0000000000000
2.3559999465942	-0.50350505113602	-0.47219267487526	73.000000000000	0.0000000000000
2.3599998950958	-0.50385576486588	-0.46699333190918	73.000000000000	0.0000000000000
2.3640000820160	-0.50408834218979	-0.46175938844681	73.000000000000	0.0000000000000
2.3680000305176	-0.50420045852661	-0.45649328827858	73.000000000000	0.0000000000000
2.3719999790192	-0.50418853759766	-0.45119851827621	73.000000000000	0.0000000000000
2.3759999275208	-0.50405037403107	-0.44587811827660	73.000000000000	0.0000000000000
2.3800001144409	-0.50378286838531	-0.44053584337234	73.000000000000	0.0000000000000
2.3840000629425	-0.50338345766068	-0.43517500162125	73.000000000000	0.0000000000000
2.3880000114441	-0.50284951925278	-0.42979967594147	73.000000000000	0.0000000000000
2.3919999599457	-0.50217872858047	-0.42441383004189	73.000000000000	0.0000000000000
2.3959999084473	-0.50136899948120	-0.41902160644531	73.000000000000	0.0000000000000
2.4000000953674	-0.50041782855988	-0.41362762451172	73.000000000000	0.0000000000000
2.4040000438690	-0.49932345747948	-0.40823611617088	73.000000000000	0.0000000000000
2.4079999923706	-0.49808418750763	-0.40285211801529	73.000000000000	0.0000000000000
2.4119999408722	-0.49669808149338	-0.39748042821884	73.000000000000	0.0000000000000
2.4159998893738	-0.49516397714615	-0.39212590456009	73.000000000000	0.0000000000000
2.4200000762939	-0.49348050355911	-0.38679409027100	73.000000000000	0.0000000000000
2.4240000247955	-0.49164697527885	-0.38148996233940	73.000000000000	0.0000000000000
2.4279999732971	-0.48966240882874	-0.37621891498566	73.000000000000	0.0000000000000
2.4319999217987	-0.48752614855766	-0.37098687887192	73.000000000000	0.0000000000000
2.4360001087189	-0.48523819446564	-0.36579915881157	73.000000000000	0.0000000000000
2.4400000572205	-0.48279824852943	-0.36066162586212	73.000000000000	0.0000000000000
2.4440000057220	-0.48020678758621	-0.35558006167412	73.000000000000	0.0000000000000
2.4479999542236	-0.47746419906616	-0.35056018829346	73.000000000000	0.0000000000000
2.4519999027252	-0.47457122802734	-0.34560811519623	73.000000000000	0.0000000000000
2.4560000896454	-0.47152903676033	-0.34072968363762	73.000000000000	0.0000000000000
2.4600000381470	-0.46833893656731	-0.33593106269836	73.000000000000	0.0000000000000
2.4639999866486	-0.46500241756439	-0.33121782541275	73.000000000000	0.0000000000000
2.4679999351501	-0.46152162551880	-0.32659614086151	73.000000000000	0.0000000000000
2.4719998836517	-0.45789867639542	-0.32207196950912	73.000000000000	0.0000000000000
2.4760000705719	-0.45413604378700	-0.31765091419220	73.000000000000	0.0000000000000
2.4800000190735	-0.45023682713509	-0.31333917379379	73.000000000000	0.0000000000000
2.4839999675751	-0.44620370864868	-0.30914223194122	73.000000000000	0.0000000000000
2.4879999160767	-0.44204035401344	-0.30506563186646	73.000000000000	0.0000000000000
2.4920001029968	-0.43775060772896	-0.30111494660378	73.000000000000	0.0000000000000
2.4960000514984	-0.43333822488785	-0.29729571938515	73.000000000000	0.0000000000000
2.5000000000000	-0.42880734801292	-0.29361298680305	73.000000000000	0.0000000000000
2.5039999485016	-0.42416271567345	-0.29007178544998	73.000000000000	0.0000000000000
2.5079998970032	-0.41940924525261	-0.28667703270912	73.000000000000	0.0000000000000
2.5120000839233	-0.41455164551735	-0.28343358635902	73.000000000000	0.0000000000000
2.5160000324249	-0.40959545969963	-0.28034576773643	73.000000000000	0.0000000000000
2.5199999809265	-0.40454629063606	-0.27741765975952	73.000000000000	0.0000000000000
2.5239999294281	-0.39940983057022	-0.27465346455574	73.000000000000	0.0000000000000
2.5280001163483	-0.39419186115265	-0.27205693721771	73.000000000000	0.0000000000000
2.5320000648499	-0.38889893889427	-0.26963144540787	73.000000000000	0.0000000000000
2.5360000133514	-0.38353732228279	-0.26738023757935	73.000000000000	0.0000000000000
2.5399999618530	-0.37811338901520	-0.26530626416206	73.000000000000	0.0000000000000
2.5439999103546	-0.37263396382332	-0.26341211795807	73.000000000000	0.0000000000000
2.5480000972748	-0.36710613965988	-0.26169997453690	73.000000000000	0.0000000000000
2.5520000457764	-0.36153644323349	-0.26017194986343	73.000000000000	0.0000000000000
2.5559999942780	-0.35593223571777	-0.25882956385612	73.000000000000	0.0000000000000
2.5599999427795	-0.35030075907707	-0.25767421722412	73.000000000000	0.0000000000000
2.5639998912811	-0.34464901685715	-0.25670683383942	73.000000000000	0.0000000000000
2.5680000782013	-0.33898460865021	-0.25592797994614	73.000000000000	0.0000000000000
2.5720000267029	-0.33331456780434	-0.25533813238144	73.000000000000	0.0000000000000
2.5759999752045	-0.32764649391174	-0.25493699312210	73.000000000000	0.0000000000000
2.5799999237061	-0.32198756933212	-0.25472417473793	73.000000000000	0.0000000000000
2.5840001106262	-0.31634515523911	-0.25469902157784	73.000000000000	0.0000000000000
2.5880000591278	-0.31072658300400	-0.25486025214195	73.000000000000	0.0000000000000
2.5920000076294	-0.30513909459114	-0.25520634651184	73.000000000000	0.0000000000000
2.5959999561310	-0.29958972334862	-0.25573566555977	73.000000000000	0.0000000000000
2.5999999046326	-0.29408550262451	-0.25644600391388	73.000000000000	0.0000000000000
2.6040000915527	-0.28863343596458	-0.25733464956284	73.000000000000	0.0000000000000
2.6080000400543	-0.28324010968208	-0.25839912891388	73.000000000000	0.0000000000000
2.6119999885559	-0.27791249752045	-0.25963586568832	73.000000000000	0.0000000000000
2.6159999370575	-0.27265670895576	-0.26104182004929	73.000000000000	0.0000000000000
2.6199998855591	-0.26747918128967	-0.26261290907860	73.000000000000	0.0000000000000
2.6240000724792	-0.26238581538200	-0.26434531807899	73.000000000000	0.0000000000000
2.6280000209808	-0.25738263130188	-0.26623448729515	73.000000000000	0.0000000000000
2.6319999694824	-0.25247511267662	-0.26827609539032	73.000000000000	0.0000000000000
2.6359999179840	-0.24766847491264	-0.27046519517899	73.000000000000	0.0000000000000
2.6400001049042	-0.24296811223030	-0.27279660105705	73.000000000000	0.0000000000000
2.6440000534058	-0.23837848007679	-0.27526530623436	73.000000000000	0.0000000000000
2.6480000019073	-0.23390418291092	-0.27786552906036	73.000000000000	0.0000000000000
2.6519999504089	-0.22954957187176	-0.28059175610542	73.000000000000	0.0000000000000
2.6559998989105	-0.22531850636005	-0.28343814611435	73.000000000000	0.0000000000000
2.6600000858307	-0.22121442854404	-0.28639873862267	73.000000000000	0.0000000000000
2.6640000343323	-0.21724076569080	-0.28946733474731	73.000000000000	0.0000000000000
2.6679999828339	-0.21340048313141	-0.29263776540756	73.000000000000	0.0000000000000
2.6719999313354	-0.20969602465630	-0.29590371251106	73.000000000000	0.0000000000000
2.6760001182556	-0.20613007247448	-0.29925861954689	73.000000000000	0.0000000000000
2.6800000667572	-0.20270402729511	-0.30269631743431	73.000000000000	0.0000000000000
2.6840000152588	-0.19941985607147	-0.30621010065079	73.000000000000	0.0000000000000
2.6879999637604	-0.19627873599529	-0.30979356169701	73.000000000000	0.0000000000000
2.6919999122620	-0.19328160583973	-0.31344023346901	73.000000000000	0.0000000000000
2.6960000991821	-0.19042922556400	-0.31714347004890	73.000000000000	0.0000000000000
2.7000000476837	-0.18772159516811	-0.32089710235596	73.000000000000	0.0000000000000
2.7039999961853	-0.18515901267529	-0.32469451427460	73.000000000000	0.0000000000000
2.7079999446869	-0.18274077773094	-0.32852956652641	73.000000000000	0.0000000000000
2.7119998931885	-0.18046641349792	-0.33239603042603	73.000000000000	0.0000000000000
2.7160000801086	-0.17833493649960	-0.33628773689270	73.000000000000	0.0000000000000
2.7200000286102	-0.17634519934654	-0.34019872546196	73.000000000000	0.0000000000000
2.7239999771118	-0.17449548840523	-0.34412327408791	73.000000000000	0.0000000000000
2.7279999256134	-0.17278409004211	-0.34805569052696	73.000000000000	0.0000000000000
2.7320001125336	-0.17120879888535	-0.35199046134949	73.000000000000	0.0000000000000
2.7360000610352	-0.16976736485958	-0.35592234134674	73.000000000000	0.0000000000000
2.7400000095367	-0.16845740377903	-0.35984614491463	73.000000000000	0.0000000000000
2.7439999580383	-0.16727595031261	-0.36375701427460	73.000000000000	0.0000000000000
2.7479999065399	-0.16622021794319	-0.36765027046204	73.000000000000	0.0000000000000
2.7520000934601	-0.16528692841530	-0.37152141332626	73.000000000000	0.0000000000000
2.7560000419617	-0.16447281837463	-0.37536633014679	73.000000000000	0.0000000000000
2.7599999904633	-0.16377443075180	-0.37918096780777	73.000000000000	0.0000000000000
2.7639999389648	-0.16318808495998	-0.38296166062355	73.000000000000	0.0000000000000
2.7679998874664	-0.16271010041237	-0.38670480251312	73.000000000000	0.0000000000000
2.7720000743866	-0.16233658790588	-0.39040738344193	73.000000000000	0.0000000000000
2.7760000228882	-0.16206344962120	-0.39406645298004	73.000000000000	0.0000000000000
2.7799999713898	-0.16188691556454	-0.39767920970917	73.000000000000	0.0000000000000
2.7839999198914	-0.16180269420147	-0.40124332904816	73.000000000000	0.0000000000000
2.7880001068115	-0.16180700063705	-0.40475651621819	73.000000000000	0.0000000000000
2.7920000553131	-0.16189548373222	-0.40821701288223	73.000000000000	0.0000000000000
2.7960000038147	-0.16206401586533	-0.41162309050560	73.000000000000	0.0000000000000
2.7999999523163	-0.16230852901936	-0.41497349739075	73.000000000000	0.0000000000000
2.8039999008179	-0.16262497007847	-0.41826689243317	73.000000000000	0.0000000000000
2.8080000877380	-0.16300925612450	-0.42150250077248	73.000000000000	0.0000000000000
2.8120000362396	-0.16345722973347	-0.42467972636223	73.000000000000	0.0000000000000
2.8159999847412	-0.16396507620811	-0.42779815196991	73.000000000000	0.0000000000000
2.8199999332428	-0.16452904045582	-0.43085741996765	73.000000000000	0.0000000000000
2.8239998817444	-0.16514514386654	-0.43385764956474	73.000000000000	0.0000000000000
2.8280000686646	-0.16580972075462	-0.43679910898209	73.000000000000	0.0000000000000
2.8320000171661	-0.16651949286461	-0.43968212604523	73.000000000000	0.0000000000000
2.8359999656677	-0.16727080941200	-0.44250732660294	73.000000000000	0.0000000000000
2.8399999141693	-0.16806048154831	-0.44527539610863	73.000000000000	0.0000000000000
2.8440001010895	-0.16888542473316	-0.44798731803894	73.000000000000	0.0000000000000
2.8480000495911	-0.16974250972271	-0.45064419507980	73.000000000000	0.0000000000000
2.8519999980927	-0.17062893509865	-0.45324715971947	73.000000000000	0.0000000000000
2.8559999465942	-0.17154215276241	-0.45579758286476	73.000000000000	0.0000000000000
2.8599998950958	-0.17247951030731	-0.45829683542252	73.000000000000	0.0000000000000
2.8640000820160	-0.17343878746033	-0.46074643731117	73.000000000000	0.0000000000000
2.8680000305176	-0.17441771924496	-0.46314802765846	73.000000000000	0.0000000000000
2.8719999790192	-0.17541420459747	-0.46550330519676	73.000000000000	0.0000000000000
2.8759999275208	-0.17642679810524	-0.46781387925148	73.000000000000	0.0000000000000
2.8800001144409	-0.17745381593704	-0.47008153796196	73.000000000000	0.0000000000000
2.8840000629425	-0.17849352955818	-0.47230815887451	73.000000000000	0.0000000000000
2.8880000114441	-0.17954464256763	-0.47449553012848	73.000000000000	0.0000000000000
2.8919999599457	-0.18060629069805	-0.47664532065392	73.000000000000	0.0000000000000
2.8959999084473	-0.18167711794376	-0.47875952720642	73.000000000000	0.0000000000000
2.9000000953674	-0.18275694549084	-0.48083975911140	73.000000000000	0.0000000000000
2.9040000438690	-0.18384456634521	-0.48288789391518	73.000000000000	0.0000000000000
2.9079999923706	-0.18493951857090	-0.48490563035011	73.000000000000	0.0000000000000
2.9119999408722	-0.18604195117950	-0.48689436912537	73.000000000000	0.0000000000000
2.9159998893738	-0.18715116381645	-0.48885607719421	73.000000000000	0.0000000000000
2.9200000762939	-0.18826729059219	-0.49079206585884	73.000000000000	0.0000000000000
2.9240000247955	-0.18939021229744	-0.49270385503769	73.000000000000	0.0000000000000
2.9279999732971	-0.19052001833916	-0.49459284543991	73.000000000000	0.0000000000000
2.9319999217987	-0.19165728986263	-0.49646019935608	73.000000000000	0.0000000000000
2.9360001087189	-0.19280186295509	-0.49830728769302	73.000000000000	0.0000000000000
2.9400000572205	-0.19395469129086	-0.50013494491577	73.000000000000	0.0000000000000
2.9440000057220	-0.19511604309082	-0.50194424390793	73.000000000000	0.0000000000000
2.9479999542236	-0.19628612697124	-0.50373625755310	73.000000000000	0.0000000000000
2.9519999027252	-0.19746609032154	-0.50551134347916	73.000000000000	0.0000000000000
2.9560000896454	-0.19865638017654	-0.50727057456970	73.000000000000	0.0000000000000
2.9600000381470	-0.19985756278038	-0.50901412963867	73.000000000000	0.0000000000000
2.9639999866486	-0.20107023417950	-0.51074278354645	73.000000000000	0.0000000000000
2.9679999351501	-0.20229521393776	-0.51245659589767	73.000000000000	0.0000000000000
2.9719998836517	-0.20353348553181	-0.51415574550629	73.000000000000	0.0000000000000
2.9760000705719	-0.20478558540344	-0.51584041118622	73.000000000000	0.0000000000000
2.9800000190735	-0.20605196058750	-0.51751077175140	73.000000000000	0.0000000000000
2.9839999675751	-0.20733353495598	-0.51916646957397	73.000000000000	0.0000000000000
2.9879999160767	-0.20863065123558	-0.52080732584000	73.000000000000	0.0000000000000
2.9920001029968	-0.20994426310062	-0.52243316173553	73.000000000000	0.0000000000000
2.9960000514984	-0.21127492189407	-0.52404350042343	73.000000000000	0.0000000000000
3.0000000000000	-0.21262265741825	-0.52563804388046	73.000000000000	0.0000000000000
3.0039999485016	-0.21398827433586	-0.52721607685089	73.000000000000	0.0000000000000
3.0079998970032	-0.21537201106548	-0.52877718210220	73.000000000000	0.0000000000000
3.0120000839233	-0.21677403151989	-0.53032046556473	73.000000000000	0.0000000000000
3.0160000324249	-0.21819484233856	-0.53184539079666	73.000000000000	0.0000000000000
3.0199999809265	-0.21963456273079	-0.53335100412369	73.000000000000	0.0000000000000
3.0239999294281	-0.22109282016754	-0.53483682870865	73.000000000000	0.0000000000000
3.0280001163483	-0.22256995737553	-0.53630185127258	73.000000000000	0.0000000000000
3.0320000648499	-0.22406582534313	-0.53774523735046	73.000000000000	0.0000000000000
3.0360000133514	-0.22557994723320	-0.53916615247726	73.000000000000	0.0000000000000
3.0399999618530	-0.22711236774921	-0.54056376218796	73.000000000000	0.0000000000000
3.0439999103546	-0.22866262495518	-0.54193711280823	73.000000000000	0.0000000000000
3.0480000972748	-0.23022985458374	-0.54328560829163	73.000000000000	0.0000000000000
3.0520000457764	-0.23181411623955	-0.54460805654526	73.000000000000	0.0000000000000
3.0559999942780	-0.23341430723667	-0.54590398073196	73.000000000000	0.0000000000000
3.0599999427795	-0.23502960801125	-0.54717254638672	73.000000000000	0.0000000000000
3.0639998912811	-0.23665973544121	-0.54841303825378	73.000000000000	0.0000000000000
3.0680000782013	-0.23830351233482	-0.54962456226349	73.000000000000	0.0000000000000
3.0720000267029	-0.23995992541313	-0.55080687999725	73.000000000000	0.0000000000000
3.0759999752045	-0.24162809550762	-0.55195921659470	73.000000000000	0.0000000000000
3.0799999237061	-0.24330711364746	-0.55308103561401	73.000000000000	0.0000000000000
3.0840001106262	-0.24499538540840	-0.55417221784592	73.000000000000	0.0000000000000
3.0880000591278	-0.24669259786606	-0.55523192882538	73.000000000000	0.0000000000000
3.0920000076294	-0.24839656054974	-0.55626040697098	73.000000000000	0.0000000000000
3.0959999561310	-0.25010675191879	-0.55725717544556	73.000000000000	0.0000000000000
3.0999999046326	-0.25182172656059	-0.55822211503983	73.000000000000	0.0000000000000
3.1040000915527	-0.25354024767876	-0.55915534496307	73.000000000000	0.0000000000000
3.1080000400543	-0.25526094436646	-0.56005698442459	73.000000000000	0.0000000000000
3.1119999885559	-0.25698250532150	-0.56092715263367	73.000000000000	0.0000000000000
3.1159999370575	-0.25870364904404	-0.56176608800888	73.000000000000	0.0000000000000
3.1199998855591	-0.26042366027832	-0.56257396936417	73.000000000000	0.0000000000000
3.1240000724792	-0.26214051246643	-0.56335145235062	73.000000000000	0.0000000000000
3.1280000209808	-0.26385346055031	-0.56409895420074	73.000000000000	0.0000000000000
3.1319999694824	-0.26556086540222	-0.56481724977493	73.000000000000	0.0000000000000
3.1359999179840	-0.26726230978966	-0.56550675630569	73.000000000000	0.0000000000000
3.1400001049042	-0.26895618438721	-0.56616842746735	73.000000000000	0.0000000000000
3.1440000534058	-0.27064162492752	-0.56680291891098	73.000000000000	0.0000000000000
3.1480000019073	-0.27231755852699	-0.56741130352020	73.000000000000	0.0000000000000
3.1519999504089	-0.27398297190666	-0.56799447536469	73.000000000000	0.0000000000000
3.1559998989105	-0.27563744783401	-0.56855338811874	73.000000000000	0.0000000000000
3.1600000858307	-0.27727967500687	-0.56908929347992	73.000000000000	0.0000000000000
3.1640000343323	-0.27890932559967	-0.56960314512253	73.000000000000	0.0000000000000
3.1679999828339	-0.28052547574043	-0.57009631395340	73.000000000000	0.0000000000000
3.1719999313354	-0.28212806582451	-0.57056969404221	73.000000000000	0.0000000000000
3.1760001182556	-0.28371629118919	-0.57102477550507	73.000000000000	0.0000000000000
3.1800000667572	-0.28528982400894	-0.57146281003952	73.000000000000	0.0000000000000
3.1840000152588	-0.28684845566750	-0.57188498973846	73.000000000000	0.0000000000000
3.1879999637604	-0.28839200735092	-0.57229262590408	73.000000000000	0.0000000000000
3.1919999122620	-0.28992024064064	-0.57268691062927	73.000000000000	0.0000000000000
3.1960000991821	-0.29143363237381	-0.57306927442551	73.000000000000	0.0000000000000
3.2000000476837	-0.29293218255043	-0.57344067096710	73.000000000000	0.0000000000000
3.2039999961853	-0.29441526532173	-0.57380282878876	73.000000000000	0.0000000000000
3.2079999446869	-0.29588419198990	-0.57415658235550	73.000000000000	0.0000000000000
3.2119998931885	-0.29733905196190	-0.57450306415558	73.000000000000	0.0000000000000
3.2160000801086	-0.29878005385399	-0.57484364509583	73.000000000000	0.0000000000000
3.2200000286102	-0.30020794272423	-0.57517921924591	73.000000000000	0.0000000000000
3.2239999771118	-0.30162319540977	-0.57551097869873	73.000000000000	0.0000000000000
3.2279999256134	-0.30302652716637	-0.57583975791931	73.000000000000	0.0000000000000
3.2320001125336	-0.30441868305206	-0.57616662979126	73.000000000000	0.0000000000000
3.2360000610352	-0.30580064654350	-0.57649213075638	73.000000000000	0.0000000000000
3.2400000095367	-0.30717286467552	-0.57681745290756	73.000000000000	0.0000000000000
3.2439999580383	-0.30853661894798	-0.57714295387268	73.000000000000	0.0000000000000
3.2479999065399	-0.30989259481430	-0.57746946811676	73.000000000000	0.0000000000000
3.2520000934601	-0.31124168634415	-0.57779741287231	73.000000000000	0.0000000000000
3.2560000419617	-0.31258541345596	-0.57812714576721	73.000000000000	0.0000000000000
3.2599999904633	-0.31392470002174	-0.57845896482468	73.000000000000	0.0000000000000
3.2639999389648	-0.31526014208794	-0.57879352569580	73.000000000000	0.0000000000000
3.2679998874664	-0.31659278273582	-0.57913076877594	73.000000000000	0.0000000000000
3.2720000743866	-0.31792438030243	-0.57947063446045	73.000000000000	0.0000000000000
3.2760000228882	-0.31925538182259	-0.57981330156326	73.000000000000	0.0000000000000
3.2799999713898	-0.32058688998222	-0.58015882968903	73.000000000000	0.0000000000000
3.2839999198914	-0.32192033529282	-0.58050656318665	73.000000000000	0.0000000000000
3.2880001068115	-0.32325625419617	-0.58085668087006	73.000000000000	0.0000000000000
3.2920000553131	-0.32459548115730	-0.58120888471603	73.000000000000	0.0000000000000
3.2960000038147	-0.32593974471092	-0.58156222105026	73.000000000000	0.0000000000000
3.2999999523163	-0.32728916406631	-0.58191686868668	73.000000000000	0.0000000000000
3.3039999008179	-0.32864469289780	-0.58227175474167	73.000000000000	0.0000000000000
3.3080000877380	-0.33000749349594	-0.58262646198273	73.000000000000	0.0000000000000
3.3120000362396	-0.33137771487236	-0.58298045396805	73.000000000000	0.0000000000000
3.3159999847412	-0.33275654911995	-0.58333253860474	73.000000000000	0.0000000000000
3.3199999332428	-0.33414420485497	-0.58368229866028	73.000000000000	0.0000000000000
3.3239998817444	-0.33554127812386	-0.58402889966965	73.000000000000	0.0000000000000
3.3280000686646	-0.33694803714752	-0.58437120914459	73.000000000000	0.0000000000000
3.3320000171661	-0.33836540579796	-0.58470833301544	73.000000000000	0.0000000000000
3.3359999656677	-0.33979281783104	-0.58503973484039	73.000000000000	0.0000000000000
3.3399999141693	-0.34123122692108	-0.58536392450333	73.000000000000	0.0000000000000
3.3440001010895	-0.34268006682396	-0.58568024635315	73.000000000000	0.0000000000000
3.3480000495911	-0.34414008259773	-0.58598750829697	73.000000000000	0.0000000000000
3.3519999980927	-0.34561026096344	-0.58628517389297	73.000000000000	0.0000000000000
3.3559999465942	-0.34709137678146	-0.58657181262970	73.000000000000	0.0000000000000
3.3599998950958	-0.34858286380768	-0.58684653043747	73.000000000000	0.0000000000000
3.3640000820160	-0.35008400678635	-0.58710861206055	73.000000000000	0.0000000000000
3.3680000305176	-0.35159498453140	-0.58735704421997	73.000000000000	0.0000000000000
3.3719999790192	-0.35311523079872	-0.58759087324142	73.000000000000	0.0000000000000
3.3759999275208	-0.35464370250702	-0.58780956268311	73.000000000000	0.0000000000000
3.3800001144409	-0.35618016123772	-0.58801203966141	73.000000000000	0.0000000000000
3.3840000629425	-0.35772442817688	-0.58819758892059	73.000000000000	0.0000000000000
3.3880000114441	-0.35927483439445	-0.58836567401886	73.000000000000	0.0000000000000
3.3919999599457	-0.36083093285561	-0.58851557970047	73.000000000000	0.0000000000000
3.3959999084473	-0.36239218711853	-0.58864694833755	73.000000000000	0.0000000000000
3.4000000953674	-0.36395734548569	-0.58875912427902	73.000000000000	0.0000000000000
3.4040000438690	-0.36552563309669	-0.58885169029236	73.000000000000	0.0000000000000
3.4079999923706	-0.36709603667259	-0.58892452716827	73.000000000000	0.0000000000000
3.4119999408722	-0.36866775155067	-0.58897703886032	73.000000000000	0.0000000000000
3.4159998893738	-0.37023949623108	-0.58900940418243	73.000000000000	0.0000000000000
3.4200000762939	-0.37181040644646	-0.58902144432068	73.000000000000	0.0000000000000
3.4240000247955	-0.37337961792946	-0.58901304006577	73.000000000000	0.0000000000000
3.4279999732971	-0.37494572997093	-0.58898442983627	73.000000000000	0.0000000000000
3.4319999217987	-0.37650781869888	-0.58893567323685	73.000000000000	0.0000000000000
3.4360001087189	-0.37806513905525	-0.58886694908142	73.000000000000	0.0000000000000
3.4400000572205	-0.37961658835411	-0.58877885341644	73.000000000000	0.0000000000000
3.4440000057220	-0.38116121292114	-0.58867150545120	73.000000000000	0.0000000000000
3.4479999542236	-0.38269796967506	-0.58854556083679	73.000000000000	0.0000000000000
3.4519999027252	-0.38422593474388	-0.58840143680573	73.000000000000	0.0000000000000
3.4560000896454	-0.38574478030205	-0.58823984861374	73.000000000000	0.0000000000000
3.4600000381470	-0.38725307583809	-0.58806139230728	73.000000000000	0.0000000000000
3.4639999866486	-0.38875034451485	-0.58786702156067	73.000000000000	0.0000000000000
3.4679999351501	-0.39023602008820	-0.58765727281570	73.000000000000	0.0000000000000
3.4719998836517	-0.39170947670937	-0.58743321895599	73.000000000000	0.0000000000000
3.4760000705719	-0.39317023754120	-0.58719563484192	73.000000000000	0.0000000000000
3.4800000190735	-0.39461743831635	-0.58694559335709	73.000000000000	0.0000000000000
3.4839999675751	-0.39605125784874	-0.58668386936188	73.000000000000	0.0000000000000
3.4879999160767	-0.39747124910355	-0.58641165494919	73.000000000000	0.0000000000000
3.4920001029968	-0.39887681603432	-0.58613008260727	73.000000000000	0.0000000000000
3.4960000514984	-0.40026828646660	-0.58583968877792	73.000000000000	0.0000000000000
3.5000000000000	-0.40164527297020	-0.58554202318192	73.000000000000	0.0000000000000
3.5039999485016	-0.40300801396370	-0.58523797988892	73.000000000000	0.0000000000000
3.5079998970032	-0.40435683727264	-0.58492857217789	73.000000000000	0.0000000000000
3.5120000839233	-0.40569135546684	-0.58461487293243	73.000000000000	0.0000000000000
3.5160000324249	-0.40701222419739	-0.58429783582687	73.000000000000	0.0000000000000
3.5199999809265	-0.40831986069679	-0.58397853374481	73.000000000000	0.0000000000000
3.5239999294281	-0.40961483120918	-0.58365786075592	73.000000000000	0.0000000000000
3.5280001163483	-0.41089722514153	-0.58333688974380	73.000000000000	0.0000000000000
3.5320000648499	-0.41216796636581	-0.58301621675491	73.000000000000	0.0000000000000
3.5360000133514	-0.41342756152153	-0.58269679546356	73.000000000000	0.0000000000000
3.5399999618530	-0.41467702388763	-0.58237946033478	73.000000000000	0.0000000000000
3.5439999103546	-0.41591665148735	-0.58206498622894	73.000000000000	0.0000000000000
3.5480000972748	-0.41714763641357	-0.58175379037857	73.000000000000	0.0000000000000
3.5520000457764	-0.41837102174759	-0.58144646883011	73.000000000000	0.0000000000000
3.5559999942780	-0.41958770155907	-0.58114355802536	73.000000000000	0.0000000000000
3.5599999427795	-0.42079833149910	-0.58084553480148	73.000000000000	0.0000000000000
3.5639998912811	-0.42200416326523	-0.58055287599564	73.000000000000	0.0000000000000
3.5680000782013	-0.42320629954338	-0.58026540279388	73.000000000000	0.0000000000000
3.5720000267029	-0.42440593242645	-0.57998359203339	73.000000000000	0.0000000000000
3.5759999752045	-0.42560365796089	-0.57970744371414	73.000000000000	0.0000000000000
3.5799999237061	-0.42680129408836	-0.57943689823151	73.000000000000	0.0000000000000
3.5840001106262	-0.42799910902977	-0.57917189598083	73.000000000000	0.0000000000000
3.5880000591278	-0.42919889092445	-0.57891231775284	73.000000000000	0.0000000000000
3.5920000076294	-0.43040111660957	-0.57865780591965	73.000000000000	0.0000000000000
3.5959999561310	-0.43160736560822	-0.57840788364410	73.000000000000	0.0000000000000
3.5999999046326	-0.43281844258308	-0.57816237211227	73.000000000000	0.0000000000000
3.6040000915527	-0.43403521180153	-0.57792031764984	73.000000000000	0.0000000000000
3.6080000400543	-0.43525889515877	-0.57768154144287	73.000000000000	0.0000000000000
3.6119999885559	-0.43649008870125	-0.57744514942169	73.000000000000	0.0000000000000
3.6159999370575	-0.43772986531258	-0.57721024751663	73.000000000000	0.0000000000000
3.6199998855591	-0.43897888064384	-0.57697623968124	73.000000000000	0.0000000000000
3.6240000724792	-0.44023793935776	-0.57674205303192	73.000000000000	0.0000000000000
3.6280000209808	-0.44150760769844	-0.57650685310364	73.000000000000	0.0000000000000
3.6319999694824	-0.44278851151466	-0.57626956701279	73.000000000000	0.0000000000000
3.6359999179840	-0.44408091902733	-0.57602918148041	73.000000000000	0.0000000000000
3.6400001049042	-0.44538581371307	-0.57578432559967	73.000000000000	0.0000000000000
3.6440000534058	-0.44670316576958	-0.57553422451019	73.000000000000	0.0000000000000
3.6480000019073	-0.44803303480148	-0.57527756690979	73.000000000000	0.0000000000000
3.6519999504089	-0.44937607645988	-0.57501316070557	73.000000000000	0.0000000000000
3.6559998989105	-0.45073202252388	-0.57473969459534	73.000000000000	0.0000000000000
3.6600000858307	-0.45210081338882	-0.57445597648621	73.000000000000	0.0000000000000
3.6640000343323	-0.45348247885704	-0.57416111230850	73.000000000000	0.0000000000000
3.6679999828339	-0.45487686991692	-0.57385343313217	73.000000000000	0.0000000000000
3.6719999313354	-0.45628336071968	-0.57353210449219	73.000000000000	0.0000000000000
3.6760001182556	-0.45770204067230	-0.57319575548172	73.000000000000	0.0000000000000
3.6800000667572	-0.45913201570511	-0.57284331321716	73.000000000000	0.0000000000000
3.6840000152588	-0.46057319641113	-0.57247358560562	73.000000000000	0.0000000000000
3.6879999637604	-0.46202459931374	-0.57208544015884	73.000000000000	0.0000000000000
3.6919999122620	-0.46348527073860	-0.57167822122574	73.000000000000	0.0000000000000
3.6960000991821	-0.46495503187180	-0.57125043869019	73.000000000000	0.0000000000000
3.7000000476837	-0.46643278002739	-0.57080143690109	73.000000000000	0.0000000000000
3.7039999961853	-0.46791723370552	-0.57033044099808	73.000000000000	0.0000000000000
3.7079999446869	-0.46940803527832	-0.56983631849289	73.000000000000	0.0000000000000
3.7119998931885	-0.47090339660645	-0.56931877136230	73.000000000000	0.0000000000000
3.7160000801086	-0.47240260243416	-0.56877714395523	73.000000000000	0.0000000000000
3.7200000286102	-0.47390493750572	-0.56821030378342	73.000000000000	0.0000000000000
3.7239999771118	-0.47540867328644	-0.56761842966080	73.000000000000	0.0000000000000
3.7279999256134	-0.47691267728806	-0.56700086593628	73.000000000000	0.0000000000000
3.7320001125336	-0.47841584682465	-0.56635719537735	73.000000000000	0.0000000000000
3.7360000610352	-0.47991672158241	-0.56568753719330	73.000000000000	0.0000000000000
3.7400000095367	-0.48141434788704	-0.56499123573303	73.000000000000	0.0000000000000
3.7439999580383	-0.48290732502937	-0.56426870822906	73.000000000000	0.0000000000000
3.7479999065399	-0.48439446091652	-0.56351989507675	73.000000000000	0.0000000000000
3.7520000934601	-0.48587444424629	-0.56274461746216	73.000000000000	0.0000000000000
3.7560000419617	-0.48734596371651	-0.56194370985031	73.000000000000	0.0000000000000
3.7599999904633	-0.48880821466446	-0.56111687421799	73.000000000000	0.0000000000000
3.7639999389648	-0.49025949835777	-0.56026482582092	73.000000000000	0.0000000000000
3.7679998874664	-0.49169918894768	-0.55938798189163	73.000000000000	0.0000000000000
3.7720000743866	-0.49312588572502	-0.55848675966263	73.000000000000	0.0000000000000
3.7760000228882	-0.49453845620155	-0.55756187438965	73.000000000000	0.0000000000000
3.7799999713898	-0.49593630433083	-0.55661416053772	73.000000000000	0.0000000000000
3.7839999198914	-0.49731835722923	-0.55564403533936	73.000000000000	0.0000000000000
3.7880001068115	-0.49868348240852	-0.55465257167816	73.000000000000	0.0000000000000
3.7920000553131	-0.50003135204315	-0.55364036560059	73.000000000000	0.0000000000000
3.7960000038147	-0.50136095285416	-0.55260866880417	73.000000000000	0.0000000000000
3.7999999523163	-0.50267207622528	-0.55155789852142	73.000000000000	0.0000000000000
3.8039999008179	-0.50396347045898	-0.55048960447311	73.000000000000	0.0000000000000
3.8080000877380	-0.50523531436920	-0.54940420389175	73.000000000000	0.0000000000000
3.8120000362396	-0.50648683309555	-0.54830324649811	73.000000000000	0.0000000000000
3.8159999847412	-0.50771790742874	-0.54718732833862	73.000000000000	0.0000000000000
3.8199999332428	-0.50892841815948	-0.54605764150620	73.000000000000	0.0000000000000
3.8239998817444	-0.51011782884598	-0.54491525888443	73.000000000000	0.0000000000000
3.8280000686646	-0.51128631830215	-0.54376107454300	73.000000000000	0.0000000000000
3.8320000171661	-0.51243400573730	-0.54259610176086	73.000000000000	0.0000000000000
3.8359999656677	-0.51356083154678	-0.54142123460770	73.000000000000	0.0000000000000
3.8399999141693	-0.51466727256775	-0.54023766517639	73.000000000000	0.0000000000000
3.8440001010895	-0.51575303077698	-0.53904604911804	73.000000000000	0.0000000000000
3.8480000495911	-0.51681911945343	-0.53784710168839	73.000000000000	0.0000000000000
3.8519999980927	-0.51786553859711	-0.53664213418961	73.000000000000	0.0000000000000
3.8559999465942	-0.51889264583588	-0.53543150424957	73.000000000000	0.0000000000000
3.8599998950958	-0.51990133523941	-0.53421574831009	73.000000000000	0.0000000000000
3.8640000820160	-0.52089196443558	-0.53299593925476	73.000000000000	0.0000000000000
3.8680000305176	-0.52186501026154	-0.53177237510681	73.000000000000	0.0000000000000
3.8719999790192	-0.52282106876373	-0.53054565191269	73.000000000000	0.0000000000000
3.8759999275208	-0.52376127243042	-0.52931600809097	73.000000000000	0.0000000000000
3.8800001144409	-0.52468591928482	-0.52808380126953	73.000000000000	0.0000000000000
3.8840000629425	-0.52559596300125	-0.52684938907623	73.000000000000	0.0000000000000
3.8880000114441	-0.52649194002151	-0.52561283111572	73.000000000000	0.0000000000000
3.8919999599457	-0.52737462520599	-0.52437436580658	73.000000000000	0.0000000000000
3.8959999084473	-0.52824503183365	-0.52313369512558	73.000000000000	0.0000000000000
3.9000000953674	-0.52910381555557	-0.52189087867737	73.000000000000	0.0000000000000
3.9040000438690	-0.52995115518570	-0.52064585685730	73.000000000000	0.0000000000000
3.9079999923706	-0.53078866004944	-0.51939815282822	73.000000000000	0.0000000000000
3.9119999408722	-0.53161609172821	-0.51814740896225	73.000000000000	0.0000000000000
3.9159998893738	-0.53243470191956	-0.51689338684082	73.000000000000	0.0000000000000
3.9200000762939	-0.53324443101883	-0.51563566923141	73.000000000000	0.0000000000000
3.9240000247955	-0.53404659032822	-0.51437312364578	73.000000000000	0.0000000000000
3.9279999732971	-0.53484064340591	-0.51310586929321	73.000000000000	0.0000000000000
3.9319999217987	-0.53562778234482	-0.51183289289474	73.000000000000	0.0000000000000
3.9360001087189	-0.53640824556351	-0.51055330038071	73.000000000000	0.0000000000000
3.9400000572205	-0.53718185424805	-0.50926643610001	73.000000000000	0.0000000000000
3.9440000057220	-0.53794878721237	-0.50797146558762	73.000000000000	0.0000000000000
3.9479999542236	-0.53870952129364	-0.50666749477386	73.000000000000	0.0000000000000
3.9519999027252	-0.53946357965469	-0.50535351037979	73.000000000000	0.0000000000000
3.9560000896454	-0.54021120071411	-0.50402867794037	73.000000000000	0.0000000000000
3.9600000381470	-0.54095202684402	-0.50269204378128	73.000000000000	0.0000000000000
3.9639999866486	-0.54168552160263	-0.50134271383286	73.000000000000	0.0000000000000
3.9679999351501	-0.54241162538528	-0.49997973442078	73.000000000000	0.0000000000000
3.9719998836517	-0.54312950372696	-0.49860206246376	73.000000000000	0.0000000000000
3.9760000705719	-0.54383891820908	-0.49720871448517	73.000000000000	0.0000000000000
3.9800000190735	-0.54453855752945	-0.49579909443855	73.000000000000	0.0000000000000
3.9839999675751	-0.54522830247879	-0.49437198042870	73.000000000000	0.0000000000000
3.9879999160767	-0.54590672254562	-0.49292677640915	73.000000000000	0.0000000000000
3.9920001029968	-0.54657292366028	-0.49146273732185	73.000000000000	0.0000000000000
3.9960000514984	-0.54722601175308	-0.48997893929482	73.000000000000	0.0000000000000
4.0000000000000	-0.54786443710327	-0.48847502470016	73.000000000000	0.0000000000000
