#Parameters = {D=8; L=80; d_a=10; e_m=9; e_s=30; gap=1.5; m_x=30; m_y=40; m_z=100; mu_m=1; mu_s=1; s_d=2}
#"Frequency / GHz"	"S1,1 [Re]"	"S1,1 [Im]"	"Ref.Imp. [Re]"	"Ref.Imp. [Im]"
#-------------------------------------------------------------------------
0.0000000000000	0.99996650218964	-0.0000000000000	73.000000000000	0.0000000000000
0.0040000001899898	0.99990034103394	-0.011441161856055	73.000000000000	0.0000000000000
0.0080000003799796	0.99970215559006	-0.022881081327796	73.000000000000	0.0000000000000
0.012000000104308	0.99937170743942	-0.034318514168262	73.000000000000	0.0000000000000
0.016000000759959	0.99890929460526	-0.045752212405205	73.000000000000	0.0000000000000
0.019999999552965	0.99831455945969	-0.057180937379599	73.000000000000	0.0000000000000
0.024000000208616	0.99758785963058	-0.068603456020355	73.000000000000	0.0000000000000
0.028000000864267	0.99672895669937	-0.080018498003483	73.000000000000	0.0000000000000
0.032000001519918	0.99573802947998	-0.091424860060215	73.000000000000	0.0000000000000
0.035999998450279	0.99461501836777	-0.10282128304243	73.000000000000	0.0000000000000
0.039999999105930	0.99336004257202	-0.11420653760433	73.000000000000	0.0000000000000
0.043999999761581	0.99197286367416	-0.12557937204838	73.000000000000	0.0000000000000
0.048000000417233	0.99045372009277	-0.13693857192993	73.000000000000	0.0000000000000
0.052000001072884	0.98880267143250	-0.14828288555145	73.000000000000	0.0000000000000
0.056000001728535	0.98701959848404	-0.15961109101772	73.000000000000	0.0000000000000
0.059999998658895	0.98510456085205	-0.17092196643353	73.000000000000	0.0000000000000
0.064000003039837	0.98305761814117	-0.18221423029900	73.000000000000	0.0000000000000
0.068000003695488	0.98087882995605	-0.19348673522472	73.000000000000	0.0000000000000
0.071999996900558	0.97856807708740	-0.20473821461201	73.000000000000	0.0000000000000
0.075999997556210	0.97612547874451	-0.21596741676331	73.000000000000	0.0000000000000
0.079999998211861	0.97355097532272	-0.22717316448689	73.000000000000	0.0000000000000
0.083999998867512	0.97084462642670	-0.23835422098637	73.000000000000	0.0000000000000
0.087999999523163	0.96800643205643	-0.24950933456421	73.000000000000	0.0000000000000
0.092000000178814	0.96503633260727	-0.26063731312752	73.000000000000	0.0000000000000
0.096000000834465	0.96193438768387	-0.27173694968224	73.000000000000	0.0000000000000
0.10000000149012	0.95870047807693	-0.28280696272850	73.000000000000	0.0000000000000
0.10400000214577	0.95533472299576	-0.29384618997574	73.000000000000	0.0000000000000
0.10800000280142	0.95183694362640	-0.30485334992409	73.000000000000	0.0000000000000
0.11200000345707	0.94820713996887	-0.31582728028297	73.000000000000	0.0000000000000
0.11599999666214	0.94444519281387	-0.32676661014557	73.000000000000	0.0000000000000
0.11999999731779	0.94055116176605	-0.33767020702362	73.000000000000	0.0000000000000
0.12399999797344	0.93652474880219	-0.34853678941727	73.000000000000	0.0000000000000
0.12800000607967	0.93236595392227	-0.35936516523361	73.000000000000	0.0000000000000
0.13199999928474	0.92807477712631	-0.37015399336815	73.000000000000	0.0000000000000
0.13600000739098	0.92365103960037	-0.38090199232101	73.000000000000	0.0000000000000
0.14000000059605	0.91909438371658	-0.39160791039467	73.000000000000	0.0000000000000
0.14399999380112	0.91440474987030	-0.40227034687996	73.000000000000	0.0000000000000
0.14800000190735	0.90958207845688	-0.41288816928864	73.000000000000	0.0000000000000
0.15199999511242	0.90462607145309	-0.42345985770226	73.000000000000	0.0000000000000
0.15600000321865	0.89953649044037	-0.43398410081863	73.000000000000	0.0000000000000
0.15999999642372	0.89431297779083	-0.44445952773094	73.000000000000	0.0000000000000
0.16400000452995	0.88895529508591	-0.45488473773003	73.000000000000	0.0000000000000
0.16799999773502	0.88346326351166	-0.46525824069977	73.000000000000	0.0000000000000
0.17200000584126	0.87783652544022	-0.47557863593102	73.000000000000	0.0000000000000
0.17599999904633	0.87207472324371	-0.48584431409836	73.000000000000	0.0000000000000
0.18000000715256	0.86617749929428	-0.49605375528336	73.000000000000	0.0000000000000
0.18400000035763	0.86014461517334	-0.50620543956757	73.000000000000	0.0000000000000
0.18799999356270	0.85397541522980	-0.51629769802094	73.000000000000	0.0000000000000
0.19200000166893	0.84766960144043	-0.52632868289948	73.000000000000	0.0000000000000
0.19599999487400	0.84122687578201	-0.53629690408707	73.000000000000	0.0000000000000
0.20000000298023	0.83464658260345	-0.54620039463043	73.000000000000	0.0000000000000
0.20399999618530	0.82792842388153	-0.55603736639023	73.000000000000	0.0000000000000
0.20800000429153	0.82107174396515	-0.56580591201782	73.000000000000	0.0000000000000
0.21199999749660	0.81407630443573	-0.57550394535065	73.000000000000	0.0000000000000
0.21600000560284	0.80694150924683	-0.58512943983078	73.000000000000	0.0000000000000
0.21999999880791	0.79966688156128	-0.59468036890030	73.000000000000	0.0000000000000
0.22400000691414	0.79225200414658	-0.60415428876877	73.000000000000	0.0000000000000
0.22800000011921	0.78469622135162	-0.61354917287827	73.000000000000	0.0000000000000
0.23199999332428	0.77699923515320	-0.62286233901978	73.000000000000	0.0000000000000
0.23600000143051	0.76916056871414	-0.63209158182144	73.000000000000	0.0000000000000
0.23999999463558	0.76117998361588	-0.64123409986496	73.000000000000	0.0000000000000
0.24400000274181	0.75305664539337	-0.65028756856918	73.000000000000	0.0000000000000
0.24799999594688	0.74479055404663	-0.65924882888794	73.000000000000	0.0000000000000
0.25200000405312	0.73638141155243	-0.66811513900757	73.000000000000	0.0000000000000
0.25600001215935	0.72782856225967	-0.67688363790512	73.000000000000	0.0000000000000
0.25999999046326	0.71913218498230	-0.68555122613907	73.000000000000	0.0000000000000
0.26399999856949	0.71029192209244	-0.69411456584930	73.000000000000	0.0000000000000
0.26800000667572	0.70130747556686	-0.70257055759430	73.000000000000	0.0000000000000
0.27200001478195	0.69217938184738	-0.71091574430466	73.000000000000	0.0000000000000
0.27599999308586	0.68290716409683	-0.71914660930634	73.000000000000	0.0000000000000
0.28000000119209	0.67349141836166	-0.72725951671600	73.000000000000	0.0000000000000
0.28400000929832	0.66393184661865	-0.73525083065033	73.000000000000	0.0000000000000
0.28799998760223	0.65422928333282	-0.74311679601669	73.000000000000	0.0000000000000
0.29199999570847	0.64438414573669	-0.75085324048996	73.000000000000	0.0000000000000
0.29600000381470	0.63439691066742	-0.75845646858215	73.000000000000	0.0000000000000
0.30000001192093	0.62426841259003	-0.76592218875885	73.000000000000	0.0000000000000
0.30399999022484	0.61399966478348	-0.77324622869492	73.000000000000	0.0000000000000
0.30799999833107	0.60359150171280	-0.78042441606522	73.000000000000	0.0000000000000
0.31200000643730	0.59304511547089	-0.78745222091675	73.000000000000	0.0000000000000
0.31600001454353	0.58236223459244	-0.79432547092438	73.000000000000	0.0000000000000
0.31999999284744	0.57154417037964	-0.80103939771652	73.000000000000	0.0000000000000
0.32400000095367	0.56059277057648	-0.80758970975876	73.000000000000	0.0000000000000
0.32800000905991	0.54951000213623	-0.81397163867950	73.000000000000	0.0000000000000
0.33199998736382	0.53829813003540	-0.82018059492111	73.000000000000	0.0000000000000
0.33599999547005	0.52695935964584	-0.82621204853058	73.000000000000	0.0000000000000
0.34000000357628	0.51549637317657	-0.83206135034561	73.000000000000	0.0000000000000
0.34400001168251	0.50391209125519	-0.83772367238998	73.000000000000	0.0000000000000
0.34799998998642	0.49220952391624	-0.84319448471069	73.000000000000	0.0000000000000
0.35199999809265	0.48039239645004	-0.84846919775009	73.000000000000	0.0000000000000
0.35600000619888	0.46846356987953	-0.85354310274124	73.000000000000	0.0000000000000
0.36000001430511	0.45642700791359	-0.85841178894043	73.000000000000	0.0000000000000
0.36399999260902	0.44428691267967	-0.86307078599930	73.000000000000	0.0000000000000
0.36800000071526	0.43204760551453	-0.86751568317413	73.000000000000	0.0000000000000
0.37200000882149	0.41971355676651	-0.87174212932587	73.000000000000	0.0000000000000
0.37599998712540	0.40728968381882	-0.87574613094330	73.000000000000	0.0000000000000
0.37999999523163	0.39478060603142	-0.87952357530594	73.000000000000	0.0000000000000
0.38400000333786	0.38219183683395	-0.88307052850723	73.000000000000	0.0000000000000
0.38800001144409	0.36952874064445	-0.88638341426849	73.000000000000	0.0000000000000
0.39199998974800	0.35679730772972	-0.88945841789246	73.000000000000	0.0000000000000
0.39599999785423	0.34400317072868	-0.89229249954224	73.000000000000	0.0000000000000
0.40000000596046	0.33115270733833	-0.89488238096237	73.000000000000	0.0000000000000
0.40400001406670	0.31825205683708	-0.89722526073456	73.000000000000	0.0000000000000
0.40799999237061	0.30530780553818	-0.89931839704514	73.000000000000	0.0000000000000
0.41200000047684	0.29232668876648	-0.90115952491760	73.000000000000	0.0000000000000
0.41600000858307	0.27931571006775	-0.90274626016617	73.000000000000	0.0000000000000
0.41999998688698	0.26628163456917	-0.90407705307007	73.000000000000	0.0000000000000
0.42399999499321	0.25323218107224	-0.90515023469925	73.000000000000	0.0000000000000
0.42800000309944	0.24017404019833	-0.90596461296082	73.000000000000	0.0000000000000
0.43200001120567	0.22711502015591	-0.90651923418045	73.000000000000	0.0000000000000
0.43599998950958	0.21406237781048	-0.90681362152100	73.000000000000	0.0000000000000
0.43999999761581	0.20102362334728	-0.90684747695923	73.000000000000	0.0000000000000
0.44400000572205	0.18800647556782	-0.90662097930908	73.000000000000	0.0000000000000
0.44800001382828	0.17501845955849	-0.90613454580307	73.000000000000	0.0000000000000
0.45199999213219	0.16206713020802	-0.90538913011551	73.000000000000	0.0000000000000
0.45600000023842	0.14916035532951	-0.90438568592072	73.000000000000	0.0000000000000
0.46000000834465	0.13630519807339	-0.90312600135803	73.000000000000	0.0000000000000
0.46399998664856	0.12350944429636	-0.90161180496216	73.000000000000	0.0000000000000
0.46799999475479	0.11078021675348	-0.89984554052353	73.000000000000	0.0000000000000
0.47200000286102	0.098125368356705	-0.89782959222794	73.000000000000	0.0000000000000
0.47600001096725	0.085551157593727	-0.89556705951691	73.000000000000	0.0000000000000
0.47999998927116	0.073065005242825	-0.89306128025055	73.000000000000	0.0000000000000
0.48399999737740	0.060673348605633	-0.89031583070755	73.000000000000	0.0000000000000
0.48800000548363	0.048382870852947	-0.88733470439911	73.000000000000	0.0000000000000
0.49200001358986	0.036200113594532	-0.88412213325500	73.000000000000	0.0000000000000
0.49599999189377	0.024131009355187	-0.88068258762360	73.000000000000	0.0000000000000
0.50000000000000	0.012180880643427	-0.87702095508575	73.000000000000	0.0000000000000
0.50400000810623	0.00035569196916185	-0.87314230203629	73.000000000000	0.0000000000000
0.50800001621246	-0.011339638382196	-0.86905193328857	73.000000000000	0.0000000000000
0.51200002431870	-0.022900404408574	-0.86475539207458	73.000000000000	0.0000000000000
0.51599997282028	-0.034321911633015	-0.86025834083557	73.000000000000	0.0000000000000
0.51999998092651	-0.045600119978189	-0.85556650161743	73.000000000000	0.0000000000000
0.52399998903275	-0.056731406599283	-0.85068613290787	73.000000000000	0.0000000000000
0.52799999713898	-0.067712172865868	-0.84562307596207	73.000000000000	0.0000000000000
0.53200000524521	-0.078539647161961	-0.84038376808167	73.000000000000	0.0000000000000
0.53600001335144	-0.089211344718933	-0.83497440814972	73.000000000000	0.0000000000000
0.54000002145767	-0.099724739789963	-0.82940119504929	73.000000000000	0.0000000000000
0.54400002956390	-0.11007890850306	-0.82367026805878	73.000000000000	0.0000000000000
0.54799997806549	-0.12027121335268	-0.81778806447983	73.000000000000	0.0000000000000
0.55199998617172	-0.13030190765858	-0.81176054477692	73.000000000000	0.0000000000000
0.55599999427795	-0.14016951620579	-0.80559396743774	73.000000000000	0.0000000000000
0.56000000238419	-0.14987467229366	-0.79929411411285	73.000000000000	0.0000000000000
0.56400001049042	-0.15941660106182	-0.79286688566208	73.000000000000	0.0000000000000
0.56800001859665	-0.16879661381245	-0.78631764650345	73.000000000000	0.0000000000000
0.57200002670288	-0.17801569402218	-0.77965182065964	73.000000000000	0.0000000000000
0.57599997520447	-0.18707391619682	-0.77287471294403	73.000000000000	0.0000000000000
0.57999998331070	-0.19597427546978	-0.76599091291428	73.000000000000	0.0000000000000
0.58399999141693	-0.20471774041653	-0.75900495052338	73.000000000000	0.0000000000000
0.58799999952316	-0.21330630779266	-0.75192123651505	73.000000000000	0.0000000000000
0.59200000762939	-0.22174240648746	-0.74474352598190	73.000000000000	0.0000000000000
0.59600001573563	-0.23002913594246	-0.73747515678406	73.000000000000	0.0000000000000
0.60000002384186	-0.23816815018654	-0.73011952638626	73.000000000000	0.0000000000000
0.60399997234344	-0.24616277217865	-0.72267913818359	73.000000000000	0.0000000000000
0.60799998044968	-0.25401592254639	-0.71515649557114	73.000000000000	0.0000000000000
0.61199998855591	-0.26173031330109	-0.70755332708359	73.000000000000	0.0000000000000
0.61599999666214	-0.26930895447731	-0.69987124204636	73.000000000000	0.0000000000000
0.62000000476837	-0.27675491571426	-0.69211125373840	73.000000000000	0.0000000000000
0.62400001287460	-0.28407138586044	-0.68427377939224	73.000000000000	0.0000000000000
0.62800002098083	-0.29126110672951	-0.67635905742645	73.000000000000	0.0000000000000
0.63200002908707	-0.29832643270493	-0.66836714744568	73.000000000000	0.0000000000000
0.63599997758865	-0.30527007579803	-0.66029697656631	73.000000000000	0.0000000000000
0.63999998569489	-0.31209486722946	-0.65214771032333	73.000000000000	0.0000000000000
0.64399999380112	-0.31880220770836	-0.64391773939133	73.000000000000	0.0000000000000
0.64800000190735	-0.32539445161819	-0.63560533523560	73.000000000000	0.0000000000000
0.65200001001358	-0.33187296986580	-0.62720817327499	73.000000000000	0.0000000000000
0.65600001811981	-0.33823928236961	-0.61872363090515	73.000000000000	0.0000000000000
0.66000002622604	-0.34449326992035	-0.61014938354492	73.000000000000	0.0000000000000
0.66399997472763	-0.35063621401787	-0.60148179531097	73.000000000000	0.0000000000000
0.66799998283386	-0.35666799545288	-0.59271764755249	73.000000000000	0.0000000000000
0.67199999094009	-0.36258742213249	-0.58385360240936	73.000000000000	0.0000000000000
0.67599999904633	-0.36839407682419	-0.57488590478897	73.000000000000	0.0000000000000
0.68000000715256	-0.37408629059792	-0.56581044197083	73.000000000000	0.0000000000000
0.68400001525879	-0.37966176867485	-0.55662375688553	73.000000000000	0.0000000000000
0.68800002336502	-0.38511821627617	-0.54732167720795	73.000000000000	0.0000000000000
0.69199997186661	-0.39045223593712	-0.53790032863617	73.000000000000	0.0000000000000
0.69599997997284	-0.39566016197205	-0.52835571765900	73.000000000000	0.0000000000000
0.69999998807907	-0.40073767304420	-0.51868426799774	73.000000000000	0.0000000000000
0.70399999618530	-0.40567982196808	-0.50888240337372	73.000000000000	0.0000000000000
0.70800000429153	-0.41048118472099	-0.49894660711288	73.000000000000	0.0000000000000
0.71200001239777	-0.41513574123383	-0.48887395858765	73.000000000000	0.0000000000000
0.71600002050400	-0.41963696479797	-0.47866135835648	73.000000000000	0.0000000000000
0.72000002861023	-0.42397770285606	-0.46830675005913	73.000000000000	0.0000000000000
0.72399997711182	-0.42815014719963	-0.45780795812607	73.000000000000	0.0000000000000
0.72799998521805	-0.43214643001556	-0.44716319441795	73.000000000000	0.0000000000000
0.73199999332428	-0.43595796823502	-0.43637171387672	73.000000000000	0.0000000000000
0.73600000143051	-0.43957570195198	-0.42543277144432	73.000000000000	0.0000000000000
0.74000000953674	-0.44299045205116	-0.41434660553932	73.000000000000	0.0000000000000
0.74400001764297	-0.44619202613831	-0.40311411023140	73.000000000000	0.0000000000000
0.74800002574921	-0.44917055964470	-0.39173650741577	73.000000000000	0.0000000000000
0.75199997425079	-0.45191609859467	-0.38021597266197	73.000000000000	0.0000000000000
0.75599998235703	-0.45441782474518	-0.36855527758598	73.000000000000	0.0000000000000
0.75999999046326	-0.45666518807411	-0.35675832629204	73.000000000000	0.0000000000000
0.76399999856949	-0.45864731073380	-0.34482929110527	73.000000000000	0.0000000000000
0.76800000667572	-0.46035364270210	-0.33277362585068	73.000000000000	0.0000000000000
0.77200001478195	-0.46177297830582	-0.32059749960899	73.000000000000	0.0000000000000
0.77600002288818	-0.46289527416229	-0.30830752849579	73.000000000000	0.0000000000000
0.77999997138977	-0.46370953321457	-0.29591169953346	73.000000000000	0.0000000000000
0.78399997949600	-0.46420535445213	-0.28341883420944	73.000000000000	0.0000000000000
0.78799998760223	-0.46437314152718	-0.27083814144135	73.000000000000	0.0000000000000
0.79199999570847	-0.46420294046402	-0.25817999243736	73.000000000000	0.0000000000000
0.79600000381470	-0.46368563175201	-0.24545556306839	73.000000000000	0.0000000000000
0.80000001192093	-0.46281242370605	-0.23267672955990	73.000000000000	0.0000000000000
0.80400002002716	-0.46157479286194	-0.21985651552677	73.000000000000	0.0000000000000
0.80800002813339	-0.45996543765068	-0.20700812339783	73.000000000000	0.0000000000000
0.81199997663498	-0.45797732472420	-0.19414588809013	73.000000000000	0.0000000000000
0.81599998474121	-0.45560425519943	-0.18128450214863	73.000000000000	0.0000000000000
0.81999999284744	-0.45284080505371	-0.16843976080418	73.000000000000	0.0000000000000
0.82400000095367	-0.44968229532242	-0.15562762320042	73.000000000000	0.0000000000000
0.82800000905991	-0.44612517952919	-0.14286457002163	73.000000000000	0.0000000000000
0.83200001716614	-0.44216674566269	-0.13016779720783	73.000000000000	0.0000000000000
0.83600002527237	-0.43780514597893	-0.11755482107401	73.000000000000	0.0000000000000
0.83999997377396	-0.43303969502449	-0.10504361242056	73.000000000000	0.0000000000000
0.84399998188019	-0.42787072062492	-0.092651858925819	73.000000000000	0.0000000000000
0.84799998998642	-0.42229962348938	-0.080398291349411	73.000000000000	0.0000000000000
0.85199999809265	-0.41632899641991	-0.068301178514957	73.000000000000	0.0000000000000
0.85600000619888	-0.40996250510216	-0.056378949433565	73.000000000000	0.0000000000000
0.86000001430511	-0.40320500731468	-0.044649947434664	73.000000000000	0.0000000000000
0.86400002241135	-0.39606240391731	-0.033132690936327	73.000000000000	0.0000000000000
0.86799997091293	-0.38854187726974	-0.021845083683729	73.000000000000	0.0000000000000
0.87199997901917	-0.38065162301064	-0.010805160738528	73.000000000000	0.0000000000000
0.87599998712540	-0.37240111827850	-3.0309040084830e-05	73.000000000000	0.0000000000000
0.87999999523163	-0.36380079388618	0.010462450794876	73.000000000000	0.0000000000000
0.88400000333786	-0.35486239194870	0.020656574517488	73.000000000000	0.0000000000000
0.88800001144409	-0.34559845924377	0.030536245554686	73.000000000000	0.0000000000000
0.89200001955032	-0.33602276444435	0.040086213499308	73.000000000000	0.0000000000000
0.89600002765656	-0.32614994049072	0.049292027950287	73.000000000000	0.0000000000000
0.89999997615814	-0.31599569320679	0.058139890432358	73.000000000000	0.0000000000000
0.90399998426437	-0.30557638406754	0.066617444157600	73.000000000000	0.0000000000000
0.90799999237061	-0.29490938782692	0.074712656438351	73.000000000000	0.0000000000000
0.91200000047684	-0.28401285409927	0.082414835691452	73.000000000000	0.0000000000000
0.91600000858307	-0.27290537953377	0.089714482426643	73.000000000000	0.0000000000000
0.92000001668930	-0.26160642504692	0.096603006124496	73.000000000000	0.0000000000000
0.92400002479553	-0.25013583898544	0.10307307541370	73.000000000000	0.0000000000000
0.92799997329712	-0.23851403594017	0.10911861807108	73.000000000000	0.0000000000000
0.93199998140335	-0.22676168382168	0.11473478376865	73.000000000000	0.0000000000000
0.93599998950958	-0.21489982306957	0.11991805583239	73.000000000000	0.0000000000000
0.93999999761581	-0.20294956862926	0.12466612458229	73.000000000000	0.0000000000000
0.94400000572205	-0.19093221426010	0.12897811830044	73.000000000000	0.0000000000000
0.94800001382828	-0.17886897921562	0.13285455107689	73.000000000000	0.0000000000000
0.95200002193451	-0.16678115725517	0.13629700243473	73.000000000000	0.0000000000000
0.95599997043610	-0.15468975901604	0.13930858671665	73.000000000000	0.0000000000000
0.95999997854233	-0.14261537790298	0.14189374446869	73.000000000000	0.0000000000000
0.96399998664856	-0.13057842850685	0.14405813813210	73.000000000000	0.0000000000000
0.96799999475479	-0.11859876662493	0.14580866694450	73.000000000000	0.0000000000000
0.97200000286102	-0.10669565200806	0.14715358614922	73.000000000000	0.0000000000000
0.97600001096725	-0.094887882471085	0.14810217916965	73.000000000000	0.0000000000000
0.98000001907349	-0.083193287253380	0.14866502583027	73.000000000000	0.0000000000000
0.98400002717972	-0.071629077196121	0.14885367453098	73.000000000000	0.0000000000000
0.98799997568130	-0.060211405158043	0.14868079125881	73.000000000000	0.0000000000000
0.99199998378754	-0.048955593258142	0.14815995097160	73.000000000000	0.0000000000000
0.99599999189377	-0.037875972688198	0.14730562269688	73.000000000000	0.0000000000000
1.0000000000000	-0.026985628530383	0.14613313972950	73.000000000000	0.0000000000000
1.0039999485016	-0.016296569257975	0.14465850591660	73.000000000000	0.0000000000000
1.0080000162125	-0.0058196289464831	0.14289842545986	73.000000000000	0.0000000000000
1.0119999647141	0.0044355834834278	0.14087007939816	73.000000000000	0.0000000000000
1.0160000324249	0.014460767619312	0.13859121501446	73.000000000000	0.0000000000000
1.0199999809265	0.024248931556940	0.13607990741730	73.000000000000	0.0000000000000
1.0240000486374	0.033794417977333	0.13335448503494	73.000000000000	0.0000000000000
1.0279999971390	0.043092869222164	0.13043349981308	73.000000000000	0.0000000000000
1.0319999456406	0.052141308784485	0.12733550369740	73.000000000000	0.0000000000000
1.0360000133514	0.060938153415918	0.12407910078764	73.000000000000	0.0000000000000
1.0399999618530	0.069483064115047	0.12068270891905	73.000000000000	0.0000000000000
1.0440000295639	0.077777147293091	0.11716456711292	73.000000000000	0.0000000000000
1.0479999780655	0.085822746157646	0.11354254931211	73.000000000000	0.0000000000000
1.0520000457764	0.093623429536819	0.10983414947987	73.000000000000	0.0000000000000
1.0559999942780	0.10118413716555	0.10605631023645	73.000000000000	0.0000000000000
1.0599999427795	0.10851088911295	0.10222537070513	73.000000000000	0.0000000000000
1.0640000104904	0.11561090499163	0.098356999456882	73.000000000000	0.0000000000000
1.0679999589920	0.12249243259430	0.094466097652912	73.000000000000	0.0000000000000
1.0720000267029	0.12916480004787	0.090566664934158	73.000000000000	0.0000000000000
1.0759999752045	0.13563825190067	0.086671844124794	73.000000000000	0.0000000000000
1.0800000429153	0.14192385971546	0.082793705165386	73.000000000000	0.0000000000000
1.0839999914169	0.14803361892700	0.078943327069283	73.000000000000	0.0000000000000
1.0880000591278	0.15398007631302	0.075130634009838	73.000000000000	0.0000000000000
1.0920000076294	0.15977646410465	0.071364432573318	73.000000000000	0.0000000000000
1.0959999561310	0.16543658077717	0.067652285099030	73.000000000000	0.0000000000000
1.1000000238419	0.17097455263138	0.064000546932220	73.000000000000	0.0000000000000
1.1039999723434	0.17640492320061	0.060414314270020	73.000000000000	0.0000000000000
1.1080000400543	0.18174241483212	0.056897375732660	73.000000000000	0.0000000000000
1.1119999885559	0.18700191378593	0.053452283143997	73.000000000000	0.0000000000000
1.1160000562668	0.19219829142094	0.050080228596926	73.000000000000	0.0000000000000
1.1200000047684	0.19734640419483	0.046781171113253	73.000000000000	0.0000000000000
1.1239999532700	0.20246087014675	0.043553762137890	73.000000000000	0.0000000000000
1.1280000209808	0.20755611360073	0.040395390242338	73.000000000000	0.0000000000000
1.1319999694824	0.21264602243900	0.037302218377590	73.000000000000	0.0000000000000
1.1360000371933	0.21774427592754	0.034269336611032	73.000000000000	0.0000000000000
1.1399999856949	0.22286371886730	0.031290456652641	73.000000000000	0.0000000000000
1.1440000534058	0.22801676392555	0.028358368203044	73.000000000000	0.0000000000000
1.1480000019073	0.23321500420570	0.025464767590165	73.000000000000	0.0000000000000
1.1519999504089	0.23846921324730	0.022600229829550	73.000000000000	0.0000000000000
1.1560000181198	0.24378931522369	0.019754819571972	73.000000000000	0.0000000000000
1.1599999666214	0.24918426573277	0.016917284578085	73.000000000000	0.0000000000000
1.1640000343323	0.25466203689575	0.014075895771384	73.000000000000	0.0000000000000
1.1679999828339	0.26022946834564	0.011218179948628	73.000000000000	0.0000000000000
1.1720000505447	0.26589232683182	0.0083310734480619	73.000000000000	0.0000000000000
1.1759999990463	0.27165526151657	0.0054010250605643	73.000000000000	0.0000000000000
1.1799999475479	0.27752158045769	0.0024140779860318	73.000000000000	0.0000000000000
1.1840000152588	0.28349357843399	-0.00064402964198962	73.000000000000	0.0000000000000
1.1879999637604	0.28957214951515	-0.0037877662107348	73.000000000000	0.0000000000000
1.1920000314713	0.29575702548027	-0.0070317080244422	73.000000000000	0.0000000000000
1.1959999799728	0.30204662680626	-0.010390442796052	73.000000000000	0.0000000000000
1.2000000476837	0.30843815207481	-0.013878459110856	73.000000000000	0.0000000000000
1.2039999961853	0.31492754817009	-0.017510065808892	73.000000000000	0.0000000000000
1.2079999446869	0.32150954008102	-0.021299280226231	73.000000000000	0.0000000000000
1.2120000123978	0.32817766070366	-0.025259736925364	73.000000000000	0.0000000000000
1.2159999608994	0.33492434024811	-0.029404595494270	73.000000000000	0.0000000000000
1.2200000286102	0.34174081683159	-0.033746447414160	73.000000000000	0.0000000000000
1.2239999771118	0.34861722588539	-0.038297243416309	73.000000000000	0.0000000000000
1.2280000448227	0.35554286837578	-0.043068204075098	73.000000000000	0.0000000000000
1.2319999933243	0.36250591278076	-0.048069722950459	73.000000000000	0.0000000000000
1.2359999418259	0.36949369311333	-0.053311329334974	73.000000000000	0.0000000000000
1.2400000095367	0.37649282813072	-0.058801602572203	73.000000000000	0.0000000000000
1.2439999580383	0.38348901271820	-0.064548105001450	73.000000000000	0.0000000000000
1.2480000257492	0.39046746492386	-0.070557370781898	73.000000000000	0.0000000000000
1.2519999742508	0.39741265773773	-0.076834775507450	73.000000000000	0.0000000000000
1.2560000419617	0.40430876612663	-0.083384573459625	73.000000000000	0.0000000000000
1.2599999904633	0.41113951802254	-0.090209864079952	73.000000000000	0.0000000000000
1.2640000581741	0.41788822412491	-0.097312502563000	73.000000000000	0.0000000000000
1.2680000066757	0.42453810572624	-0.10469312965870	73.000000000000	0.0000000000000
1.2719999551773	0.43107229471207	-0.11235114932060	73.000000000000	0.0000000000000
1.2760000228882	0.43747377395630	-0.12028472125530	73.000000000000	0.0000000000000
1.2799999713898	0.44372573494911	-0.12849077582359	73.000000000000	0.0000000000000
1.2840000391006	0.44981151819229	-0.13696503639221	73.000000000000	0.0000000000000
1.2879999876022	0.45571470260620	-0.14570198953152	73.000000000000	0.0000000000000
1.2920000553131	0.46141925454140	-0.15469497442245	73.000000000000	0.0000000000000
1.2960000038147	0.46690955758095	-0.16393612325191	73.000000000000	0.0000000000000
1.2999999523163	0.47217053174973	-0.17341652512550	73.000000000000	0.0000000000000
1.3040000200272	0.47718775272369	-0.18312621116638	73.000000000000	0.0000000000000
1.3079999685287	0.48194739222527	-0.19305412471294	73.000000000000	0.0000000000000
1.3120000362396	0.48643645644188	-0.20318834483624	73.000000000000	0.0000000000000
1.3159999847412	0.49064284563065	-0.21351601183414	73.000000000000	0.0000000000000
1.3200000524521	0.49455520510674	-0.22402346134186	73.000000000000	0.0000000000000
1.3240000009537	0.49816322326660	-0.23469626903534	73.000000000000	0.0000000000000
1.3279999494553	0.50145757198334	-0.24551935493946	73.000000000000	0.0000000000000
1.3320000171661	0.50442993640900	-0.25647702813148	73.000000000000	0.0000000000000
1.3359999656677	0.50707322359085	-0.26755309104919	73.000000000000	0.0000000000000
1.3400000333786	0.50938111543655	-0.27873089909554	73.000000000000	0.0000000000000
1.3439999818802	0.51134878396988	-0.28999349474907	73.000000000000	0.0000000000000
1.3480000495911	0.51297235488892	-0.30132359266281	73.000000000000	0.0000000000000
1.3519999980927	0.51424932479858	-0.31270390748978	73.000000000000	0.0000000000000
1.3559999465942	0.51517808437347	-0.32411685585976	73.000000000000	0.0000000000000
1.3600000143051	0.51575827598572	-0.33554500341415	73.000000000000	0.0000000000000
1.3639999628067	0.51599091291428	-0.34697100520134	73.000000000000	0.0000000000000
1.3680000305176	0.51587784290314	-0.35837757587433	73.000000000000	0.0000000000000
1.3719999790192	0.51542204618454	-0.36974790692329	73.000000000000	0.0000000000000
1.3760000467300	0.51462793350220	-0.38106530904770	73.000000000000	0.0000000000000
1.3799999952316	0.51350051164627	-0.39231359958649	73.000000000000	0.0000000000000
1.3839999437332	0.51204603910446	-0.40347704291344	73.000000000000	0.0000000000000
1.3880000114441	0.51027184724808	-0.41454061865807	73.000000000000	0.0000000000000
1.3919999599457	0.50818592309952	-0.42548972368240	73.000000000000	0.0000000000000
1.3960000276566	0.50579714775085	-0.43631058931351	73.000000000000	0.0000000000000
1.3999999761581	0.50311529636383	-0.44699001312256	73.000000000000	0.0000000000000
1.4040000438690	0.50015091896057	-0.45751586556435	73.000000000000	0.0000000000000
1.4079999923706	0.49691489338875	-0.46787652373314	73.000000000000	0.0000000000000
1.4119999408722	0.49341934919357	-0.47806146740913	73.000000000000	0.0000000000000
1.4160000085831	0.48967602849007	-0.48806098103523	73.000000000000	0.0000000000000
1.4199999570847	0.48569807410240	-0.49786639213562	73.000000000000	0.0000000000000
1.4240000247955	0.48149833083153	-0.50746977329254	73.000000000000	0.0000000000000
1.4279999732971	0.47709003090858	-0.51686435937881	73.000000000000	0.0000000000000
1.4320000410080	0.47248709201813	-0.52604424953461	73.000000000000	0.0000000000000
1.4359999895096	0.46770277619362	-0.53500467538834	73.000000000000	0.0000000000000
1.4400000572205	0.46275129914284	-0.54374158382416	73.000000000000	0.0000000000000
1.4440000057220	0.45764631032944	-0.55225211381912	73.000000000000	0.0000000000000
1.4479999542236	0.45240136981010	-0.56053417921066	73.000000000000	0.0000000000000
1.4520000219345	0.44703024625778	-0.56858682632446	73.000000000000	0.0000000000000
1.4559999704361	0.44154623150826	-0.57640981674194	73.000000000000	0.0000000000000
1.4600000381470	0.43596252799034	-0.58400392532349	73.000000000000	0.0000000000000
1.4639999866486	0.43029174208641	-0.59137070178986	73.000000000000	0.0000000000000
1.4680000543594	0.42454615235329	-0.59851241111755	73.000000000000	0.0000000000000
1.4720000028610	0.41873776912689	-0.60543221235275	73.000000000000	0.0000000000000
1.4759999513626	0.41287821531296	-0.61213386058807	73.000000000000	0.0000000000000
1.4800000190735	0.40697830915451	-0.61862194538116	73.000000000000	0.0000000000000
1.4839999675751	0.40104800462723	-0.62490141391754	73.000000000000	0.0000000000000
1.4880000352859	0.39509746432304	-0.63097786903381	73.000000000000	0.0000000000000
1.4919999837875	0.38913542032242	-0.63685750961304	73.000000000000	0.0000000000000
1.4960000514984	0.38317042589188	-0.64254689216614	73.000000000000	0.0000000000000
1.5000000000000	0.37721022963524	-0.64805287122726	73.000000000000	0.0000000000000
1.5039999485016	0.37126159667969	-0.65338259935379	73.000000000000	0.0000000000000
1.5080000162125	0.36533120274544	-0.65854364633560	73.000000000000	0.0000000000000
1.5119999647141	0.35942429304123	-0.66354352235794	73.000000000000	0.0000000000000
1.5160000324249	0.35354590415955	-0.66839027404785	73.000000000000	0.0000000000000
1.5199999809265	0.34770020842552	-0.67309159040451	73.000000000000	0.0000000000000
1.5240000486374	0.34189057350159	-0.67765533924103	73.000000000000	0.0000000000000
1.5279999971390	0.33612000942230	-0.68208938837051	73.000000000000	0.0000000000000
1.5319999456406	0.33039057254791	-0.68640154600143	73.000000000000	0.0000000000000
1.5360000133514	0.32470363378525	-0.69059938192368	73.000000000000	0.0000000000000
1.5399999618530	0.31906029582024	-0.69469022750854	73.000000000000	0.0000000000000
1.5440000295639	0.31346055865288	-0.69868129491806	73.000000000000	0.0000000000000
1.5479999780655	0.30790472030640	-0.70257949829102	73.000000000000	0.0000000000000
1.5520000457764	0.30239149928093	-0.70639151334763	73.000000000000	0.0000000000000
1.5559999942780	0.29691988229752	-0.71012347936630	73.000000000000	0.0000000000000
1.5599999427795	0.29148855805397	-0.71378111839294	73.000000000000	0.0000000000000
1.5640000104904	0.28609514236450	-0.71737015247345	73.000000000000	0.0000000000000
1.5679999589920	0.28073731064796	-0.72089558839798	73.000000000000	0.0000000000000
1.5720000267029	0.27541258931160	-0.72436177730560	73.000000000000	0.0000000000000
1.5759999752045	0.27011784911156	-0.72777318954468	73.000000000000	0.0000000000000
1.5800000429153	0.26485025882721	-0.73113328218460	73.000000000000	0.0000000000000
1.5839999914169	0.25960642099380	-0.73444533348083	73.000000000000	0.0000000000000
1.5880000591278	0.25438272953033	-0.73771202564240	73.000000000000	0.0000000000000
1.5920000076294	0.24917635321617	-0.74093574285507	73.000000000000	0.0000000000000
1.5959999561310	0.24398311972618	-0.74411827325821	73.000000000000	0.0000000000000
1.6000000238419	0.23880036175251	-0.74726104736328	73.000000000000	0.0000000000000
1.6039999723434	0.23362395167351	-0.75036489963531	73.000000000000	0.0000000000000
1.6080000400543	0.22845083475113	-0.75343048572540	73.000000000000	0.0000000000000
1.6119999885559	0.22327792644501	-0.75645792484283	73.000000000000	0.0000000000000
1.6160000562668	0.21810223162174	-0.75944691896439	73.000000000000	0.0000000000000
1.6200000047684	0.21292105317116	-0.76239693164825	73.000000000000	0.0000000000000
1.6239999532700	0.20773175358772	-0.76530706882477	73.000000000000	0.0000000000000
1.6280000209808	0.20253178477287	-0.76817631721497	73.000000000000	0.0000000000000
1.6319999694824	0.19731935858727	-0.77100306749344	73.000000000000	0.0000000000000
1.6360000371933	0.19209247827530	-0.77378582954407	73.000000000000	0.0000000000000
1.6399999856949	0.18684941530228	-0.77652269601822	73.000000000000	0.0000000000000
1.6440000534058	0.18158964812756	-0.77921164035797	73.000000000000	0.0000000000000
1.6480000019073	0.17631177604198	-0.78185063600540	73.000000000000	0.0000000000000
1.6519999504089	0.17101551592350	-0.78443753719330	73.000000000000	0.0000000000000
1.6560000181198	0.16570034623146	-0.78697013854980	73.000000000000	0.0000000000000
1.6599999666214	0.16036666929722	-0.78944617509842	73.000000000000	0.0000000000000
1.6640000343323	0.15501466393471	-0.79186338186264	73.000000000000	0.0000000000000
1.6679999828339	0.14964509010315	-0.79421967267990	73.000000000000	0.0000000000000
1.6720000505447	0.14425882697105	-0.79651290178299	73.000000000000	0.0000000000000
1.6759999990463	0.13885737955570	-0.79874122142792	73.000000000000	0.0000000000000
1.6799999475479	0.13344234228134	-0.80090272426605	73.000000000000	0.0000000000000
1.6840000152588	0.12801484763622	-0.80299574136734	73.000000000000	0.0000000000000
1.6879999637604	0.12257755547762	-0.80501872301102	73.000000000000	0.0000000000000
1.6920000314713	0.11713211983442	-0.80697065591812	73.000000000000	0.0000000000000
1.6959999799728	0.11168137937784	-0.80885016918182	73.000000000000	0.0000000000000
1.7000000476837	0.10622727125883	-0.81065666675568	73.000000000000	0.0000000000000
1.7039999961853	0.10077273845673	-0.81238955259323	73.000000000000	0.0000000000000
1.7079999446869	0.095320411026478	-0.81404840946198	73.000000000000	0.0000000000000
1.7120000123978	0.089872926473618	-0.81563329696655	73.000000000000	0.0000000000000
1.7159999608994	0.084433153271675	-0.81714451313019	73.000000000000	0.0000000000000
1.7200000286102	0.079003788530827	-0.81858247518539	73.000000000000	0.0000000000000
1.7239999771118	0.073587514460087	-0.81994783878326	73.000000000000	0.0000000000000
1.7280000448227	0.068187430500984	-0.82124185562134	73.000000000000	0.0000000000000
1.7319999933243	0.062805630266666	-0.82246565818787	73.000000000000	0.0000000000000
1.7359999418259	0.057444788515568	-0.82362085580826	73.000000000000	0.0000000000000
1.7400000095367	0.052107546478510	-0.82470917701721	73.000000000000	0.0000000000000
1.7439999580383	0.046795725822449	-0.82573252916336	73.000000000000	0.0000000000000
1.7480000257492	0.041511695832014	-0.82669329643250	73.000000000000	0.0000000000000
1.7519999742508	0.036256801337004	-0.82759362459183	73.000000000000	0.0000000000000
1.7560000419617	0.031033504754305	-0.82843619585037	73.000000000000	0.0000000000000
1.7599999904633	0.025842640548944	-0.82922345399857	73.000000000000	0.0000000000000
1.7640000581741	0.020685380324721	-0.82995849847794	73.000000000000	0.0000000000000
1.7680000066757	0.015563213266432	-0.83064401149750	73.000000000000	0.0000000000000
1.7719999551773	0.010475988499820	-0.83128291368484	73.000000000000	0.0000000000000
1.7760000228882	0.0054246713407338	-0.83187818527222	73.000000000000	0.0000000000000
1.7799999713898	0.00040916723082773	-0.83243298530579	73.000000000000	0.0000000000000
1.7840000391006	-0.0045702890492976	-0.83295017480850	73.000000000000	0.0000000000000
1.7879999876022	-0.0095147211104631	-0.83343267440796	73.000000000000	0.0000000000000
1.7920000553131	-0.014424027875066	-0.83388358354568	73.000000000000	0.0000000000000
1.7960000038147	-0.019299557432532	-0.83430546522141	73.000000000000	0.0000000000000
1.7999999523163	-0.024142526090145	-0.83470112085342	73.000000000000	0.0000000000000
1.8040000200272	-0.028954001143575	-0.83507329225540	73.000000000000	0.0000000000000
1.8079999685287	-0.033735893666744	-0.83542424440384	73.000000000000	0.0000000000000
1.8120000362396	-0.038489576429129	-0.83575624227524	73.000000000000	0.0000000000000
1.8159999847412	-0.043217446655035	-0.83607143163681	73.000000000000	0.0000000000000
1.8200000524521	-0.047921348363161	-0.83637171983719	73.000000000000	0.0000000000000
1.8240000009537	-0.052603948861361	-0.83665859699249	73.000000000000	0.0000000000000
1.8279999494553	-0.057267136871815	-0.83693361282349	73.000000000000	0.0000000000000
1.8320000171661	-0.061914019286633	-0.83719778060913	73.000000000000	0.0000000000000
1.8359999656677	-0.066546924412251	-0.83745223283768	73.000000000000	0.0000000000000
1.8400000333786	-0.071168571710587	-0.83769750595093	73.000000000000	0.0000000000000
1.8439999818802	-0.075781509280205	-0.83793425559998	73.000000000000	0.0000000000000
1.8480000495911	-0.080388627946377	-0.83816224336624	73.000000000000	0.0000000000000
1.8519999980927	-0.084992855787277	-0.83838170766830	73.000000000000	0.0000000000000
1.8559999465942	-0.089596278965473	-0.83859211206436	73.000000000000	0.0000000000000
1.8600000143051	-0.094202168285847	-0.83879286050797	73.000000000000	0.0000000000000
1.8639999628067	-0.098812952637672	-0.83898323774338	73.000000000000	0.0000000000000
1.8680000305176	-0.10343044251204	-0.83916187286377	73.000000000000	0.0000000000000
1.8719999790192	-0.10805761069059	-0.83932775259018	73.000000000000	0.0000000000000
1.8760000467300	-0.11269636452198	-0.83947914838791	73.000000000000	0.0000000000000
1.8799999952316	-0.11734881252050	-0.83961445093155	73.000000000000	0.0000000000000
1.8839999437332	-0.12201676517725	-0.83973175287247	73.000000000000	0.0000000000000
1.8880000114441	-0.12670181691647	-0.83982896804810	73.000000000000	0.0000000000000
1.8919999599457	-0.13140545785427	-0.83990401029587	73.000000000000	0.0000000000000
1.8960000276566	-0.13612899184227	-0.83995431661606	73.000000000000	0.0000000000000
1.8999999761581	-0.14087319374084	-0.83997774124146	73.000000000000	0.0000000000000
1.9040000438690	-0.14563904702663	-0.83997166156769	73.000000000000	0.0000000000000
1.9079999923706	-0.15042722225189	-0.83993351459503	73.000000000000	0.0000000000000
1.9119999408722	-0.15523795783520	-0.83986067771912	73.000000000000	0.0000000000000
1.9160000085831	-0.16007101535797	-0.83975058794022	73.000000000000	0.0000000000000
1.9199999570847	-0.16492691636086	-0.83960068225861	73.000000000000	0.0000000000000
1.9240000247955	-0.16980452835560	-0.83940833806992	73.000000000000	0.0000000000000
1.9279999732971	-0.17470385134220	-0.83917093276978	73.000000000000	0.0000000000000
1.9320000410080	-0.17962384223938	-0.83888614177704	73.000000000000	0.0000000000000
1.9359999895096	-0.18456342816353	-0.83855152130127	73.000000000000	0.0000000000000
1.9400000572205	-0.18952146172523	-0.83816480636597	73.000000000000	0.0000000000000
1.9440000057220	-0.19449640810490	-0.83772397041321	73.000000000000	0.0000000000000
1.9479999542236	-0.19948704540730	-0.83722680807114	73.000000000000	0.0000000000000
1.9520000219345	-0.20449137687683	-0.83667159080505	73.000000000000	0.0000000000000
1.9559999704361	-0.20950755476952	-0.83605653047562	73.000000000000	0.0000000000000
1.9600000381470	-0.21453371644020	-0.83538019657135	73.000000000000	0.0000000000000
1.9639999866486	-0.21956741809845	-0.83464109897614	73.000000000000	0.0000000000000
1.9680000543594	-0.22460697591305	-0.83383828401566	73.000000000000	0.0000000000000
1.9720000028610	-0.22965016961098	-0.83297061920166	73.000000000000	0.0000000000000
1.9759999513626	-0.23469430208206	-0.83203732967377	73.000000000000	0.0000000000000
1.9800000190735	-0.23973716795444	-0.83103781938553	73.000000000000	0.0000000000000
1.9839999675751	-0.24477662146091	-0.82997196912766	73.000000000000	0.0000000000000
1.9880000352859	-0.24981060624123	-0.82883918285370	73.000000000000	0.0000000000000
1.9919999837875	-0.25483641028404	-0.82763975858688	73.000000000000	0.0000000000000
1.9960000514984	-0.25985196232796	-0.82637375593185	73.000000000000	0.0000000000000
2.0000000000000	-0.26485535502434	-0.82504153251648	73.000000000000	0.0000000000000
2.0039999485016	-0.26984423398972	-0.82364368438721	73.000000000000	0.0000000000000
2.0079998970032	-0.27481660246849	-0.82218068838120	73.000000000000	0.0000000000000
2.0120000839233	-0.27977117896080	-0.82065349817276	73.000000000000	0.0000000000000
2.0160000324249	-0.28470531105995	-0.81906312704086	73.000000000000	0.0000000000000
2.0199999809265	-0.28961840271950	-0.81741040945053	73.000000000000	0.0000000000000
2.0239999294281	-0.29450827836990	-0.81569653749466	73.000000000000	0.0000000000000
2.0280001163483	-0.29937407374382	-0.81392270326614	73.000000000000	0.0000000000000
2.0320000648499	-0.30421414971352	-0.81209039688110	73.000000000000	0.0000000000000
2.0360000133514	-0.30902817845345	-0.81020069122314	73.000000000000	0.0000000000000
2.0399999618530	-0.31381490826607	-0.80825489759445	73.000000000000	0.0000000000000
2.0439999103546	-0.31857389211655	-0.80625462532043	73.000000000000	0.0000000000000
2.0480000972748	-0.32330468297005	-0.80420094728470	73.000000000000	0.0000000000000
2.0520000457764	-0.32800683379173	-0.80209535360336	73.000000000000	0.0000000000000
2.0559999942780	-0.33268031477928	-0.79993891716003	73.000000000000	0.0000000000000
2.0599999427795	-0.33732497692108	-0.79773306846619	73.000000000000	0.0000000000000
2.0639998912811	-0.34194096922874	-0.79547876119614	73.000000000000	0.0000000000000
2.0680000782013	-0.34652876853943	-0.79317706823349	73.000000000000	0.0000000000000
2.0720000267029	-0.35108843445778	-0.79082894325256	73.000000000000	0.0000000000000
2.0759999752045	-0.35562106966972	-0.78843516111374	73.000000000000	0.0000000000000
2.0799999237061	-0.36012631654739	-0.78599637746811	73.000000000000	0.0000000000000
2.0840001106262	-0.36460548639297	-0.78351312875748	73.000000000000	0.0000000000000
2.0880000591278	-0.36905950307846	-0.78098571300507	73.000000000000	0.0000000000000
2.0920000076294	-0.37348881363869	-0.77841454744339	73.000000000000	0.0000000000000
2.0959999561310	-0.37789392471313	-0.77579951286316	73.000000000000	0.0000000000000
2.0999999046326	-0.38227662444115	-0.77314043045044	73.000000000000	0.0000000000000
2.1040000915527	-0.38663685321808	-0.77043724060059	73.000000000000	0.0000000000000
2.1080000400543	-0.39097562432289	-0.76768934726715	73.000000000000	0.0000000000000
2.1119999885559	-0.39529383182526	-0.76489609479904	73.000000000000	0.0000000000000
2.1159999370575	-0.39959260821342	-0.76205670833588	73.000000000000	0.0000000000000
2.1199998855591	-0.40387162566185	-0.75917035341263	73.000000000000	0.0000000000000
2.1240000724792	-0.40813258290291	-0.75623571872711	73.000000000000	0.0000000000000
2.1280000209808	-0.41237482428551	-0.75325185060501	73.000000000000	0.0000000000000
2.1319999694824	-0.41659954190254	-0.75021708011627	73.000000000000	0.0000000000000
2.1359999179840	-0.42080664634705	-0.74712991714478	73.000000000000	0.0000000000000
2.1400001049042	-0.42499592900276	-0.74398887157440	73.000000000000	0.0000000000000
2.1440000534058	-0.42916747927666	-0.74079203605652	73.000000000000	0.0000000000000
2.1480000019073	-0.43332114815712	-0.73753780126572	73.000000000000	0.0000000000000
2.1519999504089	-0.43745610117912	-0.73422408103943	73.000000000000	0.0000000000000
2.1559998989105	-0.44157239794731	-0.73084896802902	73.000000000000	0.0000000000000
2.1600000858307	-0.44566816091537	-0.72741049528122	73.000000000000	0.0000000000000
2.1640000343323	-0.44974318146706	-0.72390663623810	73.000000000000	0.0000000000000
2.1679999828339	-0.45379576086998	-0.72033548355103	73.000000000000	0.0000000000000
2.1719999313354	-0.45782449841499	-0.71669483184814	73.000000000000	0.0000000000000
2.1760001182556	-0.46182778477669	-0.71298295259476	73.000000000000	0.0000000000000
2.1800000667572	-0.46580398082733	-0.70919746160507	73.000000000000	0.0000000000000
2.1840000152588	-0.46975058317184	-0.70533704757690	73.000000000000	0.0000000000000
2.1879999637604	-0.47366550564766	-0.70139962434769	73.000000000000	0.0000000000000
2.1919999122620	-0.47754639387131	-0.69738364219666	73.000000000000	0.0000000000000
2.1960000991821	-0.48139038681984	-0.69328743219376	73.000000000000	0.0000000000000
2.2000000476837	-0.48519468307495	-0.68910968303680	73.000000000000	0.0000000000000
2.2039999961853	-0.48895615339279	-0.68484914302826	73.000000000000	0.0000000000000
2.2079999446869	-0.49267208576202	-0.68050456047058	73.000000000000	0.0000000000000
2.2119998931885	-0.49633893370628	-0.67607504129410	73.000000000000	0.0000000000000
2.2160000801086	-0.49995353817940	-0.67155981063843	73.000000000000	0.0000000000000
2.2200000286102	-0.50351178646088	-0.66695851087570	73.000000000000	0.0000000000000
2.2239999771118	-0.50701040029526	-0.66227042675018	73.000000000000	0.0000000000000
2.2279999256134	-0.51044601202011	-0.65749555826187	73.000000000000	0.0000000000000
2.2320001125336	-0.51381438970566	-0.65263390541077	73.000000000000	0.0000000000000
2.2360000610352	-0.51711189746857	-0.64768600463867	73.000000000000	0.0000000000000
2.2400000095367	-0.52033483982086	-0.64265179634094	73.000000000000	0.0000000000000
2.2439999580383	-0.52347856760025	-0.63753265142441	73.000000000000	0.0000000000000
2.2479999065399	-0.52654033899307	-0.63232892751694	73.000000000000	0.0000000000000
2.2520000934601	-0.52951556444168	-0.62704223394394	73.000000000000	0.0000000000000
2.2560000419617	-0.53240031003952	-0.62167370319366	73.000000000000	0.0000000000000
2.2599999904633	-0.53519141674042	-0.61622494459152	73.000000000000	0.0000000000000
2.2639999389648	-0.53788465261459	-0.61069768667221	73.000000000000	0.0000000000000
2.2679998874664	-0.54047650098801	-0.60509395599365	73.000000000000	0.0000000000000
2.2720000743866	-0.54296320676804	-0.59941613674164	73.000000000000	0.0000000000000
2.2760000228882	-0.54534190893173	-0.59366625547409	73.000000000000	0.0000000000000
2.2799999713898	-0.54760837554932	-0.58784705400467	73.000000000000	0.0000000000000
2.2839999198914	-0.54975998401642	-0.58196109533310	73.000000000000	0.0000000000000
2.2880001068115	-0.55179345607758	-0.57601171731949	73.000000000000	0.0000000000000
2.2920000553131	-0.55370569229126	-0.57000106573105	73.000000000000	0.0000000000000
2.2960000038147	-0.55549389123917	-0.56393301486969	73.000000000000	0.0000000000000
2.2999999523163	-0.55715525150299	-0.55781054496765	73.000000000000	0.0000000000000
2.3039999008179	-0.55868738889694	-0.55163699388504	73.000000000000	0.0000000000000
2.3080000877380	-0.56008791923523	-0.54541593790054	73.000000000000	0.0000000000000
2.3120000362396	-0.56135410070419	-0.53915083408356	73.000000000000	0.0000000000000
2.3159999847412	-0.56248444318771	-0.53284531831741	73.000000000000	0.0000000000000
2.3199999332428	-0.56347662210464	-0.52650296688080	73.000000000000	0.0000000000000
2.3239998817444	-0.56432884931564	-0.52012771368027	73.000000000000	0.0000000000000
2.3280000686646	-0.56503939628601	-0.51372319459915	73.000000000000	0.0000000000000
2.3320000171661	-0.56560701131821	-0.50729322433472	73.000000000000	0.0000000000000
2.3359999656677	-0.56602996587753	-0.50084179639816	73.000000000000	0.0000000000000
2.3399999141693	-0.56630730628967	-0.49437266588211	73.000000000000	0.0000000000000
2.3440001010895	-0.56643772125244	-0.48788949847221	73.000000000000	0.0000000000000
2.3480000495911	-0.56642007827759	-0.48139652609825	73.000000000000	0.0000000000000
2.3519999980927	-0.56625372171402	-0.47489744424820	73.000000000000	0.0000000000000
2.3559999465942	-0.56593775749207	-0.46839624643326	73.000000000000	0.0000000000000
2.3599998950958	-0.56547147035599	-0.46189656853676	73.000000000000	0.0000000000000
2.3640000820160	-0.56485420465469	-0.45540261268616	73.000000000000	0.0000000000000
2.3680000305176	-0.56408560276031	-0.44891792535782	73.000000000000	0.0000000000000
2.3719999790192	-0.56316512823105	-0.44244658946991	73.000000000000	0.0000000000000
2.3759999275208	-0.56209230422974	-0.43599250912666	73.000000000000	0.0000000000000
2.3800001144409	-0.56086719036102	-0.42955940961838	73.000000000000	0.0000000000000
2.3840000629425	-0.55948930978775	-0.42315119504929	73.000000000000	0.0000000000000
2.3880000114441	-0.55795854330063	-0.41677182912827	73.000000000000	0.0000000000000
2.3919999599457	-0.55627489089966	-0.41042506694794	73.000000000000	0.0000000000000
2.3959999084473	-0.55443811416626	-0.40411505103111	73.000000000000	0.0000000000000
2.4000000953674	-0.55244863033295	-0.39784547686577	73.000000000000	0.0000000000000
2.4040000438690	-0.55030608177185	-0.39162063598633	73.000000000000	0.0000000000000
2.4079999923706	-0.54801082611084	-0.38544437289238	73.000000000000	0.0000000000000
2.4119999408722	-0.54556304216385	-0.37932056188583	73.000000000000	0.0000000000000
2.4159998893738	-0.54296308755875	-0.37325352430344	73.000000000000	0.0000000000000
2.4200000762939	-0.54021120071411	-0.36724743247032	73.000000000000	0.0000000000000
2.4240000247955	-0.53730791807175	-0.36130645871162	73.000000000000	0.0000000000000
2.4279999732971	-0.53425347805023	-0.35543501377106	73.000000000000	0.0000000000000
2.4319999217987	-0.53104871511459	-0.34963741898537	73.000000000000	0.0000000000000
2.4360001087189	-0.52769440412521	-0.34391799569130	73.000000000000	0.0000000000000
2.4400000572205	-0.52419090270996	-0.33828157186508	73.000000000000	0.0000000000000
2.4440000057220	-0.52053952217102	-0.33273243904114	73.000000000000	0.0000000000000
2.4479999542236	-0.51674127578735	-0.32727548480034	73.000000000000	0.0000000000000
2.4519999027252	-0.51279729604721	-0.32191550731659	73.000000000000	0.0000000000000
2.4560000896454	-0.50870889425278	-0.31665727496147	73.000000000000	0.0000000000000
2.4600000381470	-0.50447779893875	-0.31150573492050	73.000000000000	0.0000000000000
2.4639999866486	-0.50010550022125	-0.30646607279778	73.000000000000	0.0000000000000
2.4679999351501	-0.49559396505356	-0.30154329538345	73.000000000000	0.0000000000000
2.4719998836517	-0.49094560742378	-0.29674240946770	73.000000000000	0.0000000000000
2.4760000705719	-0.48616248369217	-0.29206877946854	73.000000000000	0.0000000000000
2.4800000190735	-0.48124724626541	-0.28752750158310	73.000000000000	0.0000000000000
2.4839999675751	-0.47620284557343	-0.28312408924103	73.000000000000	0.0000000000000
2.4879999160767	-0.47103238105774	-0.27886360883713	73.000000000000	0.0000000000000
2.4920001029968	-0.46573913097382	-0.27475139498711	73.000000000000	0.0000000000000
2.4960000514984	-0.46032696962357	-0.27079293131828	73.000000000000	0.0000000000000
2.5000000000000	-0.45479971170425	-0.26699313521385	73.000000000000	0.0000000000000
2.5039999485016	-0.44916188716888	-0.26335734128952	73.000000000000	0.0000000000000
2.5079998970032	-0.44341784715652	-0.25989058613777	73.000000000000	0.0000000000000
2.5120000839233	-0.43757271766663	-0.25659784674644	73.000000000000	0.0000000000000
2.5160000324249	-0.43163144588470	-0.25348421931267	73.000000000000	0.0000000000000
2.5199999809265	-0.42559996247292	-0.25055426359177	73.000000000000	0.0000000000000
2.5239999294281	-0.41948392987251	-0.24781261384487	73.000000000000	0.0000000000000
2.5280001163483	-0.41328951716423	-0.24526365101337	73.000000000000	0.0000000000000
2.5320000648499	-0.40702334046364	-0.24291133880615	73.000000000000	0.0000000000000
2.5360000133514	-0.40069225430489	-0.24075984954834	73.000000000000	0.0000000000000
2.5399999618530	-0.39430326223373	-0.23881272971630	73.000000000000	0.0000000000000
2.5439999103546	-0.38786381483078	-0.23707327246666	73.000000000000	0.0000000000000
2.5480000972748	-0.38138157129288	-0.23554459214211	73.000000000000	0.0000000000000
2.5520000457764	-0.37486445903778	-0.23422926664352	73.000000000000	0.0000000000000
2.5559999942780	-0.36832064390182	-0.23312970995903	73.000000000000	0.0000000000000
2.5599999427795	-0.36175858974457	-0.23224771022797	73.000000000000	0.0000000000000
2.5639998912811	-0.35518679022789	-0.23158489167690	73.000000000000	0.0000000000000
2.5680000782013	-0.34861391782761	-0.23114240169525	73.000000000000	0.0000000000000
2.5720000267029	-0.34204915165901	-0.23092062771320	73.000000000000	0.0000000000000
2.5759999752045	-0.33550128340721	-0.23091994225979	73.000000000000	0.0000000000000
2.5799999237061	-0.32897943258286	-0.23114000260830	73.000000000000	0.0000000000000
2.5840001106262	-0.32249274849892	-0.23157997429371	73.000000000000	0.0000000000000
2.5880000591278	-0.31605058908463	-0.23223857581615	73.000000000000	0.0000000000000
2.5920000076294	-0.30966192483902	-0.23311395943165	73.000000000000	0.0000000000000
2.5959999561310	-0.30333599448204	-0.23420396447182	73.000000000000	0.0000000000000
2.5999999046326	-0.29708191752434	-0.23550561070442	73.000000000000	0.0000000000000
2.6040000915527	-0.29090857505798	-0.23701556026936	73.000000000000	0.0000000000000
2.6080000400543	-0.28482463955879	-0.23873008787632	73.000000000000	0.0000000000000
2.6119999885559	-0.27883902192116	-0.24064470827579	73.000000000000	0.0000000000000
2.6159999370575	-0.27295988798141	-0.24275466799736	73.000000000000	0.0000000000000
2.6199998855591	-0.26719546318054	-0.24505461752415	73.000000000000	0.0000000000000
2.6240000724792	-0.26155361533165	-0.24753874540329	73.000000000000	0.0000000000000
2.6280000209808	-0.25604179501534	-0.25020086765289	73.000000000000	0.0000000000000
2.6319999694824	-0.25066736340523	-0.25303426384926	73.000000000000	0.0000000000000
2.6359999179840	-0.24543699622154	-0.25603193044662	73.000000000000	0.0000000000000
2.6400001049042	-0.24035719037056	-0.25918629765511	73.000000000000	0.0000000000000
2.6440000534058	-0.23543366789818	-0.26248967647552	73.000000000000	0.0000000000000
2.6480000019073	-0.23067221045494	-0.26593390107155	73.000000000000	0.0000000000000
2.6519999504089	-0.22607757151127	-0.26951059699059	73.000000000000	0.0000000000000
2.6559998989105	-0.22165451943874	-0.27321091294289	73.000000000000	0.0000000000000
2.6600000858307	-0.21740674972534	-0.27702617645264	73.000000000000	0.0000000000000
2.6640000343323	-0.21333785355091	-0.28094714879990	73.000000000000	0.0000000000000
2.6679999828339	-0.20945067703724	-0.28496459126472	73.000000000000	0.0000000000000
2.6719999313354	-0.20574752986431	-0.28906929492950	73.000000000000	0.0000000000000
2.6760001182556	-0.20223027467728	-0.29325163364410	73.000000000000	0.0000000000000
2.6800000667572	-0.19889989495277	-0.29750233888626	73.000000000000	0.0000000000000
2.6840000152588	-0.19575713574886	-0.30181187391281	73.000000000000	0.0000000000000
2.6879999637604	-0.19280199706554	-0.30617097020149	73.000000000000	0.0000000000000
2.6919999122620	-0.19003403186798	-0.31057015061378	73.000000000000	0.0000000000000
2.6960000991821	-0.18745207786560	-0.31500041484833	73.000000000000	0.0000000000000
2.7000000476837	-0.18505457043648	-0.31945270299911	73.000000000000	0.0000000000000
2.7039999961853	-0.18283934891224	-0.32391819357872	73.000000000000	0.0000000000000
2.7079999446869	-0.18080393970013	-0.32838836312294	73.000000000000	0.0000000000000
2.7119998931885	-0.17894500494003	-0.33285492658615	73.000000000000	0.0000000000000
2.7160000801086	-0.17725920677185	-0.33730986714363	73.000000000000	0.0000000000000
2.7200000286102	-0.17574244737625	-0.34174549579620	73.000000000000	0.0000000000000
2.7239999771118	-0.17439019680023	-0.34615477919579	73.000000000000	0.0000000000000
2.7279999256134	-0.17319779098034	-0.35053059458733	73.000000000000	0.0000000000000
2.7320001125336	-0.17216016352177	-0.35486656427383	73.000000000000	0.0000000000000
2.7360000610352	-0.17127163708210	-0.35915669798851	73.000000000000	0.0000000000000
2.7400000095367	-0.17052680253983	-0.36339530348778	73.000000000000	0.0000000000000
2.7439999580383	-0.16991966962814	-0.36757737398148	73.000000000000	0.0000000000000
2.7479999065399	-0.16944393515587	-0.37169823050499	73.000000000000	0.0000000000000
2.7520000934601	-0.16909341514111	-0.37575367093086	73.000000000000	0.0000000000000
2.7560000419617	-0.16886159777641	-0.37974017858505	73.000000000000	0.0000000000000
2.7599999904633	-0.16874217987061	-0.38365444540977	73.000000000000	0.0000000000000
2.7639999389648	-0.16872836649418	-0.38749384880066	73.000000000000	0.0000000000000
2.7679998874664	-0.16881394386292	-0.39125609397888	73.000000000000	0.0000000000000
2.7720000743866	-0.16899201273918	-0.39493972063065	73.000000000000	0.0000000000000
2.7760000228882	-0.16925634443760	-0.39854323863983	73.000000000000	0.0000000000000
2.7799999713898	-0.16960060596466	-0.40206599235535	73.000000000000	0.0000000000000
2.7839999198914	-0.17001853883266	-0.40550759434700	73.000000000000	0.0000000000000
2.7880001068115	-0.17050418257713	-0.40886807441711	73.000000000000	0.0000000000000
2.7920000553131	-0.17105145752430	-0.41214799880981	73.000000000000	0.0000000000000
2.7960000038147	-0.17165499925613	-0.41534814238548	73.000000000000	0.0000000000000
2.7999999523163	-0.17230907082558	-0.41846978664398	73.000000000000	0.0000000000000
2.8039999008179	-0.17300932109356	-0.42151424288750	73.000000000000	0.0000000000000
2.8080000877380	-0.17375005781651	-0.42448359727859	73.000000000000	0.0000000000000
2.8120000362396	-0.17452734708786	-0.42737978696823	73.000000000000	0.0000000000000
2.8159999847412	-0.17533700168133	-0.43020504713058	73.000000000000	0.0000000000000
2.8199999332428	-0.17617495357990	-0.43296200037003	73.000000000000	0.0000000000000
2.8239998817444	-0.17703789472580	-0.43565326929092	73.000000000000	0.0000000000000
2.8280000686646	-0.17792268097401	-0.43828168511391	73.000000000000	0.0000000000000
2.8320000171661	-0.17882631719112	-0.44085019826889	73.000000000000	0.0000000000000
2.8359999656677	-0.17974683642387	-0.44336166977882	73.000000000000	0.0000000000000
2.8399999141693	-0.18068176507950	-0.44581913948059	73.000000000000	0.0000000000000
2.8440001010895	-0.18162968754768	-0.44822558760643	73.000000000000	0.0000000000000
2.8480000495911	-0.18258890509605	-0.45058411359787	73.000000000000	0.0000000000000
2.8519999980927	-0.18355874717236	-0.45289745926857	73.000000000000	0.0000000000000
2.8559999465942	-0.18453809618950	-0.45516851544380	73.000000000000	0.0000000000000
2.8599998950958	-0.18552665412426	-0.45740014314651	73.000000000000	0.0000000000000
2.8640000820160	-0.18652448058128	-0.45959460735321	73.000000000000	0.0000000000000
2.8680000305176	-0.18753115832806	-0.46175464987755	73.000000000000	0.0000000000000
2.8719999790192	-0.18854755163193	-0.46388223767281	73.000000000000	0.0000000000000
2.8759999275208	-0.18957376480103	-0.46597957611084	73.000000000000	0.0000000000000
2.8800001144409	-0.19061078131199	-0.46804842352867	73.000000000000	0.0000000000000
2.8840000629425	-0.19165949523449	-0.47009015083313	73.000000000000	0.0000000000000
2.8880000114441	-0.19272054731846	-0.47210654616356	73.000000000000	0.0000000000000
2.8919999599457	-0.19379532337189	-0.47409838438034	73.000000000000	0.0000000000000
2.8959999084473	-0.19488520920277	-0.47606649994850	73.000000000000	0.0000000000000
2.9000000953674	-0.19599106907845	-0.47801163792610	73.000000000000	0.0000000000000
2.9040000438690	-0.19711430370808	-0.47993403673172	73.000000000000	0.0000000000000
2.9079999923706	-0.19825607538223	-0.48183378577232	73.000000000000	0.0000000000000
2.9119999408722	-0.19941768050194	-0.48371079564095	73.000000000000	0.0000000000000
2.9159998893738	-0.20060007274151	-0.48556467890739	73.000000000000	0.0000000000000
2.9200000762939	-0.20180460810661	-0.48739466071129	73.000000000000	0.0000000000000
2.9240000247955	-0.20303212106228	-0.48919999599457	73.000000000000	0.0000000000000
2.9279999732971	-0.20428311824799	-0.49097982048988	73.000000000000	0.0000000000000
2.9319999217987	-0.20555864274502	-0.49273267388344	73.000000000000	0.0000000000000
2.9360001087189	-0.20685912668705	-0.49445730447769	73.000000000000	0.0000000000000
2.9400000572205	-0.20818479359150	-0.49615225195885	73.000000000000	0.0000000000000
2.9440000057220	-0.20953534543514	-0.49781602621078	73.000000000000	0.0000000000000
2.9479999542236	-0.21091137826443	-0.49944654107094	73.000000000000	0.0000000000000
2.9519999027252	-0.21231223642826	-0.50104230642319	73.000000000000	0.0000000000000
2.9560000896454	-0.21373715996742	-0.50260144472122	73.000000000000	0.0000000000000
2.9600000381470	-0.21518538892269	-0.50412219762802	73.000000000000	0.0000000000000
2.9639999866486	-0.21665604412556	-0.50560265779495	73.000000000000	0.0000000000000
2.9679999351501	-0.21814775466919	-0.50704097747803	73.000000000000	0.0000000000000
2.9719998836517	-0.21965911984444	-0.50843548774719	73.000000000000	0.0000000000000
2.9760000705719	-0.22118842601776	-0.50978451967239	73.000000000000	0.0000000000000
2.9800000190735	-0.22273348271847	-0.51108664274216	73.000000000000	0.0000000000000
2.9839999675751	-0.22429224848747	-0.51234042644501	73.000000000000	0.0000000000000
2.9879999160767	-0.22586224973202	-0.51354467868805	73.000000000000	0.0000000000000
2.9920001029968	-0.22744147479534	-0.51469802856445	73.000000000000	0.0000000000000
2.9960000514984	-0.22902670502663	-0.51579993963242	73.000000000000	0.0000000000000
3.0000000000000	-0.23061516880989	-0.51684969663620	73.000000000000	0.0000000000000
3.0039999485016	-0.23220418393612	-0.51784670352936	73.000000000000	0.0000000000000
3.0079998970032	-0.23379084467888	-0.51879090070724	73.000000000000	0.0000000000000
3.0120000839233	-0.23537150025368	-0.51968234777451	73.000000000000	0.0000000000000
3.0160000324249	-0.23694331943989	-0.52052140235901	73.000000000000	0.0000000000000
3.0199999809265	-0.23850327730179	-0.52130842208862	73.000000000000	0.0000000000000
3.0239999294281	-0.24004770815372	-0.52204465866089	73.000000000000	0.0000000000000
3.0280001163483	-0.24157398939133	-0.52273088693619	73.000000000000	0.0000000000000
3.0320000648499	-0.24307879805565	-0.52336865663528	73.000000000000	0.0000000000000
3.0360000133514	-0.24455924332142	-0.52395963668823	73.000000000000	0.0000000000000
3.0399999618530	-0.24601222574711	-0.52450567483902	73.000000000000	0.0000000000000
3.0439999103546	-0.24743524193764	-0.52500891685486	73.000000000000	0.0000000000000
3.0480000972748	-0.24882519245148	-0.52547204494476	73.000000000000	0.0000000000000
3.0520000457764	-0.25018030405045	-0.52589726448059	73.000000000000	0.0000000000000
3.0559999942780	-0.25149768590927	-0.52628779411316	73.000000000000	0.0000000000000
3.0599999427795	-0.25277584791183	-0.52664643526077	73.000000000000	0.0000000000000
3.0639998912811	-0.25401264429092	-0.52697658538818	73.000000000000	0.0000000000000
3.0680000782013	-0.25520646572113	-0.52728152275085	73.000000000000	0.0000000000000
3.0720000267029	-0.25635647773743	-0.52756464481354	73.000000000000	0.0000000000000
3.0759999752045	-0.25746157765388	-0.52782952785492	73.000000000000	0.0000000000000
3.0799999237061	-0.25852057337761	-0.52808016538620	73.000000000000	0.0000000000000
3.0840001106262	-0.25953385233879	-0.52831983566284	73.000000000000	0.0000000000000
3.0880000591278	-0.26050034165382	-0.52855265140533	73.000000000000	0.0000000000000
3.0920000076294	-0.26142123341560	-0.52878206968307	73.000000000000	0.0000000000000
3.0959999561310	-0.26229625940323	-0.52901208400726	73.000000000000	0.0000000000000
3.0999999046326	-0.26312667131424	-0.52924609184265	73.000000000000	0.0000000000000
3.1040000915527	-0.26391327381134	-0.52948796749115	73.000000000000	0.0000000000000
3.1080000400543	-0.26465746760368	-0.52974104881287	73.000000000000	0.0000000000000
3.1119999885559	-0.26536113023758	-0.53000861406326	73.000000000000	0.0000000000000
3.1159999370575	-0.26602599024773	-0.53029394149780	73.000000000000	0.0000000000000
3.1199998855591	-0.26665413379669	-0.53060013055801	73.000000000000	0.0000000000000
3.1240000724792	-0.26724830269814	-0.53092968463898	73.000000000000	0.0000000000000
3.1280000209808	-0.26781052350998	-0.53128564357758	73.000000000000	0.0000000000000
3.1319999694824	-0.26834395527840	-0.53167003393173	73.000000000000	0.0000000000000
3.1359999179840	-0.26885151863098	-0.53208518028259	73.000000000000	0.0000000000000
3.1400001049042	-0.26933625340462	-0.53253275156021	73.000000000000	0.0000000000000
3.1440000534058	-0.26980137825012	-0.53301441669464	73.000000000000	0.0000000000000
3.1480000019073	-0.27025008201599	-0.53353142738342	73.000000000000	0.0000000000000
3.1519999504089	-0.27068620920181	-0.53408473730087	73.000000000000	0.0000000000000
3.1559998989105	-0.27111262083054	-0.53467506170273	73.000000000000	0.0000000000000
3.1600000858307	-0.27153301239014	-0.53530287742615	73.000000000000	0.0000000000000
3.1640000343323	-0.27195081114769	-0.53596812486649	73.000000000000	0.0000000000000
3.1679999828339	-0.27236938476562	-0.53667068481445	73.000000000000	0.0000000000000
3.1719999313354	-0.27279174327850	-0.53741019964218	73.000000000000	0.0000000000000
3.1760001182556	-0.27322179079056	-0.53818547725677	73.000000000000	0.0000000000000
3.1800000667572	-0.27366206049919	-0.53899604082108	73.000000000000	0.0000000000000
3.1840000152588	-0.27411565184593	-0.53984028100967	73.000000000000	0.0000000000000
3.1879999637604	-0.27458536624908	-0.54071682691574	73.000000000000	0.0000000000000
3.1919999122620	-0.27507388591766	-0.54162383079529	73.000000000000	0.0000000000000
3.1960000991821	-0.27558356523514	-0.54255944490433	73.000000000000	0.0000000000000
3.2000000476837	-0.27611675858498	-0.54352128505707	73.000000000000	0.0000000000000
3.2039999961853	-0.27667498588562	-0.54450756311417	73.000000000000	0.0000000000000
3.2079999446869	-0.27726069092751	-0.54551529884338	73.000000000000	0.0000000000000
3.2119998931885	-0.27787485718727	-0.54654234647751	73.000000000000	0.0000000000000
3.2160000801086	-0.27851855754852	-0.54758608341217	73.000000000000	0.0000000000000
3.2200000286102	-0.27919313311577	-0.54864364862442	73.000000000000	0.0000000000000
3.2239999771118	-0.27989932894707	-0.54971235990524	73.000000000000	0.0000000000000
3.2279999256134	-0.28063705563545	-0.55078965425491	73.000000000000	0.0000000000000
3.2320001125336	-0.28140673041344	-0.55187273025513	73.000000000000	0.0000000000000
3.2360000610352	-0.28220820426941	-0.55295902490616	73.000000000000	0.0000000000000
3.2400000095367	-0.28304103016853	-0.55404591560364	73.000000000000	0.0000000000000
3.2439999580383	-0.28390449285507	-0.55513095855713	73.000000000000	0.0000000000000
3.2479999065399	-0.28479799628258	-0.55621188879013	73.000000000000	0.0000000000000
3.2520000934601	-0.28572046756744	-0.55728614330292	73.000000000000	0.0000000000000
3.2560000419617	-0.28667026758194	-0.55835217237473	73.000000000000	0.0000000000000
3.2599999904633	-0.28764590620995	-0.55940794944763	73.000000000000	0.0000000000000
3.2639999389648	-0.28864651918411	-0.56045132875443	73.000000000000	0.0000000000000
3.2679998874664	-0.28966921567917	-0.56148165464401	73.000000000000	0.0000000000000
3.2720000743866	-0.29071313142776	-0.56249696016312	73.000000000000	0.0000000000000
3.2760000228882	-0.29177576303482	-0.56349658966064	73.000000000000	0.0000000000000
3.2799999713898	-0.29285481572151	-0.56447988748550	73.000000000000	0.0000000000000
3.2839999198914	-0.29394868016243	-0.56544607877731	73.000000000000	0.0000000000000
3.2880001068115	-0.29505497217178	-0.56639504432678	73.000000000000	0.0000000000000
3.2920000553131	-0.29617172479630	-0.56732666492462	73.000000000000	0.0000000000000
3.2960000038147	-0.29729670286179	-0.56824129819870	73.000000000000	0.0000000000000
3.2999999523163	-0.29842808842659	-0.56913930177689	73.000000000000	0.0000000000000
3.3039999008179	-0.29956361651421	-0.57002145051956	73.000000000000	0.0000000000000
3.3080000877380	-0.30070164799690	-0.57088863849640	73.000000000000	0.0000000000000
3.3120000362396	-0.30184042453766	-0.57174211740494	73.000000000000	0.0000000000000
3.3159999847412	-0.30297842621803	-0.57258301973343	73.000000000000	0.0000000000000
3.3199999332428	-0.30411443114281	-0.57341307401657	73.000000000000	0.0000000000000
3.3239998817444	-0.30524742603302	-0.57423365116119	73.000000000000	0.0000000000000
3.3280000686646	-0.30637544393539	-0.57504707574844	73.000000000000	0.0000000000000
3.3320000171661	-0.30749884247780	-0.57585477828979	73.000000000000	0.0000000000000
3.3359999656677	-0.30861639976501	-0.57665914297104	73.000000000000	0.0000000000000
3.3399999141693	-0.30972832441330	-0.57746207714081	73.000000000000	0.0000000000000
3.3440001010895	-0.31083407998085	-0.57826590538025	73.000000000000	0.0000000000000
3.3480000495911	-0.31193432211876	-0.57907265424728	73.000000000000	0.0000000000000
3.3519999980927	-0.31302919983864	-0.57988476753235	73.000000000000	0.0000000000000
3.3559999465942	-0.31411942839622	-0.58070421218872	73.000000000000	0.0000000000000
3.3599998950958	-0.31520637869835	-0.58153289556503	73.000000000000	0.0000000000000
3.3640000820160	-0.31629112362862	-0.58237302303314	73.000000000000	0.0000000000000
3.3680000305176	-0.31737506389618	-0.58322644233704	73.000000000000	0.0000000000000
3.3719999790192	-0.31845983862877	-0.58409494161606	73.000000000000	0.0000000000000
3.3759999275208	-0.31954738497734	-0.58498013019562	73.000000000000	0.0000000000000
3.3800001144409	-0.32064023613930	-0.58588325977325	73.000000000000	0.0000000000000
3.3840000629425	-0.32174018025398	-0.58680576086044	73.000000000000	0.0000000000000
3.3880000114441	-0.32284998893738	-0.58774846792221	73.000000000000	0.0000000000000
3.3919999599457	-0.32397198677063	-0.58871215581894	73.000000000000	0.0000000000000
3.3959999084473	-0.32510936260223	-0.58969742059708	73.000000000000	0.0000000000000
3.4000000953674	-0.32626453042030	-0.59070438146591	73.000000000000	0.0000000000000
3.4040000438690	-0.32744053006172	-0.59173297882080	73.000000000000	0.0000000000000
3.4079999923706	-0.32864028215408	-0.59278291463852	73.000000000000	0.0000000000000
3.4119999408722	-0.32986685633659	-0.59385377168655	73.000000000000	0.0000000000000
3.4159998893738	-0.33112299442291	-0.59494429826736	73.000000000000	0.0000000000000
3.4200000762939	-0.33241179585457	-0.59605348110199	73.000000000000	0.0000000000000
3.4240000247955	-0.33373612165451	-0.59717977046967	73.000000000000	0.0000000000000
3.4279999732971	-0.33509829640388	-0.59832155704498	73.000000000000	0.0000000000000
3.4319999217987	-0.33650112152100	-0.59947645664215	73.000000000000	0.0000000000000
3.4360001087189	-0.33794736862183	-0.60064244270325	73.000000000000	0.0000000000000
3.4400000572205	-0.33943906426430	-0.60181689262390	73.000000000000	0.0000000000000
3.4440000057220	-0.34097802639008	-0.60299694538116	73.000000000000	0.0000000000000
3.4479999542236	-0.34256640076637	-0.60417968034744	73.000000000000	0.0000000000000
3.4519999027252	-0.34420552849770	-0.60536175966263	73.000000000000	0.0000000000000
3.4560000896454	-0.34589689970016	-0.60654002428055	73.000000000000	0.0000000000000
3.4600000381470	-0.34764146804810	-0.60771083831787	73.000000000000	0.0000000000000
3.4639999866486	-0.34944021701813	-0.60887050628662	73.000000000000	0.0000000000000
3.4679999351501	-0.35129347443581	-0.61001539230347	73.000000000000	0.0000000000000
3.4719998836517	-0.35320091247559	-0.61114162206650	73.000000000000	0.0000000000000
3.4760000705719	-0.35516300797462	-0.61224544048309	73.000000000000	0.0000000000000
3.4800000190735	-0.35717862844467	-0.61332303285599	73.000000000000	0.0000000000000
3.4839999675751	-0.35924726724625	-0.61437040567398	73.000000000000	0.0000000000000
3.4879999160767	-0.36136749386787	-0.61538422107697	73.000000000000	0.0000000000000
3.4920001029968	-0.36353811621666	-0.61636036634445	73.000000000000	0.0000000000000
3.4960000514984	-0.36575686931610	-0.61729550361633	73.000000000000	0.0000000000000
3.5000000000000	-0.36802202463150	-0.61818635463715	73.000000000000	0.0000000000000
3.5039999485016	-0.37033057212830	-0.61902952194214	73.000000000000	0.0000000000000
3.5079998970032	-0.37268057465553	-0.61982190608978	73.000000000000	0.0000000000000
3.5120000839233	-0.37506869435310	-0.62056100368500	73.000000000000	0.0000000000000
3.5160000324249	-0.37749165296555	-0.62124401330948	73.000000000000	0.0000000000000
3.5199999809265	-0.37994626164436	-0.62186878919601	73.000000000000	0.0000000000000
3.5239999294281	-0.38242858648300	-0.62243330478668	73.000000000000	0.0000000000000
3.5280001163483	-0.38493496179581	-0.62293606996536	73.000000000000	0.0000000000000
3.5320000648499	-0.38746184110641	-0.62337541580200	73.000000000000	0.0000000000000
3.5360000133514	-0.39000499248505	-0.62375050783157	73.000000000000	0.0000000000000
3.5399999618530	-0.39256051182747	-0.62406063079834	73.000000000000	0.0000000000000
3.5439999103546	-0.39512434601784	-0.62430542707443	73.000000000000	0.0000000000000
3.5480000972748	-0.39769187569618	-0.62448513507843	73.000000000000	0.0000000000000
3.5520000457764	-0.40025973320007	-0.62459981441498	73.000000000000	0.0000000000000
3.5559999942780	-0.40282365679741	-0.62465029954910	73.000000000000	0.0000000000000
3.5599999427795	-0.40537938475609	-0.62463772296906	73.000000000000	0.0000000000000
3.5639998912811	-0.40792372822762	-0.62456339597702	73.000000000000	0.0000000000000
3.5680000782013	-0.41045251488686	-0.62442916631699	73.000000000000	0.0000000000000
3.5720000267029	-0.41296258568764	-0.62423688173294	73.000000000000	0.0000000000000
3.5759999752045	-0.41545066237450	-0.62398880720139	73.000000000000	0.0000000000000
3.5799999237061	-0.41791358590126	-0.62368762493134	73.000000000000	0.0000000000000
3.5840001106262	-0.42034879326820	-0.62333601713181	73.000000000000	0.0000000000000
3.5880000591278	-0.42275357246399	-0.62293720245361	73.000000000000	0.0000000000000
3.5920000076294	-0.42512616515160	-0.62249422073364	73.000000000000	0.0000000000000
3.5959999561310	-0.42746427655220	-0.62201046943665	73.000000000000	0.0000000000000
3.5999999046326	-0.42976647615433	-0.62148952484131	73.000000000000	0.0000000000000
3.6040000915527	-0.43203169107437	-0.62093484401703	73.000000000000	0.0000000000000
3.6080000400543	-0.43425899744034	-0.62035012245178	73.000000000000	0.0000000000000
3.6119999885559	-0.43644806742668	-0.61973929405212	73.000000000000	0.0000000000000
3.6159999370575	-0.43859848380089	-0.61910569667816	73.000000000000	0.0000000000000
3.6199998855591	-0.44071066379547	-0.61845326423645	73.000000000000	0.0000000000000
3.6240000724792	-0.44278532266617	-0.61778539419174	73.000000000000	0.0000000000000
3.6280000209808	-0.44482314586639	-0.61710578203201	73.000000000000	0.0000000000000
3.6319999694824	-0.44682553410530	-0.61641746759415	73.000000000000	0.0000000000000
3.6359999179840	-0.44879361987114	-0.61572408676147	73.000000000000	0.0000000000000
3.6400001049042	-0.45072993636131	-0.61502826213837	73.000000000000	0.0000000000000
3.6440000534058	-0.45263612270355	-0.61433291435242	73.000000000000	0.0000000000000
3.6480000019073	-0.45451495051384	-0.61364054679871	73.000000000000	0.0000000000000
3.6519999504089	-0.45636862516403	-0.61295342445374	73.000000000000	0.0000000000000
3.6559998989105	-0.45820018649101	-0.61227363348007	73.000000000000	0.0000000000000
3.6600000858307	-0.46001294255257	-0.61160272359848	73.000000000000	0.0000000000000
3.6640000343323	-0.46180945634842	-0.61094194650650	73.000000000000	0.0000000000000
3.6679999828339	-0.46359345316887	-0.61029243469238	73.000000000000	0.0000000000000
3.6719999313354	-0.46536818146706	-0.60965466499329	73.000000000000	0.0000000000000
3.6760001182556	-0.46713706851006	-0.60902917385101	73.000000000000	0.0000000000000
3.6800000667572	-0.46890342235565	-0.60841554403305	73.000000000000	0.0000000000000
3.6840000152588	-0.47067064046860	-0.60781359672546	73.000000000000	0.0000000000000
3.6879999637604	-0.47244200110435	-0.60722255706787	73.000000000000	0.0000000000000
3.6919999122620	-0.47422081232071	-0.60664111375809	73.000000000000	0.0000000000000
3.6960000991821	-0.47601020336151	-0.60606795549393	73.000000000000	0.0000000000000
3.7000000476837	-0.47781345248222	-0.60550093650818	73.000000000000	0.0000000000000
3.7039999961853	-0.47963270545006	-0.60493844747543	73.000000000000	0.0000000000000
3.7079999446869	-0.48147100210190	-0.60437768697739	73.000000000000	0.0000000000000
3.7119998931885	-0.48333033919334	-0.60381615161896	73.000000000000	0.0000000000000
3.7160000801086	-0.48521286249161	-0.60325103998184	73.000000000000	0.0000000000000
3.7200000286102	-0.48712033033371	-0.60267883539200	73.000000000000	0.0000000000000
3.7239999771118	-0.48905417323112	-0.60209631919861	73.000000000000	0.0000000000000
3.7279999256134	-0.49101549386978	-0.60150015354156	73.000000000000	0.0000000000000
3.7320001125336	-0.49300491809845	-0.60088682174683	73.000000000000	0.0000000000000
3.7360000610352	-0.49502295255661	-0.60025215148926	73.000000000000	0.0000000000000
3.7400000095367	-0.49706950783730	-0.59959280490875	73.000000000000	0.0000000000000
3.7439999580383	-0.49914434552193	-0.59890478849411	73.000000000000	0.0000000000000
3.7479999065399	-0.50124669075012	-0.59818452596664	73.000000000000	0.0000000000000
3.7520000934601	-0.50337529182434	-0.59742790460587	73.000000000000	0.0000000000000
3.7560000419617	-0.50552898645401	-0.59663158655167	73.000000000000	0.0000000000000
3.7599999904633	-0.50770580768585	-0.59579193592072	73.000000000000	0.0000000000000
3.7639999389648	-0.50990331172943	-0.59490573406219	73.000000000000	0.0000000000000
3.7679998874664	-0.51211947202682	-0.59396952390671	73.000000000000	0.0000000000000
3.7720000743866	-0.51435124874115	-0.59298038482666	73.000000000000	0.0000000000000
3.7760000228882	-0.51659530401230	-0.59193599224091	73.000000000000	0.0000000000000
3.7799999713898	-0.51884877681732	-0.59083330631256	73.000000000000	0.0000000000000
3.7839999198914	-0.52110737562180	-0.58967065811157	73.000000000000	0.0000000000000
3.7880001068115	-0.52336812019348	-0.58844584226608	73.000000000000	0.0000000000000
3.7920000553131	-0.52562648057938	-0.58715766668320	73.000000000000	0.0000000000000
3.7960000038147	-0.52787846326828	-0.58580493927002	73.000000000000	0.0000000000000
3.7999999523163	-0.53011953830719	-0.58438694477081	73.000000000000	0.0000000000000
3.8039999008179	-0.53234606981277	-0.58290296792984	73.000000000000	0.0000000000000
3.8080000877380	-0.53455299139023	-0.58135348558426	73.000000000000	0.0000000000000
3.8120000362396	-0.53673619031906	-0.57973879575729	73.000000000000	0.0000000000000
3.8159999847412	-0.53889125585556	-0.57805931568146	73.000000000000	0.0000000000000
3.8199999332428	-0.54101437330246	-0.57631647586823	73.000000000000	0.0000000000000
3.8239998817444	-0.54310065507889	-0.57451206445694	73.000000000000	0.0000000000000
3.8280000686646	-0.54514664411545	-0.57264769077301	73.000000000000	0.0000000000000
3.8320000171661	-0.54714870452881	-0.57072532176971	73.000000000000	0.0000000000000
3.8359999656677	-0.54910254478455	-0.56874823570251	73.000000000000	0.0000000000000
3.8399999141693	-0.55100536346436	-0.56671887636185	73.000000000000	0.0000000000000
3.8440001010895	-0.55285382270813	-0.56464058160782	73.000000000000	0.0000000000000
3.8480000495911	-0.55464500188828	-0.56251668930054	73.000000000000	0.0000000000000
3.8519999980927	-0.55637657642365	-0.56035095453262	73.000000000000	0.0000000000000
3.8559999465942	-0.55804675817490	-0.55814719200134	73.000000000000	0.0000000000000
3.8599998950958	-0.55965298414230	-0.55590945482254	73.000000000000	0.0000000000000
3.8640000820160	-0.56119489669800	-0.55364179611206	73.000000000000	0.0000000000000
3.8680000305176	-0.56267064809799	-0.55134856700897	73.000000000000	0.0000000000000
3.8719999790192	-0.56407988071442	-0.54903411865234	73.000000000000	0.0000000000000
3.8759999275208	-0.56542247533798	-0.54670256376266	73.000000000000	0.0000000000000
3.8800001144409	-0.56669855117798	-0.54435831308365	73.000000000000	0.0000000000000
3.8840000629425	-0.56790864467621	-0.54200547933578	73.000000000000	0.0000000000000
3.8880000114441	-0.56905370950699	-0.53964835405350	73.000000000000	0.0000000000000
3.8919999599457	-0.57013535499573	-0.53729069232941	73.000000000000	0.0000000000000
3.8959999084473	-0.57115507125854	-0.53493648767471	73.000000000000	0.0000000000000
3.9000000953674	-0.57211494445801	-0.53258913755417	73.000000000000	0.0000000000000
3.9040000438690	-0.57301706075668	-0.53025215864182	73.000000000000	0.0000000000000
3.9079999923706	-0.57386457920074	-0.52792841196060	73.000000000000	0.0000000000000
3.9119999408722	-0.57466000318527	-0.52562093734741	73.000000000000	0.0000000000000
3.9159998893738	-0.57540673017502	-0.52333194017410	73.000000000000	0.0000000000000
3.9200000762939	-0.57610815763474	-0.52106350660324	73.000000000000	0.0000000000000
3.9240000247955	-0.57676762342453	-0.51881730556488	73.000000000000	0.0000000000000
3.9279999732971	-0.57738912105560	-0.51659482717514	73.000000000000	0.0000000000000
3.9319999217987	-0.57797580957413	-0.51439690589905	73.000000000000	0.0000000000000
3.9360001087189	-0.57853204011917	-0.51222383975983	73.000000000000	0.0000000000000
3.9400000572205	-0.57906150817871	-0.51007616519928	73.000000000000	0.0000000000000
3.9440000057220	-0.57956784963608	-0.50795316696167	73.000000000000	0.0000000000000
3.9479999542236	-0.58005470037460	-0.50585430860519	73.000000000000	0.0000000000000
3.9519999027252	-0.58052623271942	-0.50377821922302	73.000000000000	0.0000000000000
3.9560000896454	-0.58098489046097	-0.50172382593155	73.000000000000	0.0000000000000
3.9600000381470	-0.58143520355225	-0.49968856573105	73.000000000000	0.0000000000000
3.9639999866486	-0.58187890052795	-0.49767088890076	73.000000000000	0.0000000000000
3.9679999351501	-0.58231967687607	-0.49566763639450	73.000000000000	0.0000000000000
3.9719998836517	-0.58275938034058	-0.49367627501488	73.000000000000	0.0000000000000
3.9760000705719	-0.58320063352585	-0.49169337749481	73.000000000000	0.0000000000000
3.9800000190735	-0.58364480733871	-0.48971554636955	73.000000000000	0.0000000000000
3.9839999675751	-0.58409363031387	-0.48773914575577	73.000000000000	0.0000000000000
3.9879999160767	-0.58454769849777	-0.48576039075851	73.000000000000	0.0000000000000
3.9920001029968	-0.58500778675079	-0.48377537727356	73.000000000000	0.0000000000000
3.9960000514984	-0.58547395467758	-0.48177990317345	73.000000000000	0.0000000000000
4.0000000000000	-0.58594572544098	-0.47976982593536	73.000000000000	0.0000000000000
