#Parameters = {D=8; L=80; d_a=10; e_m=9; e_s=30; gap=1.5; m_x=30; m_y=40; m_z=100; mu_m=1; mu_s=1; s_d=2}
#"Frequency / GHz"	"S2,1 [Re]"	"S2,1 [Im]"
#-----------------------------------------
0.0000000000000	0.0022432196419686	-0.0000000000000
0.0040000001899898	0.0022244465071708	-0.0012041338486597
0.0080000003799796	0.0021681843791157	-0.0024065410252661
0.012000000104308	0.0020746020600200	-0.0036055040545762
0.016000000759959	0.0019439804600552	-0.0047993212938309
0.019999999552965	0.0017767149256542	-0.0059863165952265
0.024000000208616	0.0015732989413664	-0.0071648475714028
0.028000000864267	0.0013343433383852	-0.0083333123475313
0.032000001519918	0.0010605477727950	-0.0094901593402028
0.035999998450279	0.00075272319372743	-0.010633892379701
0.039999999105930	0.00041175799560733	-0.011763077229261
0.043999999761581	3.8640591810690e-05	-0.012876350432634
0.048000000417233	-0.00036556331906468	-0.013972424902022
0.052000001072884	-0.00079971714876592	-0.015050097368658
0.056000001728535	-0.0012626129901037	-0.016108246520162
0.059999998658895	-0.0017529772594571	-0.017145844176412
0.064000003039837	-0.0022694831714034	-0.018161961808801
0.068000003695488	-0.0028107606340200	-0.019155761227012
0.071999996900558	-0.0033754010219127	-0.020126515999436
0.075999997556210	-0.0039619500748813	-0.021073596552014
0.079999998211861	-0.0045689572580159	-0.021996475756168
0.083999998867512	-0.0051949336193502	-0.022894743829966
0.087999999523163	-0.0058383890427649	-0.023768084123731
0.092000000178814	-0.0064978548325598	-0.024616297334433
0.096000000834465	-0.0071718422695994	-0.025439282879233
0.10000000149012	-0.0078589012846351	-0.026237038895488
0.10400000214577	-0.0085575897246599	-0.027009673416615
0.10800000280142	-0.0092665078118443	-0.027757387608290
0.11200000345707	-0.0099843181669712	-0.028480470180511
0.11599999666214	-0.010709697380662	-0.029179308563471
0.11999999731779	-0.011441376991570	-0.029854374006391
0.12399999797344	-0.012178165838122	-0.030506204813719
0.12800000607967	-0.012918937951326	-0.031135438010097
0.13199999928474	-0.013662624172866	-0.031742747873068
0.13600000739098	-0.014408228918910	-0.032328892499208
0.14000000059605	-0.015154859982431	-0.032894674688578
0.14399999380112	-0.015901658684015	-0.033440954983234
0.14800000190735	-0.016647925600410	-0.033968620002270
0.15199999511242	-0.017392966896296	-0.034478597342968
0.15600000321865	-0.018136229366064	-0.034971836954355
0.15999999642372	-0.018877224996686	-0.035449296236038
0.16400000452995	-0.019615588709712	-0.035911966115236
0.16799999773502	-0.020350992679596	-0.036360822618008
0.17200000584126	-0.021083224564791	-0.036796830594540
0.17599999904633	-0.021812161430717	-0.037220962345600
0.18000000715256	-0.022537747398019	-0.037634152919054
0.18400000035763	-0.023260027170181	-0.038037311285734
0.18799999356270	-0.023979099467397	-0.038431316614151
0.19200000166893	-0.024695167317986	-0.038817018270493
0.19599999487400	-0.025408450514078	-0.039195198565722
0.20000000298023	-0.026119263842702	-0.039566610008478
0.20399999618530	-0.026827970519662	-0.039931926876307
0.20800000429153	-0.027535000815988	-0.040291793644428
0.21199999749660	-0.028240820392966	-0.040646750479937
0.21600000560284	-0.028945894911885	-0.040997307747602
0.21999999880791	-0.029650755226612	-0.041343886405230
0.22400000691414	-0.030355961993337	-0.041686851531267
0.22800000011921	-0.031062055379152	-0.042026467621326
0.23199999332428	-0.031769633293152	-0.042362958192825
0.23600000143051	-0.032479237765074	-0.042696457356215
0.23999999463558	-0.033191442489624	-0.043027028441429
0.24400000274181	-0.033906772732735	-0.043354671448469
0.24799999594688	-0.034625757485628	-0.043679304420948
0.25200000405312	-0.035348918288946	-0.044000800698996
0.25600001215935	-0.036076664924622	-0.044318955391645
0.25999999046326	-0.036809451878071	-0.044633511453867
0.26399999856949	-0.037547592073679	-0.044944185763597
0.26800000667572	-0.038291424512863	-0.045250609517097
0.27200001478195	-0.039041228592396	-0.045552384108305
0.27599999308586	-0.039797134697437	-0.045849103480577
0.28000000119209	-0.040559284389019	-0.046140298247337
0.28400000929832	-0.041327729821205	-0.046425517648458
0.28799998760223	-0.042102433741093	-0.046704281121492
0.29199999570847	-0.042883284389973	-0.046976104378700
0.29600000381470	-0.043670110404491	-0.047240506857634
0.30000001192093	-0.044462647289038	-0.047497034072876
0.30399999022484	-0.045260574668646	-0.047745242714882
0.30799999833107	-0.046063467860222	-0.047984737902880
0.31200000643730	-0.046870850026608	-0.048215139657259
0.31600001454353	-0.047682128846645	-0.048436164855957
0.31999999284744	-0.048496730625629	-0.048647534102201
0.32400000095367	-0.049313917756081	-0.048849090933800
0.32800000905991	-0.050133027136326	-0.049040671437979
0.33199998736382	-0.050953183323145	-0.049222286790609
0.33599999547005	-0.051773555576801	-0.049394018948078
0.34000000357628	-0.052593320608139	-0.049555972218513
0.34400001168251	-0.053411558270454	-0.049708429723978
0.34799998998642	-0.054227311164141	-0.049851786345243
0.35199999809265	-0.055039688944817	-0.049986481666565
0.35600000619888	-0.055847749114037	-0.050113145262003
0.36000001430511	-0.056650582700968	-0.050232492387295
0.36399999260902	-0.057447280734777	-0.050345372408628
0.36800000071526	-0.058236993849277	-0.050452776253223
0.37200000882149	-0.059018939733505	-0.050555747002363
0.37599998712540	-0.059792328625917	-0.050655558705330
0.37999999523163	-0.060556482523680	-0.050753537565470
0.38400000333786	-0.061310842633247	-0.050851143896580
0.38800001144409	-0.062054924666882	-0.050949953496456
0.39199998974800	-0.062788277864456	-0.051051687449217
0.39599999785423	-0.063510701060295	-0.051158145070076
0.40000000596046	-0.064222052693367	-0.051271192729473
0.40400001406670	-0.064922317862511	-0.051392879337072
0.40799999237061	-0.065611705183983	-0.051525246351957
0.41200000047684	-0.066290564835072	-0.051670454442501
0.41600000858307	-0.066959403455257	-0.051830742508173
0.41999998688698	-0.067618943750858	-0.052008345723152
0.42399999499321	-0.068270079791546	-0.052205558866262
0.42800000309944	-0.068913958966732	-0.052424743771553
0.43200001120567	-0.069551900029182	-0.052668202668428
0.43599998950958	-0.070185445249081	-0.052938256412745
0.43999999761581	-0.070816360414028	-0.053237222135067
0.44400000572205	-0.071446679532528	-0.053567364811897
0.44800001382828	-0.072078615427017	-0.053930852562189
0.45199999213219	-0.072714619338512	-0.054329842329025
0.45600000023842	-0.073357440531254	-0.054766338318586
0.46000000834465	-0.074009947478771	-0.055242270231247
0.46399998664856	-0.074675351381302	-0.055759400129318
0.46799999475479	-0.075356990098953	-0.056319359689951
0.47200000286102	-0.076058506965637	-0.056923620402813
0.47600001096725	-0.076783701777458	-0.057573445141315
0.47999998927116	-0.077536590397358	-0.058269865810871
0.48399999737740	-0.078321434557438	-0.059013701975346
0.48800000548363	-0.079142592847347	-0.059805564582348
0.49200001358986	-0.080004617571831	-0.060645740479231
0.49599999189377	-0.080912254750729	-0.061534266918898
0.50000000000000	-0.081870406866074	-0.062470868229866
0.50400000810623	-0.082883991301060	-0.063454948365688
0.50800001621246	-0.083958178758621	-0.064485609531403
0.51200002431870	-0.085098117589951	-0.065561592578888
0.51599997282028	-0.086309023201466	-0.066681288182735
0.51999998092651	-0.087596200406551	-0.067842699587345
0.52399998903275	-0.088964991271496	-0.069043494760990
0.52799999713898	-0.090420626103878	-0.070280946791172
0.53200000524521	-0.091968439519405	-0.071551851928234
0.53600001335144	-0.093613594770432	-0.072852768003941
0.54000002145767	-0.095361255109310	-0.074179701507092
0.54400002956390	-0.097216442227364	-0.075528368353844
0.54799997806549	-0.099184066057205	-0.076893977820873
0.55199998617172	-0.10126879066229	-0.078271411359310
0.55599999427795	-0.10347512364388	-0.079655207693577
0.56000000238419	-0.10580743104219	-0.081039339303970
0.56400001049042	-0.10826974362135	-0.082417562603951
0.56800001859665	-0.11086587607861	-0.083783164620399
0.57200002670288	-0.11359918862581	-0.085129126906395
0.57599997520447	-0.11647287011147	-0.086448006331921
0.57999998331070	-0.11948975175619	-0.087732106447220
0.58399999141693	-0.12265215069056	-0.088973358273506
0.58799999952316	-0.12596203386784	-0.090163469314575
0.59200000762939	-0.12942093610764	-0.091293752193451
0.59600001573563	-0.13303001224995	-0.092355288565159
0.60000002384186	-0.13678976893425	-0.093339085578918
0.60399997234344	-0.14070032536983	-0.094235762953758
0.60799998044968	-0.14476127922535	-0.095035821199417
0.61199998855591	-0.14897161722183	-0.095729678869247
0.61599999666214	-0.15332980453968	-0.096307523548603
0.62000000476837	-0.15783372521400	-0.096759594976902
0.62400001287460	-0.16248075664043	-0.097075968980789
0.62800002098083	-0.16726760566235	-0.097246751189232
0.63200002908707	-0.17219035327435	-0.097262062132359
0.63599997758865	-0.17724455893040	-0.097112096846104
0.63999998569489	-0.18242509663105	-0.096787132322788
0.64399999380112	-0.18772631883621	-0.096277579665184
0.64800000190735	-0.19314184784889	-0.095573917031288
0.65200001001358	-0.19866475462914	-0.094667054712772
0.65600001811981	-0.20428755879402	-0.093547925353050
0.66000002622604	-0.21000204980373	-0.092207916080952
0.66399997472763	-0.21579962968826	-0.090638555586338
0.66799998283386	-0.22167098522186	-0.088831931352615
0.67199999094009	-0.22760622203350	-0.086780413985252
0.67599999904633	-0.23359508812428	-0.084476746618748
0.68000000715256	-0.23962655663490	-0.081914298236370
0.68400001525879	-0.24568936228752	-0.079086825251579
0.68800002336502	-0.25177156925201	-0.075988657772541
0.69199997186661	-0.25786098837852	-0.072614617645741
0.69599997997284	-0.26394483447075	-0.068960294127464
0.69999998807907	-0.27000999450684	-0.065021820366383
0.70399999618530	-0.27604317665100	-0.060795783996582
0.70800000429153	-0.28203049302101	-0.056279912590981
0.71200001239777	-0.28795796632767	-0.051472131162882
0.71600002050400	-0.29381135106087	-0.046371415257454
0.72000002861023	-0.29957616329193	-0.040977451950312
0.72399997711182	-0.30523782968521	-0.035290542989969
0.72799998521805	-0.31078156828880	-0.029311761260033
0.73199999332428	-0.31619256734848	-0.023043205961585
0.73600000143051	-0.32145610451698	-0.016487549990416
0.74000000953674	-0.32655733823776	-0.0096482690423727
0.74400001764297	-0.33148148655891	-0.0025298714172095
0.74800002574921	-0.33621397614479	0.0048627145588398
0.75199997425079	-0.34074029326439	0.012523450888693
0.75599998235703	-0.34504622220993	0.020445419475436
0.75999999046326	-0.34911775588989	0.028621412813663
0.76399999856949	-0.35294115543365	0.037042960524559
0.76800000667572	-0.35650303959846	0.045701008290052
0.77200001478195	-0.35979050397873	0.054585598409176
0.77600002288818	-0.36279094219208	0.063686214387417
0.77999997138977	-0.36549228429794	0.072991773486137
0.78399997949600	-0.36788305640221	0.082490056753159
0.78799998760223	-0.36995214223862	0.092168778181076
0.79199999570847	-0.37168917059898	0.10201440006495
0.79600000381470	-0.37308448553085	0.11201320588589
0.80000001192093	-0.37412884831429	0.12215075641870
0.80400002002716	-0.37481397390366	0.13241212069988
0.80800002813339	-0.37513205409050	0.14278201758862
0.81199997663498	-0.37507638335228	0.15324430167675
0.81599998474121	-0.37464070320129	0.16378304362297
0.81999999284744	-0.37381985783577	0.17438127100468
0.82400000095367	-0.37260919809341	0.18502229452133
0.82800000905991	-0.37100535631180	0.19568872451782
0.83200001716614	-0.36900535225868	0.20636324584484
0.83600002527237	-0.36660754680634	0.21702818572521
0.83999997377396	-0.36381095647812	0.22766555845737
0.84399998188019	-0.36061534285545	0.23825787007809
0.84799998998642	-0.35702174901962	0.24878711998463
0.85199999809265	-0.35303187370300	0.25923547148705
0.85600000619888	-0.34864827990532	0.26958519220352
0.86000001430511	-0.34387475252151	0.27981862425804
0.86400002241135	-0.33871561288834	0.28991830348969
0.86799997091293	-0.33317634463310	0.29986691474915
0.87199997901917	-0.32726299762726	0.30964761972427
0.87599998712540	-0.32098272442818	0.31924369931221
0.87999999523163	-0.31434345245361	0.32863897085190
0.88400000333786	-0.30735385417938	0.33781749010086
0.88800001144409	-0.30002349615097	0.34676387906075
0.89200001955032	-0.29236268997192	0.35546326637268
0.89600002765656	-0.28438228368759	0.36390122771263
0.89999997615814	-0.27609425783157	0.37206396460533
0.90399998426437	-0.26751077175140	0.37993842363358
0.90799999237061	-0.25864490866661	0.38751208782196
0.91200000047684	-0.24951016902924	0.39477303624153
0.91600000858307	-0.24012072384357	0.40171030163765
0.92000001668930	-0.23049153387547	0.40831342339516
0.92400002479553	-0.22063744068146	0.41457280516624
0.92799997329712	-0.21057412028313	0.42047971487045
0.93199998140335	-0.20031742751598	0.42602616548538
0.93599998950958	-0.18988379836082	0.43120500445366
0.93999999761581	-0.17928974330425	0.43600994348526
0.94400000572205	-0.16855172812939	0.44043549895287
0.94800001382828	-0.15768714249134	0.44447711110115
0.95200002193451	-0.14671301841736	0.44813105463982
0.95599997043610	-0.13564655184746	0.45139452815056
0.95999997854233	-0.12450487911701	0.45426550507545
0.96399998664856	-0.11330524086952	0.45674297213554
0.96799999475479	-0.10206496715546	0.45882669091225
0.97200000286102	-0.090801097452641	0.46051728725433
0.97600001096725	-0.079530745744705	0.46181622147560
0.98000001907349	-0.068270370364189	0.46272581815720
0.98400002717972	-0.057036530226469	0.46324917674065
0.98799997568130	-0.045845512300730	0.46339026093483
0.99199998378754	-0.034713260829449	0.46315374970436
0.99599999189377	-0.023655369877815	0.46254509687424
1.0000000000000	-0.012686697766185	0.46157044172287
1.0039999485016	-0.0018223191145808	0.46023669838905
1.0080000162125	0.0089238239452243	0.45855140686035
1.0119999647141	0.019537853077054	0.45652258396149
1.0160000324249	0.030006645247340	0.45415925979614
1.0199999809265	0.040317639708519	0.45147055387497
1.0240000486374	0.050458870828152	0.44846639037132
1.0279999971390	0.060418646782637	0.44515714049339
1.0319999456406	0.070186458528042	0.44155362248421
1.0360000133514	0.079752020537853	0.43766701221466
1.0399999618530	0.089105896651745	0.43350893259048
1.0440000295639	0.098239459097385	0.42909127473831
1.0479999780655	0.10714443773031	0.42442631721497
1.0520000457764	0.11581369489431	0.41952639818192
1.0559999942780	0.12424031645060	0.41440424323082
1.0599999427795	0.13241846859455	0.40907269716263
1.0640000104904	0.14034286141396	0.40354475378990
1.0679999589920	0.14800910651684	0.39783337712288
1.0720000267029	0.15541312098503	0.39195162057877
1.0759999752045	0.16255196928978	0.38591259717941
1.0800000429153	0.16942310333252	0.37972941994667
1.0839999914169	0.17602491378784	0.37341493368149
1.0880000591278	0.18235625326633	0.36698204278946
1.0920000076294	0.18841643631458	0.36044347286224
1.0959999561310	0.19420604407787	0.35381165146828
1.1000000238419	0.19972547888756	0.34709903597832
1.1039999723434	0.20497649908066	0.34031763672829
1.1080000400543	0.20996078848839	0.33347913622856
1.1119999885559	0.21468095481396	0.32659515738487
1.1160000562668	0.21914003789425	0.31967681646347
1.1200000047684	0.22334150969982	0.31273487210274
1.1239999532700	0.22728942334652	0.30577984452248
1.1280000209808	0.23098836839199	0.29882159829140
1.1319999694824	0.23444254696369	0.29187014698982
1.1360000371933	0.23765784502029	0.28493419289589
1.1399999856949	0.24063961207867	0.27802264690399
1.1440000534058	0.24339339137077	0.27114415168762
1.1480000019073	0.24592572450638	0.26430606842041
1.1519999504089	0.24824288487434	0.25751599669456
1.1560000181198	0.25035139918327	0.25078085064888
1.1599999666214	0.25225827097893	0.24410684406757
1.1640000343323	0.25397017598152	0.23750016093254
1.1679999828339	0.25549453496933	0.23096603155136
1.1720000505447	0.25683829188347	0.22450952231884
1.1759999990463	0.25800871849060	0.21813525259495
1.1799999475479	0.25901329517365	0.21184688806534
1.1840000152588	0.25985917448997	0.20564827322960
1.1879999637604	0.26055377721786	0.19954229891300
1.1920000314713	0.26110401749611	0.19353203475475
1.1959999799728	0.26151749491692	0.18761922419071
1.2000000476837	0.26180100440979	0.18180610239506
1.2039999961853	0.26196175813675	0.17609368264675
1.2079999446869	0.26200637221336	0.17048335075378
1.2120000123978	0.26194158196449	0.16497567296028
1.2159999608994	0.26177391409874	0.15957106649876
1.2200000286102	0.26150983572006	0.15426929295063
1.2239999771118	0.26115530729294	0.14907014369965
1.2280000448227	0.26071631908417	0.14397306740284
1.2319999933243	0.26019838452339	0.13897725939751
1.2359999418259	0.25960722565651	0.13408128917217
1.2400000095367	0.25894787907600	0.12928400933743
1.2439999580383	0.25822520256042	0.12458398938179
1.2480000257492	0.25744408369064	0.11997917294502
1.2519999742508	0.25660878419876	0.11546786874533
1.2560000419617	0.25572350621223	0.11104790121317
1.2599999904633	0.25479209423065	0.10671726614237
1.2640000581741	0.25381815433502	0.10247360914946
1.2680000066757	0.25280514359474	0.098314307630062
1.2719999551773	0.25175607204437	0.094237253069878
1.2760000228882	0.25067374110222	0.090239882469177
1.2799999713898	0.24956078827381	0.086319677531719
1.2840000391006	0.24841950833797	0.082474164664745
1.2879999876022	0.24725197255611	0.078700833022594
1.2920000553131	0.24606008827686	0.074997216463089
1.2960000038147	0.24484543502331	0.071360863745213
1.2999999523163	0.24360945820808	0.067789405584335
1.3040000200272	0.24235340952873	0.064280539751053
1.3079999685287	0.24107827246189	0.060831986367702
1.3120000362396	0.23978497087955	0.057441618293524
1.3159999847412	0.23847414553165	0.054107345640659
1.3200000524521	0.23714637756348	0.050827223807573
1.3240000009537	0.23580206930637	0.047599405050278
1.3279999494553	0.23444142937660	0.044422145932913
1.3320000171661	0.23306472599506	0.041293837130070
1.3359999656677	0.23167198896408	0.038212995976210
1.3400000333786	0.23026318848133	0.035178251564503
1.3439999818802	0.22883826494217	0.032188367098570
1.3480000495911	0.22739705443382	0.029242243617773
1.3519999980927	0.22593934834003	0.026338905096054
1.3559999465942	0.22446499764919	0.023477500304580
1.3600000143051	0.22297367453575	0.020657300949097
1.3639999628067	0.22146512567997	0.017877705395222
1.3680000305176	0.21993914246559	0.015138221904635
1.3719999790192	0.21839547157288	0.012438479810953
1.3760000467300	0.21683384478092	0.0097782071679831
1.3799999952316	0.21525409817696	0.0071572377346456
1.3839999437332	0.21365606784821	0.0045754979364574
1.3880000114441	0.21203963458538	0.0020329977851361
1.3919999599457	0.21040473878384	-0.00047016917960718
1.3960000276566	0.20875136554241	-0.0029338411986828
1.3999999761581	0.20707960426807	-0.0053577930666506
1.4040000438690	0.20538954436779	-0.0077417460270226
1.4079999923706	0.20368139445782	-0.010085374116898
1.4119999408722	0.20195542275906	-0.012388316914439
1.4160000085831	0.20021198689938	-0.014650185592473
1.4199999570847	0.19845148921013	-0.016870569437742
1.4240000247955	0.19667443633080	-0.019049054011703
1.4279999732971	0.19488140940666	-0.021185217425227
1.4320000410080	0.19307301938534	-0.023278644308448
1.4359999895096	0.19125002622604	-0.025328937917948
1.4400000572205	0.18941321969032	-0.027335723862052
1.4440000057220	0.18756340444088	-0.029298644512892
1.4479999542236	0.18570157885551	-0.031217401847243
1.4520000219345	0.18382869660854	-0.033091716468334
1.4559999704361	0.18194577097893	-0.034921389073133
1.4600000381470	0.18005390465260	-0.036706238985062
1.4639999866486	0.17815421521664	-0.038446161895990
1.4680000543594	0.17624787986279	-0.040141128003597
1.4720000028610	0.17433610558510	-0.041791159659624
1.4759999513626	0.17242008447647	-0.043396353721619
1.4800000190735	0.17050108313560	-0.044956885278225
1.4839999675751	0.16858035326004	-0.046472989022732
1.4880000352859	0.16665911674500	-0.047945007681847
1.4919999837875	0.16473866999149	-0.049373328685760
1.4960000514984	0.16282020509243	-0.050758417695761
1.5000000000000	0.16090498864651	-0.052100848406553
1.5039999485016	0.15899419784546	-0.053401235491037
1.5080000162125	0.15708902478218	-0.054660279303789
1.5119999647141	0.15519060194492	-0.055878762155771
1.5160000324249	0.15330000221729	-0.057057514786720
1.5199999809265	0.15141828358173	-0.058197434991598
1.5240000486374	0.14954642951488	-0.059299502521753
1.5279999971390	0.14768537878990	-0.060364726930857
1.5319999456406	0.14583601057529	-0.061394173651934
1.5360000133514	0.14399909973145	-0.062388982623816
1.5399999618530	0.14217542111874	-0.063350297510624
1.5440000295639	0.14036558568478	-0.064279325306416
1.5479999780655	0.13857020437717	-0.065177284181118
1.5520000457764	0.13678972423077	-0.066045410931110
1.5559999942780	0.13502462208271	-0.066884987056255
1.5599999427795	0.13327521085739	-0.067697286605835
1.5640000104904	0.13154177367687	-0.068483583629131
1.5679999589920	0.12982442975044	-0.069245159626007
1.5720000267029	0.12812331318855	-0.069983288645744
1.5759999752045	0.12643840909004	-0.070699229836464
1.5800000429153	0.12476964294910	-0.071394197642803
1.5839999914169	0.12311687320471	-0.072069428861141
1.5880000591278	0.12147988379002	-0.072726085782051
1.5920000076294	0.11985836923122	-0.073365300893784
1.5959999561310	0.11825197190046	-0.073988176882267
1.6000000238419	0.11666024476290	-0.074595779180527
1.6039999723434	0.11508270353079	-0.075189061462879
1.6080000400543	0.11351878941059	-0.075768977403641
1.6119999885559	0.11196791380644	-0.076336421072483
1.6160000562668	0.11042947322130	-0.076892189681530
1.6200000047684	0.10890270769596	-0.077437028288841
1.6239999532700	0.10738693922758	-0.077971614897251
1.6280000209808	0.10588140040636	-0.078496560454369
1.6319999694824	0.10438530892134	-0.079012393951416
1.6360000371933	0.10289790481329	-0.079519569873810
1.6399999856949	0.10141834616661	-0.080018468201160
1.6440000534058	0.099945850670338	-0.080509401857853
1.6480000019073	0.098479576408863	-0.080992609262466
1.6519999504089	0.097018741071224	-0.081468239426613
1.6560000181198	0.095562539994717	-0.081936396658421
1.6599999666214	0.094110190868378	-0.082397095859051
1.6640000343323	0.092660933732986	-0.082850269973278
1.6679999828339	0.091214060783386	-0.083295814692974
1.6720000505447	0.089768849313259	-0.083733558654785
1.6759999990463	0.088324666023254	-0.084163255989552
1.6799999475479	0.086880862712860	-0.084584623575211
1.6840000152588	0.085436902940273	-0.084997318685055
1.6879999637604	0.083992198109627	-0.085400938987732
1.6920000314713	0.082546330988407	-0.085795074701309
1.6959999799728	0.081098876893520	-0.086179234087467
1.7000000476837	0.079649455845356	-0.086552932858467
1.7039999961853	0.078197762370110	-0.086915627121925
1.7079999446869	0.076743543148041	-0.087266787886620
1.7120000123978	0.075286649167538	-0.087605826556683
1.7159999608994	0.073826931416988	-0.087932176887989
1.7200000286102	0.072364345192909	-0.088245265185833
1.7239999771118	0.070898868143559	-0.088544480502605
1.7280000448227	0.069430597126484	-0.088829264044762
1.7319999933243	0.067959614098072	-0.089099034667015
1.7359999418259	0.066486135125160	-0.089353255927563
1.7400000095367	0.065010383725166	-0.089591369032860
1.7439999580383	0.063532657921314	-0.089812874794006
1.7480000257492	0.062053259462118	-0.090017281472683
1.7519999742508	0.060572639107704	-0.090204156935215
1.7560000419617	0.059091176837683	-0.090373076498508
1.7599999904633	0.057609371840954	-0.090523682534695
1.7640000581741	0.056127704679966	-0.090655624866486
1.7680000066757	0.054646771401167	-0.090768627822399
1.7719999551773	0.053167108446360	-0.090862460434437
1.7760000228882	0.051689319312572	-0.090936951339245
1.7799999713898	0.050213985145092	-0.090991944074631
1.7840000391006	0.048741802573204	-0.091027371585369
1.7879999876022	0.047273334115744	-0.091043211519718
1.7920000553131	0.045809276401997	-0.091039493680000
1.7960000038147	0.044350232928991	-0.091016322374344
1.7999999523163	0.042896889150143	-0.090973801910877
1.8040000200272	0.041449811309576	-0.090912155807018
1.8079999685287	0.040009628981352	-0.090831622481346
1.8120000362396	0.038576968014240	-0.090732499957085
1.8159999847412	0.037152346223593	-0.090615130960941
1.8200000524521	0.035736355930567	-0.090479910373688
1.8240000009537	0.034329462796450	-0.090327285230160
1.8279999494553	0.032932166010141	-0.090157717466354
1.8320000171661	0.031544875353575	-0.089971736073494
1.8359999656677	0.030168009921908	-0.089769877493382
1.8400000333786	0.028801895678043	-0.089552737772465
1.8439999818802	0.027446864172816	-0.089320912957191
1.8480000495911	0.026103131473064	-0.089075036346912
1.8519999980927	0.024770889431238	-0.088815756142139
1.8559999465942	0.023450311273336	-0.088543735444546
1.8600000143051	0.022141473367810	-0.088259644806385
1.8639999628067	0.020844426006079	-0.087964154779911
1.8680000305176	0.019559135660529	-0.087657928466797
1.8719999790192	0.018285540863872	-0.087341658771038
1.8760000467300	0.017023531720042	-0.087015993893147
1.8799999952316	0.015772892162204	-0.086681574583054
1.8839999437332	0.014533425681293	-0.086339049041271
1.8880000114441	0.013304828666151	-0.085989005863667
1.8919999599457	0.012086773291230	-0.085632026195526
1.8960000276566	0.010878877714276	-0.085268668830395
1.8999999761581	0.0096807572990656	-0.084899432957172
1.9040000438690	0.0084919286891818	-0.084524810314178
1.9079999923706	0.0073118759319186	-0.084145218133926
1.9119999408722	0.0061400686390698	-0.083761081099510
1.9160000085831	0.0049759652465582	-0.083372704684734
1.9199999570847	0.0038189743645489	-0.082980409264565
1.9240000247955	0.0026684966869652	-0.082584448158741
1.9279999732971	0.0015238694613799	-0.082184992730618
1.9320000410080	0.00038444550591521	-0.081782184541225
1.9359999895096	-0.00075038452632725	-0.081376120448112
1.9400000572205	-0.0018813078058884	-0.080966830253601
1.9440000057220	-0.0030089889187366	-0.080554276704788
1.9479999542236	-0.0041341078467667	-0.080138392746449
1.9520000219345	-0.0052572605200112	-0.079719029366970
1.9559999704361	-0.0063791498541832	-0.079296000301838
1.9600000381470	-0.0075003537349403	-0.078869059681892
1.9639999866486	-0.0086214980110526	-0.078437924385071
1.9680000543594	-0.0097431344911456	-0.078002229332924
1.9720000028610	-0.010865858756006	-0.077561601996422
1.9759999513626	-0.011990177445114	-0.077115602791309
1.9800000190735	-0.013116573914886	-0.076663739979267
1.9839999675751	-0.014245501719415	-0.076205514371395
1.9880000352859	-0.015377372503281	-0.075740374624729
1.9919999837875	-0.016512556001544	-0.075267717242241
1.9960000514984	-0.017651388421655	-0.074786923825741
2.0000000000000	-0.018794145435095	-0.074297375977039
2.0039999485016	-0.019941059872508	-0.073798388242722
2.0079998970032	-0.021092331036925	-0.073289297521114
2.0120000839233	-0.022248070687056	-0.072769396007061
2.0160000324249	-0.023408381268382	-0.072237983345985
2.0199999809265	-0.024573314934969	-0.071694344282150
2.0239999294281	-0.025742832571268	-0.071137763559818
2.0280001163483	-0.026916883885860	-0.070567540824413
2.0320000648499	-0.028095388785005	-0.069982953369617
2.0360000133514	-0.029278142377734	-0.069383308291435
2.0399999618530	-0.030464999377728	-0.068767927587032
2.0439999103546	-0.031655684113503	-0.068136118352413
2.0480000972748	-0.032849911600351	-0.067487239837646
2.0520000457764	-0.034047387540340	-0.066820658743382
2.0559999942780	-0.035247694700956	-0.066135764122009
2.0599999427795	-0.036450538784266	-0.065431974828243
2.0639998912811	-0.037655428051949	-0.064708732068539
2.0680000782013	-0.038861922919750	-0.063965499401093
2.0720000267029	-0.040069539099932	-0.063201814889908
2.0759999752045	-0.041277840733528	-0.062417171895504
2.0799999237061	-0.042486239224672	-0.061611171811819
2.0840001106262	-0.043694298714399	-0.060783393681049
2.0880000591278	-0.044901382178068	-0.059933498501778
2.0920000076294	-0.046107016503811	-0.059061132371426
2.0959999561310	-0.047310642898083	-0.058166004717350
2.0999999046326	-0.048511680215597	-0.057247832417488
2.1040000915527	-0.049709625542164	-0.056306399405003
2.1080000400543	-0.050903890281916	-0.055341478437185
2.1119999885559	-0.052093990147114	-0.054352879524231
2.1159999370575	-0.053279366344213	-0.053340461105108
2.1199998855591	-0.054459545761347	-0.052304066717625
2.1240000724792	-0.055634018033743	-0.051243558526039
2.1280000209808	-0.056802257895470	-0.050158880650997
2.1319999694824	-0.057963874191046	-0.049049898982048
2.1359999179840	-0.059118352830410	-0.047916557639837
2.1400001049042	-0.060265347361565	-0.046758741140366
2.1440000534058	-0.061404421925545	-0.045576401054859
2.1480000019073	-0.062535159289837	-0.044369466602802
2.1519999504089	-0.063657246530056	-0.043137840926647
2.1559998989105	-0.064770326018333	-0.041881464421749
2.1600000858307	-0.065874047577381	-0.040600202977657
2.1640000343323	-0.066968128085136	-0.039293967187405
2.1679999828339	-0.068052269518375	-0.037962585687637
2.1719999313354	-0.069126151502132	-0.036605954170227
2.1760001182556	-0.070189528167248	-0.035223856568336
2.1800000667572	-0.071242146193981	-0.033816091716290
2.1840000152588	-0.072283700108528	-0.032382432371378
2.1879999637604	-0.073313944041729	-0.030922591686249
2.1919999122620	-0.074332587420940	-0.029436264187098
2.1960000991821	-0.075339376926422	-0.027923107147217
2.2000000476837	-0.076333977282047	-0.026382762938738
2.2039999961853	-0.077316097915173	-0.024814782664180
2.2079999446869	-0.078285388648510	-0.023218726739287
2.2119998931885	-0.079241499304771	-0.021594054996967
2.2160000801086	-0.080183990299702	-0.019940298050642
2.2200000286102	-0.081112444400787	-0.018256835639477
2.2239999771118	-0.082026384770870	-0.016543049365282
2.2279999256134	-0.082925245165825	-0.014798346906900
2.2320001125336	-0.083808436989784	-0.013022006489336
2.2360000610352	-0.084675312042236	-0.011213311925530
2.2400000095367	-0.085525132715702	-0.0093715824186802
2.2439999580383	-0.086357131600380	-0.0074960119090974
2.2479999065399	-0.087170407176018	-0.0055858921259642
2.2520000934601	-0.087964020669460	-0.0036403781268746
2.2560000419617	-0.088736943900585	-0.0016587097197771
2.2599999904633	-0.089488029479980	0.00035988315357827
2.2639999389648	-0.090216062963009	0.0024162232875824
2.2679998874664	-0.090919755399227	0.0045110434293747
2.2720000743866	-0.091597653925419	0.0066451481543481
2.2760000228882	-0.092248268425465	0.0088191805407405
2.2799999713898	-0.092869989573956	0.011033848859370
2.2839999198914	-0.093461066484451	0.013289859518409
2.2880001068115	-0.094019703567028	0.015587733127177
2.2920000553131	-0.094543971121311	0.017927996814251
2.2960000038147	-0.095031812787056	0.020311189815402
2.2999999523163	-0.095481120049953	0.022737586870790
2.3039999008179	-0.095889680087566	0.025207547470927
2.3080000877380	-0.096255131065845	0.027721256017685
2.3120000362396	-0.096575051546097	0.030278816819191
2.3159999847412	-0.096846982836723	0.032880160957575
2.3199999332428	-0.097068294882774	0.035525150597095
2.3239998817444	-0.097236320376396	0.038213565945625
2.3280000686646	-0.097348332405090	0.040944878011942
2.3320000171661	-0.097401537001133	0.043718609958887
2.3359999656677	-0.097393050789833	0.046534020453691
2.3399999141693	-0.097319982945919	0.049390196800232
2.3440001010895	-0.097179405391216	0.052286084741354
2.3480000495911	-0.096968330442905	0.055220428854227
2.3519999980927	-0.096683748066425	0.058191880583763
2.3559999465942	-0.096322715282440	0.061198741197586
2.3599998950958	-0.095882177352905	0.064239293336868
2.3640000820160	-0.095359191298485	0.067311525344849
2.3680000305176	-0.094750829041004	0.070413224399090
2.3719999790192	-0.094054125249386	0.073542028665543
2.3759999275208	-0.093266293406487	0.076695367693901
2.3800001144409	-0.092384517192841	0.079870425164700
2.3840000629425	-0.091406084597111	0.083064198493958
2.3880000114441	-0.090328402817249	0.086273521184921
2.3919999599457	-0.089148998260498	0.089495003223419
2.3959999084473	-0.087865404784679	0.092725105583668
2.4000000953674	-0.086475454270840	0.095959991216660
2.4040000438690	-0.084977060556412	0.099195718765259
2.4079999923706	-0.083368256688118	0.10242823511362
2.4119999408722	-0.081647276878357	0.10565314441919
2.4159998893738	-0.079812586307526	0.10886603593826
2.4200000762939	-0.077862784266472	0.11206226050854
2.4240000247955	-0.075796738266945	0.11523711681366
2.4279999732971	-0.073613494634628	0.11838562786579
2.4319999217987	-0.071312434971333	0.12150283902884
2.4360001087189	-0.068892955780029	0.12458361685276
2.4400000572205	-0.066355004906654	0.12762272357941
2.4440000057220	-0.063698604702950	0.13061489164829
2.4479999542236	-0.060924042016268	0.13355469703674
2.4519999027252	-0.058031938970089	0.13643676042557
2.4560000896454	-0.055023245513439	0.13925562798977
2.4600000381470	-0.051899127662182	0.14200578629971
2.4639999866486	-0.048661045730114	0.14468178153038
2.4679999351501	-0.045310739427805	0.14727813005447
2.4719998836517	-0.041850317269564	0.14978942275047
2.4760000705719	-0.038282159715891	0.15221026539803
2.4800000190735	-0.034608885645866	0.15453533828259
2.4839999675751	-0.030833469703794	0.15675938129425
2.4879999160767	-0.026959171518683	0.15887728333473
2.4920001029968	-0.022989537566900	0.16088402271271
2.4960000514984	-0.018928403034806	0.16277475655079
2.5000000000000	-0.014779893681407	0.16454474627972
2.5039999485016	-0.010548343881965	0.16618946194649
2.5079998970032	-0.0062383748590946	0.16770453751087
2.5120000839233	-0.0018549400847405	0.16908583045006
2.5160000324249	0.0025968109257519	0.17032940685749
2.5199999809265	0.0071115810424089	0.17143161594868
2.5239999294281	0.011683736927807	0.17238900065422
2.5280001163483	0.016307527199388	0.17319840192795
2.5320000648499	0.020976973697543	0.17385691404343
2.5360000133514	0.025685843080282	0.17436197400093
2.5399999618530	0.030427871271968	0.17471127212048
2.5439999103546	0.035196572542191	0.17490281164646
2.5480000972748	0.039985470473766	0.17493495345116
2.5520000457764	0.044787734746933	0.17480638623238
2.5559999942780	0.049596734344959	0.17451608181000
2.5599999427795	0.054405458271503	0.17406344413757
2.5639998912811	0.059207174926996	0.17344813048840
2.5680000782013	0.063994951546192	0.17267017066479
2.5720000267029	0.068761803209782	0.17173002660275
2.5759999752045	0.073500804603100	0.17062844336033
2.5799999237061	0.078205168247223	0.16936650872231
2.5840001106262	0.082868002355099	0.16794569790363
2.5880000591278	0.087482653558254	0.16636784374714
2.5920000076294	0.092042326927185	0.16463504731655
2.5959999561310	0.096540614962578	0.16274985671043
2.5999999046326	0.10097102075815	0.16071505844593
2.6040000915527	0.10532736033201	0.15853381156921
2.6080000400543	0.10960354655981	0.15620961785316
2.6119999885559	0.11379364132881	0.15374618768692
2.6159999370575	0.11789198964834	0.15114761888981
2.6199998855591	0.12189318984747	0.14841823279858
2.6240000724792	0.12579192221165	0.14556263387203
2.6280000209808	0.12958329916000	0.14258567988873
2.6319999694824	0.13326255977154	0.13949245214462
2.6359999179840	0.13682532310486	0.13628830015659
2.6400001049042	0.14026747643948	0.13297872245312
2.6440000534058	0.14358517527580	0.12956939637661
2.6480000019073	0.14677493274212	0.12606620788574
2.6519999504089	0.14983350038528	0.12247516959906
2.6559998989105	0.15275809168816	0.11880242824554
2.6600000858307	0.15554611384869	0.11505420506001
2.6640000343323	0.15819540619850	0.11123689264059
2.6679999828339	0.16070413589478	0.10735686868429
2.6719999313354	0.16307079792023	0.10342057049274
2.6760001182556	0.16529417037964	0.099434524774551
2.6800000667572	0.16737350821495	0.095405168831348
2.6840000152588	0.16930830478668	0.091339021921158
2.6879999637604	0.17109842598438	0.087242506444454
2.6919999122620	0.17274409532547	0.083122029900551
2.6960000991821	0.17424577474594	0.078983895480633
2.7000000476837	0.17560435831547	0.074834354221821
2.7039999961853	0.17682100832462	0.070679508149624
2.7079999446869	0.17789715528488	0.066525340080261
2.7119998931885	0.17883460223675	0.062377732247114
2.7160000801086	0.17963536083698	0.058242354542017
2.7200000286102	0.18030172586441	0.054124731570482
2.7239999771118	0.18083634972572	0.050030201673508
2.7279999256134	0.18124192953110	0.045963861048222
2.7320001125336	0.18152160942554	0.041930649429560
2.7360000610352	0.18167859315872	0.037935238331556
2.7400000095367	0.18171636760235	0.033982086926699
2.7439999580383	0.18163855373859	0.030075380578637
2.7479999065399	0.18144895136356	0.026219079270959
2.7520000934601	0.18115155398846	0.022416874766350
2.7560000419617	0.18075037002563	0.018672181293368
2.7599999904633	0.18024967610836	0.014988152310252
2.7639999389648	0.17965370416641	0.011367667466402
2.7679998874664	0.17896685004234	0.0078133251518011
2.7720000743866	0.17819352447987	0.0043274494819343
2.7760000228882	0.17733818292618	0.00091208843514323
2.7799999713898	0.17640535533428	-0.0024309868458658
2.7839999198914	0.17539949715137	-0.0057002780959010
2.7880001068115	0.17432512342930	-0.0088945552706718
2.7920000553131	0.17318667471409	-0.012012852355838
2.7960000038147	0.17198857665062	-0.015054466202855
2.7999999523163	0.17073519527912	-0.018018936738372
2.8039999008179	0.16943079233170	-0.020906057208776
2.8080000877380	0.16807959973812	-0.023715853691101
2.8120000362396	0.16668570041656	-0.026448568329215
2.8159999847412	0.16525307297707	-0.029104677960277
2.8199999332428	0.16378559172153	-0.031684849411249
2.8239998817444	0.16228698194027	-0.034189943224192
2.8280000686646	0.16076081991196	-0.036621008068323
2.8320000171661	0.15921053290367	-0.038979254662991
2.8359999656677	0.15763938426971	-0.041266050189734
2.8399999141693	0.15605050325394	-0.043482914566994
2.8440001010895	0.15444676578045	-0.045631475746632
2.8480000495911	0.15283094346523	-0.047713488340378
2.8519999980927	0.15120558440685	-0.049730803817511
2.8559999465942	0.14957307279110	-0.051685359328985
2.8599998950958	0.14793561398983	-0.053579155355692
2.8640000820160	0.14629517495632	-0.055414259433746
2.8680000305176	0.14465357363224	-0.057192787528038
2.8719999790192	0.14301247894764	-0.058916885405779
2.8759999275208	0.14137327671051	-0.060588683933020
2.8800001144409	0.13973723351955	-0.062210358679295
2.8840000629425	0.13810546696186	-0.063784055411816
2.8880000114441	0.13647887110710	-0.065311893820763
2.8919999599457	0.13485819101334	-0.066795974969864
2.8959999084473	0.13324399292469	-0.068238340318203
2.9000000953674	0.13163672387600	-0.069640986621380
2.9040000438690	0.13003669679165	-0.071005858480930
2.9079999923706	0.12844401597977	-0.072334803640842
2.9119999408722	0.12685874104500	-0.073629595339298
2.9159998893738	0.12528073787689	-0.074891924858093
2.9200000762939	0.12370982766151	-0.076123401522636
2.9240000247955	0.12214567512274	-0.077325478196144
2.9279999732971	0.12058793753386	-0.078499592840672
2.9319999217987	0.11903607100248	-0.079646982252598
2.9360001087189	0.11748959869146	-0.080768831074238
2.9400000572205	0.11594790965319	-0.081866174936295
2.9440000057220	0.11441034823656	-0.082939967513084
2.9479999542236	0.11287624388933	-0.083990991115570
2.9519999027252	0.11134489625692	-0.085019968450069
2.9560000896454	0.10981558263302	-0.086027495563030
2.9600000381470	0.10828755795956	-0.087014012038708
2.9639999866486	0.10676016658545	-0.087979882955551
2.9679999351501	0.10523265600204	-0.088925369083881
2.9719998836517	0.10370435565710	-0.089850582182407
2.9760000705719	0.10217462480068	-0.090755604207516
2.9800000190735	0.10064285993576	-0.091640375554562
2.9839999675751	0.099108509719372	-0.092504747211933
2.9879999160767	0.097571067512035	-0.093348518013954
2.9920001029968	0.096030063927174	-0.094171382486820
2.9960000514984	0.094485163688660	-0.094972990453243
3.0000000000000	0.092936046421528	-0.095752902328968
3.0039999485016	0.091382451355457	-0.096510663628578
3.0079998970032	0.089824259281158	-0.097245730459690
3.0120000839233	0.088261395692825	-0.097957573831081
3.0160000324249	0.086693845689297	-0.098645597696304
3.0199999809265	0.085121758282185	-0.099309206008911
3.0239999294281	0.083545297384262	-0.099947787821293
3.0280001163483	0.081964708864689	-0.10056073218584
3.0320000648499	0.080380357801914	-0.10114741325378
3.0360000133514	0.078792698681355	-0.10170725733042
3.0399999618530	0.077202275395393	-0.10223968327045
3.0439999103546	0.075609602034092	-0.10274414718151
3.0480000972748	0.074015446007252	-0.10322016477585
3.0520000457764	0.072420455515385	-0.10366725176573
3.0559999942780	0.070825554430485	-0.10408496856689
3.0599999427795	0.069231495261192	-0.10447303950787
3.0639998912811	0.067639283835888	-0.10483109951019
3.0680000782013	0.066049814224243	-0.10515899211168
3.0720000267029	0.064464144408703	-0.10545652359724
3.0759999752045	0.062883384525776	-0.10572358220816
3.0799999237061	0.061308596283197	-0.10596019029617
3.0840001106262	0.059740763157606	-0.10616649687290
3.0880000591278	0.058181233704090	-0.10634253919125
3.0920000076294	0.056630965322256	-0.10648867487907
3.0959999561310	0.055091056972742	-0.10660522431135
3.0999999046326	0.053562730550766	-0.10669257491827
3.1040000915527	0.052047081291676	-0.10675122588873
3.1080000400543	0.050545156002045	-0.10678179562092
3.1119999885559	0.049058031290770	-0.10678494721651
3.1159999370575	0.047586765140295	-0.10676140338182
3.1199998855591	0.046132199466228	-0.10671205073595
3.1240000724792	0.044695343822241	-0.10663775354624
3.1280000209808	0.043277084827423	-0.10653947293758
3.1319999694824	0.041878167539835	-0.10641824454069
3.1359999179840	0.040499370545149	-0.10627518594265
3.1400001049042	0.039141315966845	-0.10611142218113
3.1440000534058	0.037804603576660	-0.10592815279961
3.1480000019073	0.036489784717560	-0.10572659969330
3.1519999504089	0.035197168588638	-0.10550806671381
3.1559998989105	0.033927232027054	-0.10527379810810
3.1600000858307	0.032680012285709	-0.10502517968416
3.1640000343323	0.031455896794796	-0.10476346313953
3.1679999828339	0.030254732817411	-0.10449005663395
3.1719999313354	0.029076639562845	-0.10420624911785
3.1760001182556	0.027921393513680	-0.10391339659691
3.1800000667572	0.026788735762239	-0.10361281782389
3.1840000152588	0.025678420439363	-0.10330577939749
3.1879999637604	0.024590073153377	-0.10299352556467
3.1919999122620	0.023523140698671	-0.10267730802298
3.1960000991821	0.022477094084024	-0.10235827416182
3.2000000476837	0.021451223641634	-0.10203757882118
3.2039999961853	0.020444806665182	-0.10171627253294
3.2079999446869	0.019457144662738	-0.10139533877373
3.2119998931885	0.018487228080630	-0.10107575356960
3.2160000801086	0.017534183338284	-0.10075834393501
3.2200000286102	0.016597067937255	-0.10044389963150
3.2239999771118	0.015674745664001	-0.10013315826654
3.2279999256134	0.014766261912882	-0.099826686084270
3.2320001125336	0.013870512135327	-0.099525034427643
3.2360000610352	0.012986247427762	-0.099228642880917
3.2400000095367	0.012112360447645	-0.098937846720219
3.2439999580383	0.011247751303017	-0.098652899265289
3.2479999065399	0.010391173884273	-0.098373942077160
3.2520000934601	0.0095415376126766	-0.098101042211056
3.2560000419617	0.0086975693702698	-0.097834169864655
3.2599999904633	0.0078581487759948	-0.097573198378086
3.2639999389648	0.0070222127251327	-0.097317889332771
3.2679998874664	0.0061886673793197	-0.097067952156067
3.2720000743866	0.0053564351983368	-0.096822991967201
3.2760000228882	0.0045245024375618	-0.096582517027855
3.2799999713898	0.0036919231060892	-0.096345975995064
3.2839999198914	0.0028578171040863	-0.096112735569477
3.2880001068115	0.0020212840754539	-0.095882110297680
3.2920000553131	0.0011816769838333	-0.095653317868710
3.2960000038147	0.00033814675407484	-0.095425538718700
3.2999999523163	-0.00050980708329007	-0.095197901129723
3.3039999008179	-0.0013627471635118	-0.094969481229782
3.3080000877380	-0.0022211594041437	-0.094739325344563
3.3120000362396	-0.0030853613279760	-0.094506427645683
3.3159999847412	-0.0039556375704706	-0.094269782304764
3.3199999332428	-0.0048321937210858	-0.094028338789940
3.3239998817444	-0.0057151108048856	-0.093781076371670
3.3280000686646	-0.0066043892875314	-0.093526929616928
3.3320000171661	-0.0074999956414104	-0.093264855444431
3.3359999656677	-0.0084016369655728	-0.092993833124638
3.3399999141693	-0.0093091651797295	-0.092712841928005
3.3440001010895	-0.010222131386399	-0.092420905828476
3.3480000495911	-0.011140099726617	-0.092117063701153
3.3519999980927	-0.012062557041645	-0.091800414025784
3.3559999465942	-0.012988963164389	-0.091470085084438
3.3599998950958	-0.013918532058597	-0.091125272214413
3.3640000820160	-0.014850581064820	-0.090765215456486
3.3680000305176	-0.015784362331033	-0.090389221906662
3.3719999790192	-0.016718853265047	-0.089996688067913
3.3759999275208	-0.017653271555901	-0.089587062597275
3.3800001144409	-0.018586611375213	-0.089159883558750
3.3840000629425	-0.019517811015248	-0.088714748620987
3.3880000114441	-0.020445896312594	-0.088251367211342
3.3919999599457	-0.021369760856032	-0.087769508361816
3.3959999084473	-0.022288313135505	-0.087269067764282
3.4000000953674	-0.023200504481792	-0.086749985814095
3.4040000438690	-0.024105206131935	-0.086212322115898
3.4079999923706	-0.025001319125295	-0.085656225681305
3.4119999408722	-0.025887753814459	-0.085081912577152
3.4159998893738	-0.026763450354338	-0.084489725530148
3.4200000762939	-0.027627361938357	-0.083880044519901
3.4240000247955	-0.028478495776653	-0.083253361284733
3.4279999732971	-0.029315849766135	-0.082610271871090
3.4319999217987	-0.030138496309519	-0.081951402127743
3.4360001087189	-0.030945610255003	-0.081277489662170
3.4400000572205	-0.031736325472593	-0.080589309334755
3.4440000057220	-0.032509885728359	-0.079887747764587
3.4479999542236	-0.033265624195337	-0.079173691570759
3.4519999027252	-0.034002956002951	-0.078448124229908
3.4560000896454	-0.034721311181784	-0.077712059020996
3.4600000381470	-0.035420235246420	-0.076966553926468
3.4639999866486	-0.036099404096603	-0.076212704181671
3.4679999351501	-0.036758460104465	-0.075451612472534
3.4719998836517	-0.037397306412458	-0.074684433639050
3.4760000705719	-0.038015745580196	-0.073912315070629
3.4800000190735	-0.038613829761744	-0.073136404156685
3.4839999675751	-0.039191599935293	-0.072357863187790
3.4879999160767	-0.039749279618263	-0.071577809751034
3.4920001029968	-0.040287066251040	-0.070797413587570
3.4960000514984	-0.040805350989103	-0.070017740130424
3.5000000000000	-0.041304543614388	-0.069239862263203
3.5039999485016	-0.041785206645727	-0.068464823067188
3.5079998970032	-0.042247876524925	-0.067693606019020
3.5120000839233	-0.042693287134171	-0.066927120089531
3.5160000324249	-0.043122123926878	-0.066166274249554
3.5199999809265	-0.043535258620977	-0.065411850810051
3.5239999294281	-0.043933540582657	-0.064664602279663
3.5280001163483	-0.044317912310362	-0.063925199210644
3.5320000648499	-0.044689357280731	-0.063194207847118
3.5360000133514	-0.045048892498016	-0.062472160905600
3.5399999618530	-0.045397564768791	-0.061759456992149
3.5439999103546	-0.045736495405436	-0.061056435108185
3.5480000972748	-0.046066801995039	-0.060363337397575
3.5520000457764	-0.046389557421207	-0.059680309146643
3.5559999942780	-0.046705953776836	-0.059007395058870
3.5599999427795	-0.047017131000757	-0.058344550430775
3.5639998912811	-0.047324191778898	-0.057691637426615
3.5680000782013	-0.047628235071898	-0.057048436254263
3.5720000267029	-0.047930393368006	-0.056414607912302
3.5759999752045	-0.048231672495604	-0.055789764970541
3.5799999237061	-0.048533141613007	-0.055173378437757
3.5840001106262	-0.048835776746273	-0.054564867168665
3.5880000591278	-0.049140460789204	-0.053963582962751
3.5920000076294	-0.049448102712631	-0.053368762135506
3.5959999561310	-0.049759462475777	-0.052779596298933
3.5999999046326	-0.050075322389603	-0.052195206284523
3.6040000915527	-0.050396293401718	-0.051614642143250
3.6080000400543	-0.050723008811474	-0.051036898046732
3.6119999885559	-0.051055900752544	-0.050460960716009
3.6159999370575	-0.051395408809185	-0.049885697662830
3.6199998855591	-0.051741816103458	-0.049310043454170
3.6240000724792	-0.052095375955105	-0.048732787370682
3.6280000209808	-0.052456211298704	-0.048152789473534
3.6319999694824	-0.052824333310127	-0.047568865120411
3.6359999179840	-0.053199689835310	-0.046979837119579
3.6400001049042	-0.053582072257996	-0.046384502202272
3.6440000534058	-0.053971223533154	-0.045781720429659
3.6480000019073	-0.054366800934076	-0.045170325785875
3.6519999504089	-0.054768338799477	-0.044549178332090
3.6559998989105	-0.055175263434649	-0.043917231261730
3.6600000858307	-0.055586937814951	-0.043273407965899
3.6640000343323	-0.056002635508776	-0.042616717517376
3.6679999828339	-0.056421522051096	-0.041946213692427
3.6719999313354	-0.056842744350433	-0.041261032223701
3.6760001182556	-0.057265289127827	-0.040560353547335
3.6800000667572	-0.057688165456057	-0.039843469858170
3.6840000152588	-0.058110248297453	-0.039109677076340
3.6879999637604	-0.058530390262604	-0.038358464837074
3.6919999122620	-0.058947432786226	-0.037589289247990
3.6960000991821	-0.059360094368458	-0.036801792681217
3.7000000476837	-0.059767130762339	-0.035995662212372
3.7039999961853	-0.060167215764523	-0.035170737653971
3.7079999446869	-0.060559056699276	-0.034326881170273
3.7119998931885	-0.060941319912672	-0.033464137464762
3.7160000801086	-0.061312671750784	-0.032582581043243
3.7200000286102	-0.061671804636717	-0.031682409346104
3.7239999771118	-0.062017392367125	-0.030763953924179
3.7279999256134	-0.062348160892725	-0.029827604070306
3.7320001125336	-0.062662839889526	-0.028873879462481
3.7360000610352	-0.062960244715214	-0.027903353795409
3.7400000095367	-0.063239149749279	-0.026916736736894
3.7439999580383	-0.063498467206955	-0.025914791971445
3.7479999065399	-0.063737124204636	-0.024898402392864
3.7520000934601	-0.063954114913940	-0.023868476971984
3.7560000419617	-0.064148522913456	-0.022826028987765
3.7599999904633	-0.064319491386414	-0.021772142499685
3.7639999389648	-0.064466252923012	-0.020707953721285
3.7679998874664	-0.064588114619255	-0.019634656608105
3.7720000743866	-0.064684517681599	-0.018553460016847
3.7760000228882	-0.064754910767078	-0.017465690150857
3.7799999713898	-0.064798943698406	-0.016372621059418
3.7839999198914	-0.064816281199455	-0.015275584533811
3.7880001068115	-0.064806729555130	-0.014175921678543
3.7920000553131	-0.064770199358463	-0.013074978254735
3.7960000038147	-0.064706668257713	-0.011974134482443
3.7999999523163	-0.064616255462170	-0.010874710045755
3.8039999008179	-0.064499147236347	-0.0097780274227262
3.8080000877380	-0.064355649054050	-0.0086853923276067
3.8120000362396	-0.064186140894890	-0.0075980764813721
3.8159999847412	-0.063991121947765	-0.0065172770991921
3.8199999332428	-0.063771173357964	-0.0054441904649138
3.8239998817444	-0.063526928424835	-0.0043799136765301
3.8280000686646	-0.063259139657021	-0.0033255463931710
3.8320000171661	-0.062968619167805	-0.0022820059675723
3.8359999656677	-0.062656223773956	-0.0012502662139013
3.8399999141693	-0.062322922050953	-0.00023112645430956
3.8440001010895	-0.061969682574272	0.00077466981019825
3.8480000495911	-0.061597559601068	0.0017664371989667
3.8519999980927	-0.061207611113787	0.0027436381205916
3.8559999465942	-0.060800977051258	0.0037057960871607
3.8599998950958	-0.060378760099411	0.0046525388024747
3.8640000820160	-0.059942126274109	0.0055835964158177
3.8680000305176	-0.059492219239473	0.0064988043159246
3.8719999790192	-0.059030197560787	0.0073980968445539
3.8759999275208	-0.058557190001011	0.0082814916968346
3.8800001144409	-0.058074329048395	0.0091491332277656
3.8840000629425	-0.057582706212997	0.010001255199313
3.8880000114441	-0.057083360850811	0.010838191956282
3.8919999599457	-0.056577317416668	0.011660336516798
3.8959999084473	-0.056065537035465	0.012468214146793
3.9000000953674	-0.055548891425133	0.013262423686683
3.9040000438690	-0.055028244853020	0.014043603092432
3.9079999923706	-0.054504334926605	0.014812521636486
3.9119999408722	-0.053977843374014	0.015569955110550
3.9159998893738	-0.053449351340532	0.016316814348102
3.9200000762939	-0.052919365465641	0.017053993418813
3.9240000247955	-0.052388288080692	0.017782445997000
3.9279999732971	-0.051856420934200	0.018503194674850
3.9319999217987	-0.051323942840099	0.019217271357775
3.9360001087189	-0.050790965557098	0.019925704225898
3.9400000572205	-0.050257470458746	0.020629547536373
3.9440000057220	-0.049723334610462	0.021329861134291
3.9479999542236	-0.049188312143087	0.022027712315321
3.9519999027252	-0.048652060329914	0.022724119946361
3.9560000896454	-0.048114124685526	0.023420091718435
3.9600000381470	-0.047573946416378	0.024116585031152
3.9639999866486	-0.047030866146088	0.024814529344440
3.9679999351501	-0.046484105288982	0.025514777749777
3.9719998836517	-0.045932818204165	0.026218146085739
3.9760000705719	-0.045376040041447	0.026925349608064
3.9800000190735	-0.044812735170126	0.027637049555779
3.9839999675751	-0.044241767376661	0.028353814035654
3.9879999160767	-0.043661959469318	0.029076084494591
3.9920001029968	-0.043072037398815	0.029804233461618
3.9960000514984	-0.042470708489418	0.030538519844413
4.0000000000000	-0.041856564581394	0.031279090791941
