#Parameters = {L=155.5; Gap=1.5; D=8; Z0=73; cte=0.904}
#"Frequency / GHz"	"S1,1 (13) [Magnitude]"
#-----------------------------------------
0.0000000000000	0.0000000000000
0.0020000000949949	-2.2134073391933e-05
0.0040000001899898	-8.8547541343672e-05
0.0060000000521541	-0.00019720327216514
0.0080000003799796	-0.00035178141627939
0.0099999997764826	-0.00054770058981398
0.012000000104308	-0.00078713226662628
0.014000000432134	-0.0010696790346041
0.016000000759959	-0.0013923789004421
0.017999999225140	-0.0017585006935288
0.019999999552965	-0.0021640850355138
0.021999999880791	-0.0026103695497277
0.024000000208616	-0.0030965433910602
0.026000000536442	-0.0036202498946711
0.028000000864267	-0.0041822689450963
0.029999999329448	-0.0047802797503735
0.032000001519918	-0.0054140497150691
0.034000001847744	-0.0060812901541503
0.035999998450279	-0.0067838731221074
0.037999998778105	-0.0075164225369591
0.039999999105930	-0.0082808299993866
0.041999999433756	-0.0090738065019333
0.043999999761581	-0.0098951886638553
0.046000000089407	-0.010742757485516
0.048000000417233	-0.011615310783734
0.050000000745058	-0.012510625603798
0.052000001072884	-0.013429078148460
0.054000001400709	-0.014367409324395
0.056000001728535	-0.015322872952595
0.057999998331070	-0.016296890399124
0.059999998658895	-0.017285670992517
0.061999998986721	-0.018287493431798
0.064000003039837	-0.019300644986433
0.065999999642372	-0.020323396579180
0.068000003695488	-0.021355582182077
0.070000000298023	-0.022391277229027
0.071999996900558	-0.023433934358142
0.074000000953674	-0.024477581158832
0.075999997556210	-0.025522046237004
0.078000001609325	-0.026564959506210
0.079999998211861	-0.027605027152986
0.082000002264977	-0.028639895137651
0.083999998867512	-0.029667668903957
0.086000002920628	-0.030688038738733
0.087999999523163	-0.031696514992910
0.090000003576279	-0.032692674852760
0.092000000178814	-0.033675122035896
0.093999996781349	-0.034641808187340
0.096000000834465	-0.035590283528758
0.097999997437000	-0.036519994874508
0.10000000149012	-0.037428864396806
0.10199999809265	-0.038314877668278
0.10400000214577	-0.039177327953916
0.10599999874830	-0.040014125537203
0.10800000280142	-0.040823147068055
0.10999999940395	-0.041604071855914
0.11200000345707	-0.042354756028503
0.11400000005960	-0.043074894697070
0.11599999666214	-0.043762239935772
0.11800000071526	-0.044415483403672
0.11999999731779	-0.045034178653121
0.12200000137091	-0.045617012533246
0.12399999797344	-0.046163068255762
0.12600000202656	-0.046671427825877
0.12800000607967	-0.047141025034378
0.12999999523163	-0.047571449381140
0.13199999928474	-0.047961068495850
0.13400000333786	-0.048310416203539
0.13600000739098	-0.048619385552971
0.13799999654293	-0.048885800836332
0.14000000059605	-0.049111052548165
0.14200000464916	-0.049293389934868
0.14399999380112	-0.049432726860246
0.14599999785423	-0.049530789957960
0.14800000190735	-0.049584723802775
0.15000000596046	-0.049597405224430
0.15199999511242	-0.049567445302913
0.15399999916553	-0.049493932447824
0.15600000321865	-0.049380217366472
0.15800000727177	-0.049224314285021
0.15999999642372	-0.049027780779768
0.16200000047684	-0.048791375817103
0.16400000452995	-0.048515046434003
0.16599999368191	-0.048199874022135
0.16799999773502	-0.047846372733538
0.17000000178814	-0.047455693327303
0.17200000584126	-0.047029670390707
0.17399999499321	-0.046567982700611
0.17599999904633	-0.046073139004596
0.17800000309944	-0.045545468312422
0.18000000715256	-0.044986546021957
0.18199999630451	-0.044397991943433
0.18400000035763	-0.043782121558607
0.18600000441074	-0.043138281037700
0.18799999356270	-0.042469723365719
0.18999999761581	-0.041776819329111
0.19200000166893	-0.041063478543748
0.19400000572205	-0.040330159238257
0.19599999487400	-0.039578172752777
0.19799999892712	-0.038810547842887
0.20000000298023	-0.038028128429870
0.20200000703335	-0.037233847721778
0.20399999618530	-0.036430687243812
0.20600000023842	-0.035617718965524
0.20800000429153	-0.034800022551432
0.20999999344349	-0.033977544802164
0.21199999749660	-0.033154572314642
0.21400000154972	-0.032332251386524
0.21600000560284	-0.031512944775941
0.21799999475479	-0.030698998604027
0.21999999880791	-0.029892582463404
0.22200000286102	-0.029095446925169
0.22400000691414	-0.028311207488882
0.22599999606609	-0.027541272066458
0.22800000011921	-0.026788827303286
0.23000000417233	-0.026054867990840
0.23199999332428	-0.025342960821307
0.23399999737740	-0.024654755842794
0.23600000143051	-0.023993582911812
0.23800000548363	-0.023360515485899
0.23999999463558	-0.022756933615117
0.24199999868870	-0.022187400820645
0.24400000274181	-0.021653570353757
0.24600000679493	-0.021156334319632
0.24799999594688	-0.020699762476968
0.25000000000000	-0.020284658826406
0.25200000405312	-0.019912986572528
0.25400000810623	-0.019588732838715
0.25600001215935	-0.019310714124930
0.25799998641014	-0.019083313824538
0.25999999046326	-0.018908356980565
0.26199999451637	-0.018787361564937
0.26399999856949	-0.018720926367322
0.26600000262260	-0.018712363658172
0.26800000667572	-0.018763534261431
0.27000001072884	-0.018875093680602
0.27200001478195	-0.019048668771657
0.27399998903275	-0.019286956993807
0.27599999308586	-0.019590309503048
0.27799999713898	-0.019960452421948
0.28000000119209	-0.020397017662421
0.28200000524521	-0.020905287784741
0.28400000929832	-0.021482886303100
0.28600001335144	-0.022131366968776
0.28799998760223	-0.022853662225834
0.28999999165535	-0.023647869783674
0.29199999570847	-0.024517574686284
0.29399999976158	-0.025461846213628
0.29600000381470	-0.026481648529997
0.29800000786781	-0.027578086388679
0.30000001192093	-0.028751365627778
0.30199998617172	-0.030002756972240
0.30399999022484	-0.031330330611679
0.30599999427795	-0.032735995282708
0.30799999833107	-0.034220051910248
0.31000000238419	-0.035783213045866
0.31200000643730	-0.037422838701186
0.31400001049042	-0.039142092268710
0.31600001454353	-0.040938879920564
0.31799998879433	-0.042814216268146
0.31999999284744	-0.044766807921493
0.32199999690056	-0.046796268609943
0.32400000095367	-0.048902647135305
0.32600000500679	-0.051085236954282
0.32800000905991	-0.053342582995949
0.33000001311302	-0.055676539316681
0.33199998736382	-0.058084724155100
0.33399999141693	-0.060565419305188
0.33599999547005	-0.063119382820994
0.33799999952316	-0.065745201890807
0.34000000357628	-0.068441123015238
0.34200000762939	-0.071206926259687
0.34400001168251	-0.074042690068762
0.34599998593330	-0.076943549065368
0.34799998998642	-0.079912651172803
0.34999999403954	-0.082945851516214
0.35199999809265	-0.086043280721245
0.35400000214577	-0.089202807000163
0.35600000619888	-0.092423025909282
0.35800001025200	-0.095704595923605
0.36000001430511	-0.099043904036028
0.36199998855591	-0.10244001656204
0.36399999260902	-0.10589166840407
0.36599999666214	-0.10939788908056
0.36800000071526	-0.11295626417933
0.37000000476837	-0.11656551369642
0.37200000882149	-0.12022578578070
0.37400001287460	-0.12393276833667
0.37599998712540	-0.12768702405166
0.37799999117851	-0.13148676247698
0.37999999523163	-0.13533132520422
0.38199999928474	-0.13921765499684
0.38400000333786	-0.14314603172546
0.38600000739098	-0.14711445100424
0.38800001144409	-0.15112046705130
0.38999998569489	-0.15516499858803
0.39199998974800	-0.15924438731532
0.39399999380112	-0.16336010545697
0.39599999785423	-0.16750938462328
0.39800000190735	-0.17169151903182
0.40000000596046	-0.17590648954502
0.40200001001358	-0.18015214553521
0.40400001406670	-0.18442704854562
0.40599998831749	-0.18873188392473
0.40799999237061	-0.19306653028725
0.40999999642372	-0.19743048930322
0.41200000047684	-0.20182164114545
0.41400000452995	-0.20623989347948
0.41600000858307	-0.21068607081660
0.41800001263618	-0.21515977286565
0.41999998688698	-0.21966196396816
0.42199999094009	-0.22419113005519
0.42399999499321	-0.22874786100889
0.42599999904633	-0.23333277976648
0.42800000309944	-0.23794730914924
0.43000000715256	-0.24259142215481
0.43200001120567	-0.24726413525844
0.43399998545647	-0.25196870980197
0.43599998950958	-0.25670555128492
0.43799999356270	-0.26147603498667
0.43999999761581	-0.26628221362271
0.44200000166893	-0.27112397640918
0.44400000572205	-0.27600462237961
0.44600000977516	-0.28092574053266
0.44800001382828	-0.28588850338605
0.44999998807907	-0.29089625161286
0.45199999213219	-0.29594923100856
0.45399999618530	-0.30105341150392
0.45600000023842	-0.30620858979747
0.45800000429153	-0.31141893835469
0.46000000834465	-0.31668757160547
0.46200001239777	-0.32201666055737
0.46399998664856	-0.32741168365483
0.46599999070168	-0.33287521565039
0.46799999475479	-0.33841023735166
0.46999999880791	-0.34402164526536
0.47200000286102	-0.34971301261321
0.47400000691414	-0.35548935282410
0.47600001096725	-0.36135478690513
0.47799998521805	-0.36731350924416
0.47999998927116	-0.37337169567973
0.48199999332428	-0.37953334356575
0.48399999737740	-0.38580412491356
0.48600000143051	-0.39218946531489
0.48800000548363	-0.39869440412443
0.49000000953674	-0.40532532554279
0.49200001358986	-0.41208707529292
0.49399998784065	-0.41898740889465
0.49599999189377	-0.42603075257495
0.49799999594688	-0.43322440947374
0.50000000000000	-0.44057568262231
0.50199997425079	-0.44808954262087
0.50400000810623	-0.45577491493698
0.50599998235703	-0.46363679039769
0.50800001621246	-0.47168397589378
0.50999999046326	-0.47992283548229
0.51200002431870	-0.48836156834095
0.51399999856949	-0.49700702424377
0.51599997282028	-0.50586766621991
0.51800000667572	-0.51495037013300
0.51999998092651	-0.52426444397177
0.52200001478195	-0.53381719789427
0.52399998903275	-0.54361787402640
0.52600002288818	-0.55367408328951
0.52799999713898	-0.56399495908054
0.52999997138977	-0.57458810743139
0.53200000524521	-0.58546306004867
0.53399997949600	-0.59662907360804
0.53600001335144	-0.60809484257569
0.53799998760223	-0.61986903341237
0.54000002145767	-0.63196168778044
0.54199999570847	-0.64438125110093
0.54400002956390	-0.65713799990402
0.54600000381470	-0.67024093289054
0.54799997806549	-0.68370079315575
0.55000001192093	-0.69752608107094
0.55199998617172	-0.71172642381064
0.55400002002716	-0.72631327733663
0.55599999427795	-0.74129499382785
0.55800002813339	-0.75668226506509
0.56000000238419	-0.77248560565749
0.56199997663498	-0.78871651191063
0.56400001049042	-0.80538318853112
0.56599998474121	-0.82249559229506
0.56800001859665	-0.84006568691806
0.56999999284744	-0.85810432465668
0.57200002670288	-0.87662223827780
0.57400000095367	-0.89562896505150
0.57599997520447	-0.91513523311056
0.57800000905991	-0.93515324346303
0.57999998331070	-0.95569361096561
0.58200001716614	-0.97676751664044
0.58399999141693	-0.99838543979451
0.58600002527237	-1.0205580204094
0.58799999952316	-1.0432983962143
0.58999997377396	-1.0666158434973
0.59200000762939	-1.0905232174477
0.59399998188019	-1.1150329479891
0.59600001573563	-1.1401537687581
0.59799998998642	-1.1658993996569
0.60000002384186	-1.1922798111300
0.60199999809265	-1.2193100857258
0.60399997234344	-1.2469994035405
0.60600000619888	-1.2753608114575
0.60799998044968	-1.3044056111630
0.61000001430511	-1.3341468887699
0.61199998855591	-1.3645974845084
0.61400002241135	-1.3957675274327
0.61599999666214	-1.4276719875302
0.61799997091293	-1.4603212475836
0.62000000476837	-1.4937307649147
0.62199997901917	-1.5279105372101
0.62400001287460	-1.5628753551955
0.62599998712540	-1.5986384411428
0.62800002098083	-1.6352122519376
0.62999999523163	-1.6726095118525
0.63200002908707	-1.7108443860727
0.63400000333786	-1.7499307387680
0.63599997758865	-1.7898826250626
0.63800001144409	-1.8307131605368
0.63999998569489	-1.8724385418849
0.64200001955032	-1.9150698918448
0.64399999380112	-1.9586236313252
0.64600002765656	-2.0031140254372
0.64800000190735	-2.0485578575444
0.64999997615814	-2.0949665702435
0.65200001001358	-2.1423577016110
0.65399998426437	-2.1907469210973
0.65600001811981	-2.2401484637485
0.65799999237061	-2.2905817670839
0.66000002622604	-2.3420586093364
0.66200000047684	-2.3945994162667
0.66399997472763	-2.4482187304966
0.66600000858307	-2.5029336518345
0.66799998283386	-2.5587632872685
0.67000001668930	-2.6157244396228
0.67199999094009	-2.6738356716466
0.67400002479553	-2.7331134130346
0.67599999904633	-2.7935798909428
0.67799997329712	-2.8552524250860
0.68000000715256	-2.9181498007115
0.68199998140335	-2.9822945901670
0.68400001525879	-3.0477056046477
0.68599998950958	-3.1144017254396
0.68800002336502	-3.1824103375812
0.68999999761581	-3.2517479043812
0.69199997186661	-3.3224391178996
0.69400000572205	-3.3945065498574
0.69599997997284	-3.4679741097070
0.69800001382828	-3.5428671742176
0.69999998807907	-3.6192077030075
0.70200002193451	-3.6970230439496
0.70399999618530	-3.7763400387649
0.70599997043610	-3.8571841008774
0.70800000429153	-3.9395847607574
0.70999997854233	-4.0235687483100
0.71200001239777	-4.1091676848091
0.71399998664856	-4.1964104762617
0.71600002050400	-4.2853275118090
0.71799999475479	-4.3759523821436
0.72000002861023	-4.4683177526293
0.72200000286102	-4.5624581894569
0.72399997711182	-4.6584075535147
0.72600001096725	-4.7562056626092
0.72799998521805	-4.8558864337331
0.73000001907349	-4.9574930237058
0.73199999332428	-5.0610616509010
0.73400002717972	-5.1666380128685
0.73600000143051	-5.2742648478392
0.73799997568130	-5.3839844520958
0.74000000953674	-5.4958475230635
0.74199998378754	-5.6098998126510
0.74400001764297	-5.7261940838762
0.74599999189377	-5.8447815744428
0.74800002574921	-5.9657172166218
0.75000000000000	-6.0890567686235
0.75199997425079	-6.2148601226579
0.75400000810623	-6.3431898420998
0.75599998235703	-6.4741081410442
0.75800001621246	-6.6076846227973
0.75999999046326	-6.7439865015990
0.76200002431870	-6.8830889751986
0.76399999856949	-7.0250678381053
0.76599997282028	-7.1700035285392
0.76800000667572	-7.3179772208881
0.76999998092651	-7.4690800560605
0.77200001478195	-7.6234022242492
0.77399998903275	-7.7810387321146
0.77600002288818	-7.9420933416275
0.77799999713898	-8.1066715062839
0.77999997138977	-8.2748824919287
0.78200000524521	-8.4468450982259
0.78399997949600	-8.6226827434648
0.78600001335144	-8.8025252286098
0.78799998760223	-8.9865101815093
0.79000002145767	-9.1747795658932
0.79199999570847	-9.3674882876808
0.79400002956390	-9.5647961500649
0.79600000381470	-9.7668710570845
0.79799997806549	-9.9738941781364
0.80000001192093	-10.186053701474
0.80199998617172	-10.403550684688
0.80400002002716	-10.626597119680
0.80599999427795	-10.855415528020
0.80800002813339	-11.090243299909
0.81000000238419	-11.331332242718
0.81199997663498	-11.578946196240
0.81400001049042	-11.833365952648
0.81599998474121	-12.094887565538
0.81800001859665	-12.363821448924
0.81999999284744	-12.640497755871
0.82200002670288	-12.925258479602
0.82400000095367	-13.218464905266
0.82599997520447	-13.520492565510
0.82800000905991	-13.831727939687
0.82999998331070	-14.152572349749
0.83200001716614	-14.483427908694
0.83399999141693	-14.824695845538
0.83600002527237	-15.176771316037
0.83799999952316	-15.540021292208
0.83999997377396	-15.914775122518
0.84200000762939	-16.301288790324
0.84399998188019	-16.699719302059
0.84600001573563	-17.110072972825
0.84799998998642	-17.532137203755
0.85000002384186	-17.965398059325
0.85199999809265	-18.408929936378
0.85399997234344	-18.861236741872
0.85600000619888	-19.320068984797
0.85799998044968	-19.782192418441
0.86000001430511	-20.243113236993
0.86199998855591	-20.696782993204
0.86400002241135	-21.135349268725
0.86599999666214	-21.548981720941
0.86799997091293	-21.925964144985
0.87000000476837	-22.253150255451
0.87199997901917	-22.516960831557
0.87400001287460	-22.704889101402
0.87599998712540	-22.807324703803
0.87800002098083	-22.819229247668
0.87999999523163	-22.741112040872
0.88200002908707	-22.578919473986
0.88400000333786	-22.342909925567
0.88599997758865	-22.045910233745
0.88800001144409	-21.701518727246
0.88999998569489	-21.322672548334
0.89200001955032	-20.920773699990
0.89399999380112	-20.505289007430
0.89600002765656	-20.083735498517
0.89800000190735	-19.661853151483
0.89999997615814	-19.243888041406
0.90200001001358	-18.832877642467
0.90399998426437	-18.430917416014
0.90600001811981	-18.039383720052
0.90799999237061	-17.659118413594
0.91000002622604	-17.290568036053
0.91200000047684	-16.933897794294
0.91399997472763	-16.589064455764
0.91600000858307	-16.255890600102
0.91799998283386	-15.934099068986
0.92000001668930	-15.623348545906
0.92199999094009	-15.323261894268
0.92400002479553	-15.033438917662
0.92599999904633	-14.753474240491
0.92799997329712	-14.482960231124
0.93000000715256	-14.221494930583
0.93199998140335	-13.968690268410
0.93400001525879	-13.724168094911
0.93599998950958	-13.487568469794
0.93800002336502	-13.258545425841
0.93999999761581	-13.036769935667
0.94199997186661	-12.821927570754
0.94400000572205	-12.613722303849
0.94599997997284	-12.411873075595
0.94800001382828	-12.216112757988
0.94999998807907	-12.026188126152
0.95200002193451	-11.841861738616
0.95399999618530	-11.662904062811
0.95599997043610	-11.489105890518
0.95800000429153	-11.320260650164
0.95999997854233	-11.156175784042
0.96200001239777	-10.996673633470
0.96399998664856	-10.841576866101
0.96600002050400	-10.690722864331
0.96799999475479	-10.543955699685
0.97000002861023	-10.401131744061
0.97200000286102	-10.262104474629
0.97399997711182	-10.126742247381
0.97600001096725	-9.9949190639469
0.97799998521805	-9.8665126093811
0.98000001907349	-9.7414072121495
0.98199999332428	-9.6194902803500
0.98400002717972	-9.5006598362641
0.98600000143051	-9.3848131449613
0.98799997568130	-9.2718543008293
0.99000000953674	-9.1616908094570
0.99199998378754	-9.0542333680963
0.99400001764297	-8.9493978329478
0.99599999189377	-8.8471027417987
0.99800002574921	-8.7472684279972
1.0000000000000	-8.6498210956709
1.0019999742508	-8.5546889850868
1.0039999485016	-8.4618015711673
1.0060000419617	-8.3710907919980
1.0080000162125	-8.2824929247240
1.0099999904633	-8.1959463025988
1.0119999647141	-8.1113898911133
1.0140000581741	-8.0287664371480
1.0160000324249	-7.9480190652962
1.0180000066757	-7.8690924522175
1.0199999809265	-7.7919359352779
1.0219999551773	-7.7164975443991
1.0240000486374	-7.6427271686254
1.0260000228882	-7.5705789126129
1.0279999971390	-7.5000059712955
1.0299999713898	-7.4309617885264
1.0319999456406	-7.3634043446389
1.0340000391006	-7.2972910088487
1.0360000133514	-7.2325791904062
1.0379999876022	-7.1692310633765
1.0399999618530	-7.1072044023553
1.0420000553131	-7.0464651781090
1.0440000295639	-6.9869741780581
1.0460000038147	-6.9286954733824
1.0479999780655	-6.8715945218128
1.0499999523163	-6.8156366777134
1.0520000457764	-6.7607903656577
1.0540000200272	-6.7070206018862
1.0559999942780	-6.6542978227502
1.0579999685287	-6.6025907862093
1.0599999427795	-6.5518697136113
1.0620000362396	-6.5021045743614
1.0640000104904	-6.4532678910613
1.0659999847412	-6.4053313255967
1.0679999589920	-6.3582671404898
1.0700000524521	-6.3120489827854
1.0720000267029	-6.2666516861257
1.0740000009537	-6.2220500617758
1.0759999752045	-6.1782195621238
1.0779999494553	-6.1351350435594
1.0800000429153	-6.0927744894788
1.0820000171661	-6.0511154386358
1.0839999914169	-6.0101340470803
1.0859999656677	-5.9698111744964
1.0880000591278	-5.9301229786182
1.0900000333786	-5.8910509191201
1.0920000076294	-5.8525737134840
1.0939999818802	-5.8146734108577
1.0959999561310	-5.7773319652543
1.0980000495911	-5.7405277988953
1.1000000238419	-5.7042449034430
1.1019999980927	-5.6684677990900
1.1039999723434	-5.6331764010457
1.1059999465942	-5.5983578948254
1.1080000400543	-5.5639915957976
1.1100000143051	-5.5300681044691
1.1119999885559	-5.4965693565968
1.1139999628067	-5.4634810803809
1.1160000562668	-5.4307912073671
1.1180000305176	-5.3984856426426
1.1200000047684	-5.3665516222485
1.1219999790192	-5.3349763403258
1.1239999532700	-5.3037476941108
1.1260000467300	-5.2728549217424
1.1280000209808	-5.2422866425509
1.1299999952316	-5.2120345863437
1.1319999694824	-5.1820852103979
1.1339999437332	-5.1524308247105
1.1360000371933	-5.1230616587319
1.1380000114441	-5.0939708964472
1.1399999856949	-5.0651476500948
1.1419999599457	-5.0365864951132
1.1440000534058	-5.0082782631386
1.1460000276566	-4.9802153414460
1.1480000019073	-4.9523921289410
1.1499999761581	-4.9248032670627
1.1519999504089	-4.8974421824160
1.1540000438690	-4.8703017757880
1.1560000181198	-4.8433794110460
1.1579999923706	-4.8166678576620
1.1599999666214	-4.7901652452055
1.1619999408722	-4.7638667696906
1.1640000343323	-4.7377670588934
1.1660000085831	-4.7118652137635
1.1679999828339	-4.6861561766104
1.1699999570847	-4.6606380287544
1.1720000505447	-4.6353084935353
1.1740000247955	-4.6101637297427
1.1759999990463	-4.5852053490767
1.1779999732971	-4.5604283172885
1.1799999475479	-4.5358329981881
1.1820000410080	-4.5114168316580
1.1840000152588	-4.4871809188240
1.1859999895096	-4.4631224519275
1.1879999637604	-4.4392428288238
1.1900000572205	-4.4155406803653
1.1920000314713	-4.3920165419681
1.1940000057220	-4.3686697839423
1.1959999799728	-4.3455007151906
1.1979999542236	-4.3225118506210
1.2000000476837	-4.2997005184351
1.2020000219345	-4.2770700327527
1.2039999961853	-4.2546215224548
1.2059999704361	-4.2323532199851
1.2079999446869	-4.2102673483683
1.2100000381470	-4.1883679662765
1.2120000123978	-4.1666536274304
1.2139999866486	-4.1451251716972
1.2159999608994	-4.1237858097283
1.2180000543594	-4.1026352025432
1.2200000286102	-4.0816761737709
1.2220000028610	-4.0609109549860
1.2239999771118	-4.0403406707590
1.2259999513626	-4.0199660685094
1.2280000448227	-3.9997890148197
1.2300000190735	-3.9798119189695
1.2319999933243	-3.9600348221914
1.2339999675751	-3.9404643144112
1.2359999418259	-3.9210926722862
1.2380000352859	-3.9019305205324
1.2400000095367	-3.8829763129738
1.2419999837875	-3.8642300264801
1.2439999580383	-3.8456930929114
1.2460000514984	-3.8273691489844
1.2480000257492	-3.8092593450305
1.2500000000000	-3.7913633852336
1.2519999742508	-3.7736833825952
1.2539999485016	-3.7562199859028
1.2560000419617	-3.7389737120798
1.2580000162125	-3.7219454037831
1.2599999904633	-3.7051388045027
1.2619999647141	-3.6885508181917
1.2640000581741	-3.6721844875729
1.2660000324249	-3.6560398790336
1.2680000066757	-3.6401147695560
1.2699999809265	-3.6244140201648
1.2719999551773	-3.6089343768498
1.2740000486374	-3.5936762311304
1.2760000228882	-3.5786408414089
1.2779999971390	-3.5638267148766
1.2799999713898	-3.5492357004795
1.2819999456406	-3.5348631816051
1.2840000391006	-3.5207109018100
1.2860000133514	-3.5067792137637
1.2879999876022	-3.4930656358622
1.2899999618530	-3.4795689120656
1.2920000553131	-3.4662899900917
1.2940000295639	-3.4532243401179
1.2960000038147	-3.4403728101558
1.2979999780655	-3.4277316680289
1.2999999523163	-3.4153025837531
1.3020000457764	-3.4030800514945
1.3040000200272	-3.3910652448562
1.3059999942780	-3.3792515564102
1.3079999685287	-3.3676415799481
1.3099999427795	-3.3562299192570
1.3120000362396	-3.3450159043451
1.3140000104904	-3.3339943328906
1.3159999847412	-3.3231640390808
1.3179999589920	-3.3125216395788
1.3200000524521	-3.3020645980912
1.3220000267029	-3.2917872386877
1.3240000009537	-3.2816898101985
1.3259999752045	-3.2717663523306
1.3279999494553	-3.2620158089859
1.3300000429153	-3.2524316128833
1.3320000171661	-3.2430120858178
1.3339999914169	-3.2337518520381
1.3359999656677	-3.2246465269917
1.3380000591278	-3.2156943806752
1.3400000333786	-3.2068917182933
1.3420000076294	-3.1982295709797
1.3439999818802	-3.1897089895211
1.3459999561310	-3.1813222351025
1.3480000495911	-3.1730654303548
1.3500000238419	-3.1649353265488
1.3519999980927	-3.1569277943658
1.3539999723434	-3.1490353951705
1.3559999465942	-3.1412561052258
1.3580000400543	-3.1335846852482
1.3600000143051	-3.1260164435479
1.3619999885559	-3.1185445993630
1.3639999628067	-3.1111679991323
1.3660000562668	-3.1038799190972
1.3680000305176	-3.0966769066926
1.3700000047684	-3.0895503350963
1.3719999790192	-3.0825003451926
1.3739999532700	-3.0755196023965
1.3760000467300	-3.0686039173578
1.3780000209808	-3.0617490510731
1.3799999952316	-3.0549487583757
1.3819999694824	-3.0482008696432
1.3839999437332	-3.0414978880583
1.3860000371933	-3.0348395582220
1.3880000114441	-3.0282172716781
1.3899999856949	-3.0216278930906
1.3919999599457	-3.0150683333501
1.3940000534058	-3.0085339865422
1.3960000276566	-3.0020207159040
1.3980000019073	-2.9955231097915
1.3999999761581	-2.9890381251184
1.4019999504089	-2.9825632526971
1.4040000438690	-2.9760922601810
1.4060000181198	-2.9696246233126
1.4079999923706	-2.9631544310315
1.4099999666214	-2.9566790559410
1.4119999408722	-2.9501958354435
1.4140000343323	-2.9437001013250
1.4160000085831	-2.9371895201189
1.4179999828339	-2.9306628604695
1.4199999570847	-2.9241174337070
1.4220000505447	-2.9175479078614
1.4240000247955	-2.9109543782610
1.4259999990463	-2.9043337146856
1.4279999732971	-2.8976840973977
1.4299999475479	-2.8910048082683
1.4320000410080	-2.8842922533800
1.4340000152588	-2.8775454622679
1.4359999895096	-2.8707634598210
1.4379999637604	-2.8639456635303
1.4400000572205	-2.8570891859539
1.4420000314713	-2.8501949630480
1.4440000057220	-2.8432618827140
1.4459999799728	-2.8362892263541
1.4479999542236	-2.8292765847255
1.4500000476837	-2.8222237195508
1.4520000219345	-2.8151306150008
1.4539999961853	-2.8079980160640
1.4559999704361	-2.8008266111773
1.4579999446869	-2.7936139884655
1.4600000381470	-2.7863648537746
1.4620000123978	-2.7790782574430
1.4639999866486	-2.7717542473256
1.4659999608994	-2.7643958676013
1.4680000543594	-2.7570025936806
1.4700000286102	-2.7495768899072
1.4720000028610	-2.7421206816709
1.4739999771118	-2.7346343717601
1.4759999513626	-2.7271207896813
1.4780000448227	-2.7195823055304
1.4800000190735	-2.7120196866304
1.4819999933243	-2.7044352213377
1.4839999675751	-2.6968331384206
1.4859999418259	-2.6892136524341
1.4880000352859	-2.6815799022362
1.4900000095367	-2.6739360955741
1.4919999837875	-2.6662828011248
1.4939999580383	-2.6586256555807
1.4960000514984	-2.6509627196045
1.4980000257492	-2.6433024968934
1.5000000000000	-2.6356431207535
1.5019999742508	-2.6279914999185
1.5039999485016	-2.6203477160779
1.5060000419617	-2.6127185680174
1.5080000162125	-2.6051031893120
1.5099999904633	-2.5975074615622
1.5119999647141	-2.5899339447344
1.5140000581741	-2.5823855012820
1.5160000324249	-2.5748671398667
1.5180000066757	-2.5673803382671
1.5199999809265	-2.5599279094530
1.5219999551773	-2.5525148297956
1.5240000486374	-2.5451427284391
1.5260000228882	-2.5378169701947
1.5279999971390	-2.5305393878768
1.5299999713898	-2.5233128106066
1.5319999456406	-2.5161419276748
1.5340000391006	-2.5090288175231
1.5360000133514	-2.5019752092449
1.5379999876022	-2.4949856094876
1.5399999618530	-2.4880640578584
1.5420000553131	-2.4812116251343
1.5440000295639	-2.4744313595142
1.5460000038147	-2.4677268750513
1.5479999780655	-2.4610984974461
1.5499999523163	-2.4545521932956
1.5520000457764	-2.4480875199843
1.5540000200272	-2.4417083245453
1.5559999942780	-2.4354169042344
1.5579999685287	-2.4292128446528
1.5599999427795	-2.4231019044593
1.5620000362396	-2.4170840104548
1.5640000104904	-2.4111602667035
1.5659999847412	-2.4053337171419
1.5679999589920	-2.3996047880063
1.5700000524521	-2.3939761561644
1.5720000267029	-2.3884480826558
1.5740000009537	-2.3830209698119
1.5759999752045	-2.3776980037815
1.5779999494553	-2.3724784786817
1.5800000429153	-2.3673626887203
1.5820000171661	-2.3623530858342
1.5839999914169	-2.3574491384667
1.5859999656677	-2.3526506188435
1.5880000591278	-2.3479578425000
1.5900000333786	-2.3433703628004
1.5920000076294	-2.3388900558443
1.5939999818802	-2.3345144266940
1.5959999561310	-2.3302439904867
1.5980000495911	-2.3260784207656
1.6000000238419	-2.3220167699274
1.6019999980927	-2.3180584332063
1.6039999723434	-2.3142010767062
1.6059999465942	-2.3104453086621
1.6080000400543	-2.3067880365501
1.6100000143051	-2.3032308132185
1.6119999885559	-2.2997683490253
1.6139999628067	-2.2964016951324
1.6160000562668	-2.2931278139069
1.6180000305176	-2.2899445578030
1.6200000047684	-2.2868514918463
1.6219999790192	-2.2838440887666
1.6239999532700	-2.2809218717503
1.6260000467300	-2.2780824130500
1.6280000209808	-2.2753212758243
1.6299999952316	-2.2726380703717
1.6319999694824	-2.2700285164264
1.6339999437332	-2.2674901632554
1.6360000371933	-2.2650204390414
1.6380000114441	-2.2626156039911
1.6399999856949	-2.2602743403784
1.6419999599457	-2.2579907491396
1.6440000534058	-2.2557635858384
1.6460000276566	-2.2535890923442
1.6480000019073	-2.2514623187453
1.6499999761581	-2.2493822862571
1.6519999504089	-2.2473442810159
1.6540000438690	-2.2453445378174
1.6560000181198	-2.2433791305433
1.6579999923706	-2.2414454263625
1.6599999666214	-2.2395390895529
1.6619999408722	-2.2376564141680
1.6640000343323	-2.2357950774059
1.6660000085831	-2.2339482282119
1.6679999828339	-2.2321157488133
1.6699999570847	-2.2302912528333
1.6720000505447	-2.2284723358515
1.6740000247955	-2.2266553701473
1.6759999990463	-2.2248370322396
1.6779999732971	-2.2230119743992
1.6799999475479	-2.2211778173249
1.6820000410080	-2.2193313139247
1.6840000152588	-2.2174681959261
1.6859999895096	-2.2155856590172
1.6879999637604	-2.2136801222258
1.6900000572205	-2.2117486429762
1.6920000314713	-2.2097880369478
1.6940000057220	-2.2077927027297
1.6959999799728	-2.2057631342312
1.6979999542236	-2.2036954322432
1.7000000476837	-2.2015852335405
1.7020000219345	-2.1994317089708
1.7039999961853	-2.1972319312504
1.7059999704361	-2.1949803579628
1.7079999446869	-2.1926788162433
1.7100000381470	-2.1903238305841
1.7120000123978	-2.1879115329955
1.7139999866486	-2.1854417256334
1.7159999608994	-2.1829117389322
1.7180000543594	-2.1803208446576
1.7200000286102	-2.1776675490159
1.7220000028610	-2.1749489347411
1.7239999771118	-2.1721637929574
1.7259999513626	-2.1693133591866
1.7280000448227	-2.1663962954273
1.7300000190735	-2.1634084444579
1.7319999933243	-2.1603533487641
1.7339999675751	-2.1572284146208
1.7359999418259	-2.1540336268426
1.7380000352859	-2.1507698871525
1.7400000095367	-2.1474364627725
1.7419999837875	-2.1440338860680
1.7439999580383	-2.1405622057808
1.7460000514984	-2.1370227908859
1.7480000257492	-2.1334158579881
1.7500000000000	-2.1297422976415
1.7519999742508	-2.1260013680088
1.7539999485016	-2.1221986948592
1.7560000419617	-2.1183318281801
1.7580000162125	-2.1144045482344
1.7599999904633	-2.1104172717370
1.7619999647141	-2.1063733324931
1.7640000581741	-2.1022738375909
1.7660000324249	-2.0981203097184
1.7680000066757	-2.0939155317415
1.7699999809265	-2.0896637606917
1.7719999551773	-2.0853636449582
1.7740000486374	-2.0810210001856
1.7760000228882	-2.0766393270996
1.7779999971390	-2.0722176977833
1.7799999713898	-2.0677632566994
1.7819999456406	-2.0632768006191
1.7840000391006	-2.0587628997423
1.7860000133514	-2.0542224438328
1.7879999876022	-2.0496634719934
1.7899999618530	-2.0450843471606
1.7920000553131	-2.0404920263263
1.7940000295639	-2.0358874469557
1.7960000038147	-2.0312776669818
1.7979999780655	-2.0266640636151
1.7999999523163	-2.0220517072194
1.8020000457764	-2.0174444164814
1.8040000200272	-2.0128439331372
1.8059999942780	-2.0082560852602
1.8079999685287	-2.0036843996532
1.8099999427795	-1.9991327155491
1.8120000362396	-1.9946043835252
1.8140000104904	-1.9901057911036
1.8159999847412	-1.9856375977279
1.8179999589920	-1.9812049558430
1.8200000524521	-1.9768134581543
1.8220000267029	-1.9724640341210
1.8240000009537	-1.9681607189858
1.8259999752045	-1.9639101361541
1.8279999494553	-1.9597133624466
1.8300000429153	-1.9555760456810
1.8320000171661	-1.9514986221796
1.8339999914169	-1.9474892993393
1.8359999656677	-1.9435454594643
1.8380000591278	-1.9396761622495
1.8400000333786	-1.9358819525716
1.8420000076294	-1.9321650580823
1.8439999818802	-1.9285315546884
1.8459999561310	-1.9249815453102
1.8480000495911	-1.9215197473735
1.8500000238419	-1.9181482617729
1.8519999980927	-1.9148683877361
1.8539999723434	-1.9116841920967
1.8559999465942	-1.9085978918227
1.8580000400543	-1.9056128534343
1.8600000143051	-1.9027278140293
1.8619999885559	-1.8999471049994
1.8639999628067	-1.8972735948182
1.8660000562668	-1.8947069674764
1.8680000305176	-1.8922486273241
1.8700000047684	-1.8899008542368
1.8719999790192	-1.8876658151988
1.8739999532700	-1.8855418207807
1.8760000467300	-1.8835335024325
1.8780000209808	-1.8816387679445
1.8799999952316	-1.8798589035110
1.8819999694824	-1.8781941182826
1.8839999437332	-1.8766460710249
1.8860000371933	-1.8752126039482
1.8880000114441	-1.8738947505149
1.8899999856949	-1.8726935186778
1.8919999599457	-1.8716071610554
1.8940000534058	-1.8706349477712
1.8960000276566	-1.8697766417682
1.8980000019073	-1.8690311650344
1.8999999761581	-1.8683974854139
1.9019999504089	-1.8678755056117
1.9040000438690	-1.8674626329135
1.9060000181198	-1.8671568776954
1.9079999923706	-1.8669587262489
1.9099999666214	-1.8668639035863
1.9119999408722	-1.8668718645350
1.9140000343323	-1.8669797046510
1.9160000085831	-1.8671850029563
1.9179999828339	-1.8674880808415
1.9199999570847	-1.8678819980480
1.9220000505447	-1.8683681641630
1.9240000247955	-1.8689411782557
1.9259999990463	-1.8695993424554
1.9279999732971	-1.8703377518969
1.9299999475479	-1.8711561784802
1.9320000410080	-1.8720493326369
1.9340000152588	-1.8730153076944
1.9359999895096	-1.8740490564382
1.9379999637604	-1.8751477644382
1.9400000572205	-1.8763082358669
1.9420000314713	-1.8775264195695
1.9440000057220	-1.8787973800346
1.9459999799728	-1.8801205684905
1.9479999542236	-1.8814874292305
1.9500000476837	-1.8828982847465
1.9520000219345	-1.8843451047519
1.9539999961853	-1.8858273896711
1.9559999704361	-1.8873403394379
1.9579999446869	-1.8888797655972
1.9600000381470	-1.8904389132477
1.9620000123978	-1.8920175736715
1.9639999866486	-1.8936081841928
1.9659999608994	-1.8952097058759
1.9680000543594	-1.8968166086761
1.9700000286102	-1.8984247857597
1.9720000028610	-1.9000300377672
1.9739999771118	-1.9016285281072
1.9759999513626	-1.9032174852430
1.9780000448227	-1.9047911258331
1.9800000190735	-1.9063478927621
1.9819999933243	-1.9078820019022
1.9839999675751	-1.9093906081415
1.9859999418259	-1.9108716015973
1.9880000352859	-1.9123188494264
1.9900000095367	-1.9137304773087
1.9919999837875	-1.9151031927807
1.9939999580383	-1.9164335007091
1.9960000514984	-1.9177195692351
1.9980000257492	-1.9189584758495
2.0000000000000	-1.9201445916357
