#Parameters = {L=161.5; Gap=1.5; D=8; Z0=73; cte=0.904}
#"Frequency / GHz"	"S1,1 (14) [Magnitude]"
#-----------------------------------------
0.0000000000000	0.0000000000000
0.0020000000949949	-2.5168270567846e-05
0.0040000001899898	-9.9133301458841e-05
0.0060000000521541	-0.00022089979457736
0.0080000003799796	-0.00039364056193080
0.0099999997764826	-0.00061278908950183
0.012000000104308	-0.00088105282830806
0.014000000432134	-0.0011959881202927
0.016000000759959	-0.0015587984571109
0.017999999225140	-0.0019670893168597
0.019999999552965	-0.0024221143613648
0.021999999880791	-0.0029210034175645
0.024000000208616	-0.0034624682593155
0.026000000536442	-0.0040478236939902
0.028000000864267	-0.0046737482024408
0.029999999329448	-0.0053415982716916
0.032000001519918	-0.0060465290140316
0.034000001847744	-0.0067914877896925
0.035999998450279	-0.0075711423690127
0.037999998778105	-0.0083858782239964
0.039999999105930	-0.0092340034460956
0.041999999433756	-0.010113343605713
0.043999999761581	-0.011024301201991
0.046000000089407	-0.011962112739113
0.048000000417233	-0.012926688488849
0.050000000745058	-0.013916891921601
0.052000001072884	-0.014929000368789
0.054000001400709	-0.015962417321396
0.056000001728535	-0.017014960523423
0.057999998331070	-0.018083436125041
0.059999998658895	-0.019168237823246
0.061999998986721	-0.020265129870460
0.064000003039837	-0.021371374105677
0.065999999642372	-0.022487904717265
0.068000003695488	-0.023609884506099
0.070000000298023	-0.024737152982682
0.071999996900558	-0.025865912555235
0.074000000953674	-0.026994412143317
0.075999997556210	-0.028120880023953
0.078000001609325	-0.029244014342416
0.079999998211861	-0.030359972413741
0.082000002264977	-0.031465840508349
0.083999998867512	-0.032562847357057
0.086000002920628	-0.033646531678094
0.087999999523163	-0.034714980682441
0.090000003576279	-0.035766711525450
0.092000000178814	-0.036798732556942
0.093999996781349	-0.037810555823162
0.096000000834465	-0.038799672683088
0.097999997437000	-0.039762813272058
0.10000000149012	-0.040700079681616
0.10199999809265	-0.041608197296131
0.10400000214577	-0.042486515669784
0.10599999874830	-0.043333354392607
0.10800000280142	-0.044146926535319
0.10999999940395	-0.044924370575074
0.11200000345707	-0.045666008847091
0.11400000005960	-0.046369888058359
0.11599999666214	-0.047033579298424
0.11800000071526	-0.047658282241187
0.11999999731779	-0.048240883441607
0.12200000137091	-0.048779940514189
0.12399999797344	-0.049275909501912
0.12600000202656	-0.049727776334086
0.12800000607967	-0.050134373676838
0.12999999523163	-0.050494525323983
0.13199999928474	-0.050808631016254
0.13400000333786	-0.051074886954543
0.13600000739098	-0.051294673324150
0.13799999654293	-0.051466600751553
0.14000000059605	-0.051589916820457
0.14200000464916	-0.051665790770549
0.14399999380112	-0.051693347441673
0.14599999785423	-0.051673682507122
0.14800000190735	-0.051606387105751
0.15000000596046	-0.051489975707046
0.15199999511242	-0.051328060545486
0.15399999916553	-0.051119591241437
0.15600000321865	-0.050866613158678
0.15800000727177	-0.050567500302983
0.15999999642372	-0.050224763421567
0.16200000047684	-0.049838286223485
0.16400000452995	-0.049409464279808
0.16599999368191	-0.048941867096727
0.16799999773502	-0.048433728111836
0.17000000178814	-0.047886435551816
0.17200000584126	-0.047303321102888
0.17399999499321	-0.046683756074805
0.17599999904633	-0.046031741994357
0.17800000309944	-0.045346885030958
0.18000000715256	-0.044632183030214
0.18199999630451	-0.043890103507521
0.18400000035763	-0.043120725714047
0.18600000441074	-0.042328097936148
0.18799999356270	-0.041511879692508
0.18999999761581	-0.040676134913642
0.19200000166893	-0.039823754155179
0.19400000572205	-0.038954883209603
0.19599999487400	-0.038072736149828
0.19799999892712	-0.037180465961679
0.20000000298023	-0.036279175940875
0.20200000703335	-0.035372692954216
0.20399999618530	-0.034462496157102
0.20600000023842	-0.033552185303631
0.20800000429153	-0.032643121692896
0.20999999344349	-0.031739192770295
0.21199999749660	-0.030841395139365
0.21400000154972	-0.029953831044562
0.21600000560284	-0.029079028430313
0.21799999475479	-0.028219582811193
0.21999999880791	-0.027377267360777
0.22200000286102	-0.026556525621718
0.22400000691414	-0.025757676551678
0.22599999606609	-0.024984968452153
0.22800000011921	-0.024241160810781
0.23000000417233	-0.023529059944665
0.23199999332428	-0.022851160908476
0.23399999737740	-0.022208044200105
0.23600000143051	-0.021604211810627
0.23800000548363	-0.021042071001430
0.23999999463558	-0.020524404138571
0.24199999868870	-0.020053718049101
0.24400000274181	-0.019631555745145
0.24600000679493	-0.019259566190593
0.24799999594688	-0.018942782043104
0.25000000000000	-0.018680183937381
0.25200000405312	-0.018476154640320
0.25400000810623	-0.018332310825121
0.25600001215935	-0.018251220812280
0.25799998641014	-0.018233031242104
0.25999999046326	-0.018282083503267
0.26199999451637	-0.018399865885942
0.26399999856949	-0.018585453934178
0.26600000262260	-0.018842764512688
0.26800000667572	-0.019173669614531
0.27000001072884	-0.019578544116222
0.27200001478195	-0.020060263020101
0.27399998903275	-0.020618208057141
0.27599999308586	-0.021254367706748
0.27799999713898	-0.021970288682919
0.28000000119209	-0.022768017142095
0.28200000524521	-0.023645789434517
0.28400000929832	-0.024606630693181
0.28600001335144	-0.025651986853791
0.28799998760223	-0.026779488376602
0.28999999165535	-0.027992387359358
0.29199999570847	-0.029289201236779
0.29399999976158	-0.030672196331440
0.29600000381470	-0.032140655664351
0.29800000786781	-0.033695406434630
0.30000001192093	-0.035334524886432
0.30199998617172	-0.037061328603908
0.30399999022484	-0.038871996928111
0.30599999427795	-0.040768869197577
0.30799999833107	-0.042750487636843
0.31000000238419	-0.044817418394995
0.31200000643730	-0.046968143616785
0.31400001049042	-0.049203244603982
0.31600001454353	-0.051521634624824
0.31799998879433	-0.053920844141105
0.31999999284744	-0.056402375989915
0.32199999690056	-0.058962716024247
0.32400000095367	-0.061604896315860
0.32600000500679	-0.064324406691106
0.32800000905991	-0.067120015140681
0.33000001311302	-0.069993359824166
0.33199998736382	-0.072940342043139
0.33399999141693	-0.075959933588700
0.33599999547005	-0.079053709622930
0.33799999952316	-0.082214939537630
0.34000000357628	-0.085446999276276
0.34200000762939	-0.088746671725849
0.34400001168251	-0.092111804201961
0.34599998593330	-0.095540845005562
0.34799998998642	-0.099032644339168
0.34999999403954	-0.10258461609554
0.35199999809265	-0.10619695653725
0.35400000214577	-0.10986503046433
0.35600000619888	-0.11359075420277
0.35800001025200	-0.11736846848296
0.36000001430511	-0.12120049544095
0.36199998855591	-0.12508186018266
0.36399999260902	-0.12901212011142
0.36599999666214	-0.13298943185144
0.36800000071526	-0.13701156031531
0.37000000476837	-0.14107878959910
0.37200000882149	-0.14518695360882
0.37400001287460	-0.14933627286990
0.37599998712540	-0.15352478753472
0.37799999117851	-0.15775073085752
0.37999999523163	-0.16201215843417
0.38199999928474	-0.16631008574015
0.38400000333786	-0.17063997593951
0.38600000739098	-0.17500315925854
0.38800001144409	-0.17939817657601
0.38999998569489	-0.18382298636013
0.39199998974800	-0.18827665000216
0.39399999380112	-0.19275989613640
0.39599999785423	-0.19727078505027
0.39800000190735	-0.20180993255724
0.40000000596046	-0.20637584160602
0.40200001001358	-0.21096694663150
0.40400001406670	-0.21558691501574
0.40599998831749	-0.22023221343657
0.40799999237061	-0.22490487085601
0.40999999642372	-0.22960290921763
0.41200000047684	-0.23432910451897
0.41400000452995	-0.23908331008839
0.41600000858307	-0.24386628565943
0.41800001263618	-0.24867842451395
0.41999998688698	-0.25352091930809
0.42199999094009	-0.25839621981910
0.42399999499321	-0.26330409654012
0.42599999904633	-0.26824632937025
0.42800000309944	-0.27322603672631
0.43000000715256	-0.27824373098921
0.43200001120567	-0.28330382669519
0.43399998545647	-0.28840640798653
0.43599998950958	-0.29355532765428
0.43799999356270	-0.29875297355325
0.43999999761581	-0.30400236511300
0.44200000166893	-0.30930719795812
0.44400000572205	-0.31466929012398
0.44600000977516	-0.32009393724378
0.44800001382828	-0.32558501758795
0.44999998807907	-0.33114612779229
0.45199999213219	-0.33678086988095
0.45399999618530	-0.34249470855421
0.45600000023842	-0.34829169487765
0.45800000429153	-0.35417755128602
0.46000000834465	-0.36015664705312
0.46200001239777	-0.36623423593699
0.46399998664856	-0.37241572784824
0.46599999070168	-0.37870809552558
0.46799999475479	-0.38511553255970
0.46999999880791	-0.39164667682309
0.47200000286102	-0.39830485063597
0.47400000691414	-0.40509856222194
0.47600001096725	-0.41203379118103
0.47799998521805	-0.41911878673435
0.47999998927116	-0.42635874390385
0.48199999332428	-0.43376148309667
0.48399999737740	-0.44133610618568
0.48600000143051	-0.44908910589040
0.48800000548363	-0.45702925202448
0.49000000953674	-0.46516255544501
0.49200001358986	-0.47349899292212
0.49399998784065	-0.48204589951273
0.49599999189377	-0.49081393530822
0.49799999594688	-0.49980967230893
0.50000000000000	-0.50904201321169
0.50199997425079	-0.51852303603181
0.50400000810623	-0.52825846805531
0.50599998235703	-0.53825872756484
0.50800001621246	-0.54853394118315
0.50999999046326	-0.55909434553437
0.51200002431870	-0.56994853288963
0.51399999856949	-0.58110645827013
0.51599997282028	-0.59257974368690
0.51800000667572	-0.60437719939416
0.51999998092651	-0.61650840787420
0.52200001478195	-0.62898578310913
0.52399998903275	-0.64181900392909
0.52600002288818	-0.65501854371926
0.52799999713898	-0.66859642531453
0.52999997138977	-0.68256223579638
0.53200000524521	-0.69692721302852
0.53399997949600	-0.71170303155837
0.53600001335144	-0.72690110055627
0.53799998760223	-0.74253178908179
0.54000002145767	-0.75860794764135
0.54199999570847	-0.77514065092300
0.54400002956390	-0.79214035224856
0.54600000381470	-0.80962032940426
0.54799997806549	-0.82759188636805
0.55000001192093	-0.84606640781045
0.55199998617172	-0.86505663073559
0.55400002002716	-0.88457548543697
0.55599999427795	-0.90463281133816
0.55800002813339	-0.92524254981748
0.56000000238419	-0.94641737299649
0.56199997663498	-0.96816793550224
0.56400001049042	-0.99051017580190
0.56599998474121	-1.0134528220399
0.56800001859665	-1.0370105509724
0.56999999284744	-1.0611950818438
0.57200002670288	-1.0860205520788
0.57400000095367	-1.1115008516522
0.57599997520447	-1.1376463734377
0.57800000905991	-1.1644722724682
0.57999998331070	-1.1919900458816
0.58200001716614	-1.2202155447084
0.58399999141693	-1.2491596129257
0.58600002527237	-1.2788378967539
0.58799999952316	-1.3092637756356
0.58999997377396	-1.3404493908673
0.59200000762939	-1.3724106984921
0.59399998188019	-1.4051613757271
0.59600001573563	-1.4387150469848
0.59799998998642	-1.4730856440937
0.60000002384186	-1.5082875750163
0.60199999809265	-1.5443382280093
0.60399997234344	-1.5812472114143
0.60600000619888	-1.6190336204960
0.60799998044968	-1.6577105202973
0.61000001430511	-1.6972945482870
0.61199998855591	-1.7377993212109
0.61400002241135	-1.7792414064110
0.61599999666214	-1.8216356680028
0.61799997091293	-1.8649990459386
0.62000000476837	-1.9093476766673
0.62199997901917	-1.9546986866522
0.62400001287460	-2.0010662971304
0.62599998712540	-2.0484700811704
0.62800002098083	-2.0969242892039
0.62999999523163	-2.1464490554002
0.63200002908707	-2.1970588106295
0.63400000333786	-2.2487738277341
0.63599997758865	-2.3016126052151
0.63800001144409	-2.3555930270871
0.63999998569489	-2.4107329056370
0.64200001955032	-2.4670519413299
0.64399999380112	-2.5245705050269
0.64600002765656	-2.5833078606569
0.64800000190735	-2.6432845661999
0.64999997615814	-2.7045213558625
0.65200001001358	-2.7670386806335
0.65399998426437	-2.8308594963971
0.65600001811981	-2.8960037183353
0.65799999237061	-2.9624963651421
0.66000002622604	-3.0303601602412
0.66200000047684	-3.0996178630521
0.66399997472763	-3.1702929501909
0.66600000858307	-3.2424121792155
0.66799998283386	-3.3159996905414
0.67000001668930	-3.3910828187474
0.67199999094009	-3.4676872458054
0.67400002479553	-3.5458397096842
0.67599999904633	-3.6255712639942
0.67799997329712	-3.7069080569794
0.68000000715256	-3.7898829284048
0.68199998140335	-3.8745245129643
0.68400001525879	-3.9608651659227
0.68599998950958	-4.0489379248899
0.68800002336502	-4.1387761547285
0.68999999761581	-4.2304141028601
0.69199997186661	-4.3238907912742
0.69400000572205	-4.4192391155054
0.69599997997284	-4.5165003883735
0.69800001382828	-4.6157123539756
0.69999998807907	-4.7169178208534
0.70200002193451	-4.8201585560356
0.70399999618530	-4.9254785732856
0.70599997043610	-5.0329241333956
0.70800000429153	-5.1425423026199
0.70999997854233	-5.2543828868249
0.71200001239777	-5.3684958953439
0.71399998664856	-5.4849363003477
0.71600002050400	-5.6037590804581
0.71799999475479	-5.7250220895269
0.72000002861023	-5.8487812851328
0.72200000286102	-5.9751044222398
0.72399997711182	-6.1040547247869
0.72600001096725	-6.2357002222170
0.72799998521805	-6.3701124556364
0.73000001907349	-6.5073658153563
0.73199999332428	-6.6475373705791
0.73400002717972	-6.7907082420956
0.73600000143051	-6.9369642881976
0.73799997568130	-7.0863944834291
0.74000000953674	-7.2390939336027
0.74199998378754	-7.3951592861640
0.74400001764297	-7.5546935878243
0.74599999189377	-7.7178060230813
0.74800002574921	-7.8846115561056
0.75000000000000	-8.0552288687471
0.75199997425079	-8.2297868032330
0.75400000810623	-8.4084162290766
0.75599998235703	-8.5912614449634
0.75800001621246	-8.7784691858568
0.75999999046326	-8.9701972523276
0.76200002431870	-9.1666119231497
0.76399999856949	-9.3678905869542
0.76599997282028	-9.5742192858139
0.76800000667572	-9.7857941664927
0.76999998092651	-10.002828438045
0.77200001478195	-10.225544747856
0.77399998903275	-10.454178487422
0.77600002288818	-10.688981055118
0.77799999713898	-10.930220414254
0.77999997138977	-11.178181423271
0.78200000524521	-11.433166434836
0.78399997949600	-11.695494937092
0.78600001335144	-11.965513257471
0.78799998760223	-12.243578952328
0.79000002145767	-12.530081338219
0.79199999570847	-12.825426593136
0.79400002956390	-13.130047544385
0.79600000381470	-13.444397888073
0.79799997806549	-13.768954065821
0.80000001192093	-14.104212662259
0.80199998617172	-14.450687784886
0.80400002002716	-14.808904160128
0.80599999427795	-15.179385424958
0.80800002813339	-15.562647332994
0.81000000238419	-15.959173256033
0.81199997663498	-16.369383770750
0.81400001049042	-16.793605523434
0.81599998474121	-17.232000721819
0.81800001859665	-17.684502316804
0.81999999284744	-18.150694446626
0.82200002670288	-18.629662412278
0.82400000095367	-19.119795125494
0.82599997520447	-19.618514100347
0.82800000905991	-20.121933424530
0.82999998331070	-20.624459464519
0.83200001716614	-21.118332364108
0.83399999141693	-21.593223539988
0.83600002527237	-22.036008509140
0.83799999952316	-22.430956325205
0.83999997377396	-22.760639844059
0.84200000762939	-23.007717947609
0.84399998188019	-23.157534386447
0.84600001573563	-23.200901247440
0.84799998998642	-23.136126828700
0.85000002384186	-22.969404891698
0.85199999809265	-22.713405841125
0.85399997234344	-22.384682784223
0.85600000619888	-22.000894915069
0.85799998044968	-21.578642952122
0.86000001430511	-21.132203432477
0.86199998855591	-20.673066965975
0.86400002241135	-20.210030817541
0.86599999666214	-19.749540902801
0.86799997091293	-19.296144747418
0.87000000476837	-18.852922276874
0.87199997901917	-18.421852273247
0.87400001287460	-18.004109932591
0.87599998712540	-17.600296338763
0.87800002098083	-17.210608015335
0.87999999523163	-16.834959801787
0.88200002908707	-16.473087701382
0.88400000333786	-16.124598001777
0.88599997758865	-15.789025126345
0.88800001144409	-15.465861759895
0.88999998569489	-15.154581833853
0.89200001955032	-14.854653505494
0.89399999380112	-14.565554478019
0.89600002765656	-14.286778120161
0.89800000190735	-14.017831267983
0.89999997615814	-13.758249080279
0.90200001001358	-13.507583797715
0.90399998426437	-13.265413776939
0.90600001811981	-13.031340094082
0.90799999237061	-12.804985496292
0.91000002622604	-12.585994828958
0.91200000047684	-12.374033480057
0.91399997472763	-12.168787927457
0.91600000858307	-11.969958336446
0.91799998283386	-11.777268033963
0.92000001668930	-11.590454448715
0.92199999094009	-11.409268786575
0.92400002479553	-11.233475187623
0.92599999904633	-11.062856385588
0.92799997329712	-10.897204138289
0.93000000715256	-10.736319609895
0.93199998140335	-10.580018890652
0.93400001525879	-10.428125887483
0.93599998950958	-10.280472676311
0.93800002336502	-10.136903115033
0.93999999761581	-9.9972662763469
0.94199997186661	-9.8614201535395
0.94400000572205	-9.7292286587510
0.94599997997284	-9.6005651392217
0.94800001382828	-9.4753047884760
0.94999998807907	-9.3533328926868
0.95200002193451	-9.2345373972069
0.95399999618530	-9.1188102054899
0.95599997043610	-9.0060512878986
0.95800000429153	-8.8961645445650
0.95999997854233	-8.7890539803845
0.96200001239777	-8.6846328098530
0.96399998664856	-8.5828138451783
0.96600002050400	-8.4835163520263
0.96799999475479	-8.3866615646646
0.97000002861023	-8.2921718746774
0.97200000286102	-8.1999753565813
0.97399997711182	-8.1100041356878
0.97600001096725	-8.0221875861727
0.97799998521805	-7.9364608277824
0.98000001907349	-7.8527624571258
0.98199999332428	-7.7710299331916
0.98400002717972	-7.6912064359055
0.98600000143051	-7.6132331205451
0.98799997568130	-7.5370583904361
0.99000000953674	-7.4626259049354
0.99199998378754	-7.3898844665911
0.99400001764297	-7.3187853046594
0.99599999189377	-7.2492795760835
0.99800002574921	-7.1813212136537
1.0000000000000	-7.1148627482784
1.0019999742508	-7.0498611017672
1.0039999485016	-6.9862749938479
1.0060000419617	-6.9240586251218
1.0080000162125	-6.8631748040387
1.0099999904633	-6.8035816145872
1.0119999647141	-6.7452427589746
1.0140000581741	-6.6881187269480
1.0160000324249	-6.6321731860545
1.0180000066757	-6.5773732383604
1.0199999809265	-6.5236820918497
1.0219999551773	-6.4710655106483
1.0240000486374	-6.4194916750383
1.0260000228882	-6.3689294157722
1.0279999971390	-6.3193457608996
1.0299999713898	-6.2707112333254
1.0319999456406	-6.2229962138484
1.0340000391006	-6.1761713921146
1.0360000133514	-6.1302095780200
1.0379999876022	-6.0850812889354
1.0399999618530	-6.0407612944560
1.0420000553131	-5.9972233927344
1.0440000295639	-5.9544440075823
1.0460000038147	-5.9123958569573
1.0479999780655	-5.8710532337657
1.0499999523163	-5.8303971071934
1.0520000457764	-5.7904025874722
1.0540000200272	-5.7510487230257
1.0559999942780	-5.7123109276446
1.0579999685287	-5.6741709163548
1.0599999427795	-5.6366083112089
1.0620000362396	-5.5996027334620
1.0640000104904	-5.5631350918484
1.0659999847412	-5.5271869127121
1.0679999589920	-5.4917383812279
1.0700000524521	-5.4567760888608
1.0720000267029	-5.4222798280077
1.0740000009537	-5.3882352241719
1.0759999752045	-5.3546254228379
1.0779999494553	-5.3214365246787
1.0800000429153	-5.2886514264518
1.0820000171661	-5.2562584779847
1.0839999914169	-5.2242448771094
1.0859999656677	-5.1925929330073
1.0880000591278	-5.1612957296823
1.0900000333786	-5.1303370732587
1.0920000076294	-5.0997088283337
1.0939999818802	-5.0693984969273
1.0959999561310	-5.0393954041727
1.0980000495911	-5.0096899217694
1.1000000238419	-4.9802714885764
1.1019999980927	-4.9511348448150
1.1039999723434	-4.9222668083038
1.1059999465942	-4.8936625161420
1.1080000400543	-4.8653127961969
1.1100000143051	-4.8372122009556
1.1119999885559	-4.8093525610726
1.1139999628067	-4.7817281108918
1.1160000562668	-4.7543330280715
1.1180000305176	-4.7271618109528
1.1200000047684	-4.7002098720347
1.1219999790192	-4.6734713415736
1.1239999532700	-4.6469443486170
1.1260000467300	-4.6206224906511
1.1280000209808	-4.5945050685941
1.1299999952316	-4.5685862625418
1.1319999694824	-4.5428657102112
1.1339999437332	-4.5173391993053
1.1360000371933	-4.4920050921310
1.1380000114441	-4.4668618707137
1.1399999856949	-4.4419079166923
1.1419999599457	-4.4171417340061
1.1440000534058	-4.3925624437962
1.1460000276566	-4.3681695236175
1.1480000019073	-4.3439628196938
1.1499999761581	-4.3199419770514
1.1519999504089	-4.2961070189648
1.1540000438690	-4.2724574371170
1.1560000181198	-4.2489919752729
1.1579999923706	-4.2257163231386
1.1599999666214	-4.2026273533852
1.1619999408722	-4.1797265539466
1.1640000343323	-4.1570152832425
1.1660000085831	-4.1344948733183
1.1679999828339	-4.1121672141080
1.1699999570847	-4.0900328215075
1.1720000505447	-4.0680921981208
1.1740000247955	-4.0463487738669
1.1759999990463	-4.0248031827293
1.1779999732971	-4.0034588016429
1.1799999475479	-3.9823143632829
1.1820000410080	-3.9613746948892
1.1840000152588	-3.9406397918078
1.1859999895096	-3.9201122400138
1.1879999637604	-3.8997931393122
1.1900000572205	-3.8796847002273
1.1920000314713	-3.8597900303703
1.1940000057220	-3.8401097118280
1.1959999799728	-3.8206445318928
1.1979999542236	-3.8013997775301
1.2000000476837	-3.7823723430853
1.2020000219345	-3.7635673674325
1.2039999961853	-3.7449864370296
1.2059999704361	-3.7266294304866
1.2079999446869	-3.7084976448393
1.2100000381470	-3.6905933363165
1.2120000123978	-3.6729187971740
1.2139999866486	-3.6554719499374
1.2159999608994	-3.6382567554279
1.2180000543594	-3.6212720015422
1.2200000286102	-3.6045210490909
1.2220000028610	-3.5880024268928
1.2239999771118	-3.5717184206470
1.2259999513626	-3.5556672074784
1.2280000448227	-3.5398508133170
1.2300000190735	-3.5242692904718
1.2319999933243	-3.5089222886590
1.2339999675751	-3.4938084819320
1.2359999418259	-3.4789288232926
1.2380000352859	-3.4642834659059
1.2400000095367	-3.4498708458035
1.2419999837875	-3.4356895572767
1.2439999580383	-3.4217405811764
1.2460000514984	-3.4080217556881
1.2480000257492	-3.3945325709816
1.2500000000000	-3.3812695386096
1.2519999742508	-3.3682333258498
1.2539999485016	-3.3554198665915
1.2560000419617	-3.3428310356714
1.2580000162125	-3.3304620504198
1.2599999904633	-3.3183103263355
1.2619999647141	-3.3063752815230
1.2640000581741	-3.2946530247720
1.2660000324249	-3.2831414705444
1.2680000066757	-3.2718389948514
1.2699999809265	-3.2607403120795
1.2719999551773	-3.2498441968929
1.2740000486374	-3.2391471920680
1.2760000228882	-3.2286450976323
1.2779999971390	-3.2183333649705
1.2799999713898	-3.2082116915583
1.2819999456406	-3.1982731957773
1.2840000391006	-3.1885170662344
1.2860000133514	-3.1789353445016
1.2879999876022	-3.1695257023362
1.2899999618530	-3.1602860409332
1.2920000553131	-3.1512094063407
1.2940000295639	-3.1422918641862
1.2960000038147	-3.1335283386646
1.2979999780655	-3.1249155199289
1.2999999523163	-3.1164490003067
1.3020000457764	-3.1081224199237
1.3040000200272	-3.0999326200251
1.3059999942780	-3.0918723503031
1.3079999685287	-3.0839372908638
1.3099999427795	-3.0761244930370
1.3120000362396	-3.0684278577794
1.3140000104904	-3.0608419201897
1.3159999847412	-3.0533595552081
1.3179999589920	-3.0459809368067
1.3200000524521	-3.0386957534101
1.3220000267029	-3.0315001845898
1.3240000009537	-3.0243905542588
1.3259999752045	-3.0173600786760
1.3279999494553	-3.0104053599166
1.3300000429153	-3.0035198711362
1.3320000171661	-2.9966987301053
1.3339999914169	-2.9899360323699
1.3359999656677	-2.9832302096142
1.3380000591278	-2.9765709164145
1.3400000333786	-2.9699586271993
1.3420000076294	-2.9633842525189
1.3439999818802	-2.9568465349884
1.3459999561310	-2.9503394640591
1.3480000495911	-2.9438566456887
1.3500000238419	-2.9373966856345
1.3519999980927	-2.9309537128177
1.3539999723434	-2.9245233740962
1.3559999465942	-2.9181017268827
1.3580000400543	-2.9116858556366
1.3600000143051	-2.9052694760017
1.3619999885559	-2.8988505670267
1.3639999628067	-2.8924259728515
1.3660000562668	-2.8859920407715
1.3680000305176	-2.8795436160565
1.3700000047684	-2.8730805111227
1.3719999790192	-2.8665972216995
1.3739999532700	-2.8600924105485
1.3760000467300	-2.8535639805560
1.3780000209808	-2.8470077974259
1.3799999952316	-2.8404223727925
1.3819999694824	-2.8338054463498
1.3839999437332	-2.8271565780205
1.3860000371933	-2.8204726112791
1.3880000114441	-2.8137525756439
1.3899999856949	-2.8069933659920
1.3919999599457	-2.8001970782170
1.3940000534058	-2.7933597103118
1.3960000276566	-2.7864827572761
1.3980000019073	-2.7795656612977
1.3999999761581	-2.7726060992631
1.4019999504089	-2.7656042126040
1.4040000438690	-2.7585624280246
1.4060000181198	-2.7514784851478
1.4079999923706	-2.7443542134462
1.4099999666214	-2.7371903617043
1.4119999408722	-2.7299858547081
1.4140000343323	-2.7227439138413
1.4160000085831	-2.7154626565310
1.4179999828339	-2.7081446267260
1.4199999570847	-2.7007939386807
1.4220000505447	-2.6934090805269
1.4240000247955	-2.6859925522446
1.4259999990463	-2.6785462561374
1.4279999732971	-2.6710726315682
1.4299999475479	-2.6635730043282
1.4320000410080	-2.6560512113278
1.4340000152588	-2.6485075438389
1.4359999895096	-2.6409472328453
1.4379999637604	-2.6333714983316
1.4400000572205	-2.6257820323858
1.4420000314713	-2.6181844432841
1.4440000057220	-2.6105788857685
1.4459999799728	-2.6029699042045
1.4479999542236	-2.5953610607774
1.4500000476837	-2.5877538865566
1.4520000219345	-2.5801533544386
1.4539999961853	-2.5725634015353
1.4559999704361	-2.5649835979140
1.4579999446869	-2.5574222097303
1.4600000381470	-2.5498792500393
1.4620000123978	-2.5423614972497
1.4639999866486	-2.5348684663030
1.4659999608994	-2.5274059083552
1.4680000543594	-2.5199776753842
1.4700000286102	-2.5125861593149
1.4720000028610	-2.5052356251255
1.4739999771118	-2.4979289892388
1.4759999513626	-2.4906714633019
1.4780000448227	-2.4834639593672
1.4800000190735	-2.4763103142187
1.4819999933243	-2.4692162551816
1.4839999675751	-2.4621833006645
1.4859999418259	-2.4552136459799
1.4880000352859	-2.4483117843679
1.4900000095367	-2.4414815483091
1.4919999837875	-2.4347243789001
1.4939999580383	-2.4280426935751
1.4960000514984	-2.4214416514369
1.4980000257492	-2.4149230103361
1.5000000000000	-2.4084870458593
1.5019999742508	-2.4021403250277
1.5039999485016	-2.3958834468390
1.5060000419617	-2.3897175768191
1.5080000162125	-2.3836462680478
1.5099999904633	-2.3776719068652
1.5119999647141	-2.3717935282267
1.5140000581741	-2.3660159881927
1.5160000324249	-2.3603398595046
1.5180000066757	-2.3547666792470
1.5199999809265	-2.3492974486919
1.5219999551773	-2.3439345028943
1.5240000486374	-2.3386773126980
1.5260000228882	-2.3335273280887
1.5279999971390	-2.3284854994399
1.5299999713898	-2.3235519393262
1.5319999456406	-2.3187281952251
1.5340000391006	-2.3140144673981
1.5360000133514	-2.3094095353896
1.5379999876022	-2.3049144179528
1.5399999618530	-2.3005285991168
1.5420000553131	-2.2962512864551
1.5440000295639	-2.2920824905762
1.5460000038147	-2.2880216609114
1.5479999780655	-2.2840676085902
1.5499999523163	-2.2802188295974
1.5520000457764	-2.2764757701097
1.5540000200272	-2.2728359317971
1.5559999942780	-2.2692983738794
1.5579999685287	-2.2658598782127
1.5599999427795	-2.2625215094609
1.5620000362396	-2.2592793937189
1.5640000104904	-2.2561318876287
1.5659999847412	-2.2530763102648
1.5679999589920	-2.2501119305383
1.5700000524521	-2.2472349235470
1.5720000267029	-2.2444433776109
1.5740000009537	-2.2417346062830
1.5759999752045	-2.2391051076828
1.5779999494553	-2.2365520583103
1.5800000429153	-2.2340742539845
1.5820000171661	-2.2316657885493
1.5839999914169	-2.2293267251472
1.5859999656677	-2.2270500444680
1.5880000591278	-2.2248347686689
1.5900000333786	-2.2226772368518
1.5920000076294	-2.2205722147285
1.5939999818802	-2.2185187396489
1.5959999561310	-2.2165111120442
1.5980000495911	-2.2145470906315
1.6000000238419	-2.2126214774306
1.6019999980927	-2.2107309318472
1.6039999723434	-2.2088712042839
1.6059999465942	-2.2070403314343
1.6080000400543	-2.2052326771791
1.6100000143051	-2.2034431981643
1.6119999885559	-2.2016713305307
1.6139999628067	-2.1999104260736
1.6160000562668	-2.1981569649198
1.6180000305176	-2.1964090718320
1.6200000047684	-2.1946599037281
1.6219999790192	-2.1929079697270
1.6239999532700	-2.1911485094575
1.6260000467300	-2.1893777292785
1.6280000209808	-2.1875925843287
1.6299999952316	-2.1857881630798
1.6319999694824	-2.1839626781430
1.6339999437332	-2.1821121071941
1.6360000371933	-2.1802326134123
1.6380000114441	-2.1783199621040
1.6399999856949	-2.1763726350454
1.6419999599457	-2.1743867872786
1.6440000534058	-2.1723613101738
1.6460000276566	-2.1702905251445
1.6480000019073	-2.1681726035696
1.6499999761581	-2.1660054740445
1.6519999504089	-2.1637860304687
1.6540000438690	-2.1615137440202
1.6560000181198	-2.1591843091595
1.6579999923706	-2.1567964174182
1.6599999666214	-2.1543485507325
1.6619999408722	-2.1518375843510
1.6640000343323	-2.1492634516920
1.6660000085831	-2.1466259093254
1.6679999828339	-2.1439210855797
1.6699999570847	-2.1411490631811
1.6720000505447	-2.1383102482867
1.6740000247955	-2.1354014109461
1.6759999990463	-2.1324240424723
1.6779999732971	-2.1293774559146
1.6799999475479	-2.1262603413119
1.6820000410080	-2.1230732512173
1.6840000152588	-2.1198180155382
1.6859999895096	-2.1164933503143
1.6879999637604	-2.1131006291336
1.6900000572205	-2.1096401470518
1.6920000314713	-2.1061132124788
1.6940000057220	-2.1025199915085
1.6959999799728	-2.0988627067276
1.6979999542236	-2.0951425851418
1.7000000476837	-2.0913604429401
1.7020000219345	-2.0875201714500
1.7039999961853	-2.0836216688171
1.7059999704361	-2.0796669068876
1.7079999446869	-2.0756611114700
1.7100000381470	-2.0716031782441
1.7120000123978	-2.0674966516507
1.7139999866486	-2.0633449271102
1.7159999608994	-2.0591508044713
1.7180000543594	-2.0549168347541
1.7200000286102	-2.0506468451141
1.7220000028610	-2.0463434876400
1.7239999771118	-2.0420079846781
1.7259999513626	-2.0376476702331
1.7280000448227	-2.0332630214466
1.7300000190735	-2.0288597339899
1.7319999933243	-2.0244384908455
1.7339999675751	-2.0200064212974
1.7359999418259	-2.0155648928171
1.7380000352859	-2.0111192048967
1.7400000095367	-2.0066717229925
1.7419999837875	-2.0022282696107
1.7439999580383	-1.9977913042460
1.7460000514984	-1.9933657500569
1.7480000257492	-1.9889560635917
1.7500000000000	-1.9845636437286
1.7519999742508	-1.9801964125782
1.7539999485016	-1.9758545944386
1.7560000419617	-1.9715452039141
1.7580000162125	-1.9672710228005
1.7599999904633	-1.9630362111330
1.7619999647141	-1.9588438526858
1.7640000581741	-1.9546984959593
1.7660000324249	-1.9506046548874
1.7680000066757	-1.9465646198023
1.7699999809265	-1.9425840047311
1.7719999551773	-1.9386646012274
1.7740000486374	-1.9348119662951
1.7760000228882	-1.9310278991228
1.7779999971390	-1.9273161464575
1.7799999713898	-1.9236810573781
1.7819999456406	-1.9201256098442
1.7840000391006	-1.9166504730695
1.7860000133514	-1.9132612832943
1.7879999876022	-1.9099619411347
1.7899999618530	-1.9067511900843
1.7920000553131	-1.9036349990968
1.7940000295639	-1.9006138736729
1.7960000038147	-1.8976925893907
1.7979999780655	-1.8948702197268
1.7999999523163	-1.8921512152019
1.8020000457764	-1.8895367479399
1.8040000200272	-1.8870283271812
1.8059999942780	-1.8846292484286
1.8079999685287	-1.8823376191211
1.8099999427795	-1.8801573654781
1.8120000362396	-1.8780883306685
1.8140000104904	-1.8761321834806
1.8159999847412	-1.8742888548618
1.8179999589920	-1.8725602376693
1.8200000524521	-1.8709460805657
1.8220000267029	-1.8694476383182
1.8240000009537	-1.8680635773920
1.8259999752045	-1.8667940381559
1.8279999494553	-1.8656394369736
1.8300000429153	-1.8645986820154
1.8320000171661	-1.8636718257101
1.8339999914169	-1.8628575059364
1.8359999656677	-1.8621554791676
1.8380000591278	-1.8615625747916
1.8400000333786	-1.8610808861549
1.8420000076294	-1.8607066539281
1.8439999818802	-1.8604391863731
1.8459999561310	-1.8602768683874
1.8480000495911	-1.8602177842873
1.8500000238419	-1.8602581358604
1.8519999980927	-1.8603988637980
1.8539999723434	-1.8606353159852
1.8559999465942	-1.8609632815717
1.8580000400543	-1.8613842043870
1.8600000143051	-1.8618939537897
1.8619999885559	-1.8624892666420
1.8639999628067	-1.8631670516987
1.8660000562668	-1.8639227428384
1.8680000305176	-1.8647569645380
1.8700000047684	-1.8656628602049
1.8719999790192	-1.8666370561051
1.8739999532700	-1.8676785094276
1.8760000467300	-1.8687816380776
1.8780000209808	-1.8699433090338
1.8799999952316	-1.8711598064704
1.8819999694824	-1.8724268145835
1.8839999437332	-1.8737408288553
1.8860000371933	-1.8750993723807
1.8880000114441	-1.8764961452452
1.8899999856949	-1.8779283815418
1.8919999599457	-1.8793910513497
1.8940000534058	-1.8808799269612
1.8960000276566	-1.8823946459861
1.8980000019073	-1.8839258334789
1.8999999761581	-1.8854724481414
1.9019999504089	-1.8870300307392
1.9040000438690	-1.8885941014058
1.9060000181198	-1.8901612509709
1.9079999923706	-1.8917280947005
1.9099999666214	-1.8932889450935
1.9119999408722	-1.8948420662401
1.9140000343323	-1.8963828067306
1.9160000085831	-1.8979064866725
1.9179999828339	-1.8994114547360
1.9199999570847	-1.9008920058432
1.9220000505447	-1.9023483290109
1.9240000247955	-1.9037729735807
1.9259999990463	-1.9051650598584
1.9279999732971	-1.9065215137300
1.9299999475479	-1.9078392611495
1.9320000410080	-1.9091155836448
1.9340000152588	-1.9103485336452
1.9359999895096	-1.9115337345473
1.9379999637604	-1.9126715908347
1.9400000572205	-1.9137575411372
1.9420000314713	-1.9147921830241
1.9440000057220	-1.9157712088715
1.9459999799728	-1.9166951178935
1.9479999542236	-1.9175620499061
1.9500000476837	-1.9183709402416
1.9520000219345	-1.9191192597759
1.9539999961853	-1.9198091299470
1.9559999704361	-1.9204372305617
1.9579999446869	-1.9210057441985
1.9600000381470	-1.9215131600529
1.9620000123978	-1.9219596173004
1.9639999866486	-1.9223457231061
1.9659999608994	-1.9226717467879
1.9680000543594	-1.9229390719435
1.9700000286102	-1.9231478277848
1.9720000028610	-1.9233016256297
1.9739999771118	-1.9233992066104
1.9759999513626	-1.9234428872365
1.9780000448227	-1.9234350914404
1.9800000190735	-1.9233774978062
1.9819999933243	-1.9232731598182
1.9839999675751	-1.9231233720666
1.9859999418259	-1.9229319170677
1.9880000352859	-1.9227025512918
1.9900000095367	-1.9224355120589
1.9919999837875	-1.9221370451265
1.9939999580383	-1.9218079947191
1.9960000514984	-1.9214547082960
1.9980000257492	-1.9210798572054
2.0000000000000	-1.9206867071930
