#Parameters = {D=70; L=50}
#"Frequency / GHz"	"S1,1 [Re]"	"S1,1 [Im]"	"Ref.Imp. [Re]"	"Ref.Imp. [Im]"
#-------------------------------------------------------------------------
0.0000000000000	1.0000000000000	-0.0000000000000	73.000000000000	0.0000000000000
0.0040000001899898	0.99999856948853	-0.0015779399545863	73.000000000000	0.0000000000000
0.0080000003799796	0.99999439716339	-0.0031558640766889	73.000000000000	0.0000000000000
0.012000000104308	0.99998730421066	-0.0047337557189167	73.000000000000	0.0000000000000
0.016000000759959	0.99997752904892	-0.0063115996308625	73.000000000000	0.0000000000000
0.019999999552965	0.99996489286423	-0.0078893797472119	73.000000000000	0.0000000000000
0.024000000208616	0.99994951486588	-0.0094670783728361	73.000000000000	0.0000000000000
0.028000000864267	0.99993115663528	-0.011044682934880	73.000000000000	0.0000000000000
0.032000001519918	0.99991017580032	-0.012622176669538	73.000000000000	0.0000000000000
0.035999998450279	0.99988621473312	-0.014199540950358	73.000000000000	0.0000000000000
0.039999999105930	0.99985963106155	-0.015776764601469	73.000000000000	0.0000000000000
0.043999999761581	0.99983018636703	-0.017353825271130	73.000000000000	0.0000000000000
0.048000000417233	0.99979794025421	-0.018930718302727	73.000000000000	0.0000000000000
0.052000001072884	0.99976295232773	-0.020507417619228	73.000000000000	0.0000000000000
0.056000001728535	0.99972504377365	-0.022083912044764	73.000000000000	0.0000000000000
0.059999998658895	0.99968463182449	-0.023660190403461	73.000000000000	0.0000000000000
0.064000003039837	0.99964129924774	-0.025236234068871	73.000000000000	0.0000000000000
0.068000003695488	0.99959516525269	-0.026812030002475	73.000000000000	0.0000000000000
0.071999996900558	0.99954622983932	-0.028387561440468	73.000000000000	0.0000000000000
0.075999997556210	0.99949461221695	-0.029962817206979	73.000000000000	0.0000000000000
0.079999998211861	0.99944043159485	-0.031537782400846	73.000000000000	0.0000000000000
0.083999998867512	0.99938327074051	-0.033112440258265	73.000000000000	0.0000000000000
0.087999999523163	0.99932342767715	-0.034686777740717	73.000000000000	0.0000000000000
0.092000000178814	0.99926084280014	-0.036260783672333	73.000000000000	0.0000000000000
0.096000000834465	0.99919569492340	-0.037834454327822	73.000000000000	0.0000000000000
0.10000000149012	0.99912780523300	-0.039407763630152	73.000000000000	0.0000000000000
0.10400000214577	0.99905711412430	-0.040980704128742	73.000000000000	0.0000000000000
0.10800000280142	0.99898380041122	-0.042553253471851	73.000000000000	0.0000000000000
0.11200000345707	0.99890774488449	-0.044125419110060	73.000000000000	0.0000000000000
0.11599999666214	0.99882906675339	-0.045697171241045	73.000000000000	0.0000000000000
0.11999999731779	0.99874776601791	-0.047268509864807	73.000000000000	0.0000000000000
0.12399999797344	0.99866366386414	-0.048839416354895	73.000000000000	0.0000000000000
0.12800000607967	0.99857699871063	-0.050409890711308	73.000000000000	0.0000000000000
0.13199999928474	0.99848783016205	-0.051979910582304	73.000000000000	0.0000000000000
0.13600000739098	0.99839597940445	-0.053549475967884	73.000000000000	0.0000000000000
0.14000000059605	0.99830150604248	-0.055118564516306	73.000000000000	0.0000000000000
0.14399999380112	0.99820429086685	-0.056687176227570	73.000000000000	0.0000000000000
0.14800000190735	0.99810469150543	-0.058255307376385	73.000000000000	0.0000000000000
0.15199999511242	0.99800240993500	-0.059822935611010	73.000000000000	0.0000000000000
0.15600000321865	0.99789756536484	-0.061390064656734	73.000000000000	0.0000000000000
0.15999999642372	0.99779033660889	-0.062956675887108	73.000000000000	0.0000000000000
0.16400000452995	0.99768030643463	-0.064522773027420	73.000000000000	0.0000000000000
0.16799999773502	0.99756795167923	-0.066088333725929	73.000000000000	0.0000000000000
0.17200000584126	0.99745303392410	-0.067653372883797	73.000000000000	0.0000000000000
0.17599999904633	0.99733543395996	-0.069217868149281	73.000000000000	0.0000000000000
0.18000000715256	0.99721556901932	-0.070781812071800	73.000000000000	0.0000000000000
0.18400000035763	0.99709320068359	-0.072345212101936	73.000000000000	0.0000000000000
0.18799999356270	0.99696826934814	-0.073908045887947	73.000000000000	0.0000000000000
0.19200000166893	0.99684089422226	-0.075470320880413	73.000000000000	0.0000000000000
0.19599999487400	0.99671107530594	-0.077032022178173	73.000000000000	0.0000000000000
0.20000000298023	0.99657881259918	-0.078593149781227	73.000000000000	0.0000000000000
0.20399999618530	0.99644410610199	-0.080153711140156	73.000000000000	0.0000000000000
0.20800000429153	0.99630713462830	-0.081713698804379	73.000000000000	0.0000000000000
0.21199999749660	0.99616760015488	-0.083273105323315	73.000000000000	0.0000000000000
0.21600000560284	0.99602574110031	-0.084831915795803	73.000000000000	0.0000000000000
0.21999999880791	0.99588149785995	-0.086390145123005	73.000000000000	0.0000000000000
0.22400000691414	0.99573487043381	-0.087947800755501	73.000000000000	0.0000000000000
0.22800000011921	0.99558591842651	-0.089504852890968	73.000000000000	0.0000000000000
0.23199999332428	0.99543470144272	-0.091061323881149	73.000000000000	0.0000000000000
0.23600000143051	0.99528098106384	-0.092617191374302	73.000000000000	0.0000000000000
0.23999999463558	0.99512505531311	-0.094172470271587	73.000000000000	0.0000000000000
0.24400000274181	0.99496686458588	-0.095727160573006	73.000000000000	0.0000000000000
0.24799999594688	0.99480634927750	-0.097281269729137	73.000000000000	0.0000000000000
0.25200000405312	0.99464356899261	-0.098834775388241	73.000000000000	0.0000000000000
0.25600001215935	0.99447846412659	-0.10038769990206	73.000000000000	0.0000000000000
0.25999999046326	0.99431121349335	-0.10194003582001	73.000000000000	0.0000000000000
0.26399999856949	0.99414157867432	-0.10349179804325	73.000000000000	0.0000000000000
0.26800000667572	0.99396973848343	-0.10504295676947	73.000000000000	0.0000000000000
0.27200001478195	0.99379575252533	-0.10659354925156	73.000000000000	0.0000000000000
0.27599999308586	0.99361944198608	-0.10814354568720	73.000000000000	0.0000000000000
0.28000000119209	0.99344098567963	-0.10969298332930	73.000000000000	0.0000000000000
0.28400000929832	0.99326038360596	-0.11124185472727	73.000000000000	0.0000000000000
0.28799998760223	0.99307745695114	-0.11279014497995	73.000000000000	0.0000000000000
0.29199999570847	0.99289232492447	-0.11433787643909	73.000000000000	0.0000000000000
0.29600000381470	0.99270510673523	-0.11588505655527	73.000000000000	0.0000000000000
0.30000001192093	0.99251568317413	-0.11743167042732	73.000000000000	0.0000000000000
0.30399999022484	0.99232417345047	-0.11897774785757	73.000000000000	0.0000000000000
0.30799999833107	0.99213045835495	-0.12052328884602	73.000000000000	0.0000000000000
0.31200000643730	0.99193465709686	-0.12206827849150	73.000000000000	0.0000000000000
0.31600001454353	0.99173671007156	-0.12361273169518	73.000000000000	0.0000000000000
0.31999999284744	0.99153661727905	-0.12515667080879	73.000000000000	0.0000000000000
0.32400000095367	0.99133437871933	-0.12670007348061	73.000000000000	0.0000000000000
0.32800000905991	0.99112999439240	-0.12824298441410	73.000000000000	0.0000000000000
0.33199998736382	0.99092364311218	-0.12978537380695	73.000000000000	0.0000000000000
0.33599999547005	0.99071508646011	-0.13132724165916	73.000000000000	0.0000000000000
0.34000000357628	0.99050444364548	-0.13286866247654	73.000000000000	0.0000000000000
0.34400001168251	0.99029171466827	-0.13440957665443	73.000000000000	0.0000000000000
0.34799998998642	0.99007689952850	-0.13594999909401	73.000000000000	0.0000000000000
0.35199999809265	0.98985999822617	-0.13748995959759	73.000000000000	0.0000000000000
0.35600000619888	0.98964107036591	-0.13902945816517	73.000000000000	0.0000000000000
0.36000001430511	0.98941999673843	-0.14056850969791	73.000000000000	0.0000000000000
0.36399999260902	0.98919677734375	-0.14210708439350	73.000000000000	0.0000000000000
0.36800000071526	0.98897171020508	-0.14364522695541	73.000000000000	0.0000000000000
0.37200000882149	0.98874437808990	-0.14518295228481	73.000000000000	0.0000000000000
0.37599998712540	0.98851507902145	-0.14672023057938	73.000000000000	0.0000000000000
0.37999999523163	0.98828369379044	-0.14825709164143	73.000000000000	0.0000000000000
0.38400000333786	0.98805022239685	-0.14979358017445	73.000000000000	0.0000000000000
0.38800001144409	0.98781472444534	-0.15132962167263	73.000000000000	0.0000000000000
0.39199998974800	0.98757702112198	-0.15286530554295	73.000000000000	0.0000000000000
0.39599999785423	0.98733741044998	-0.15440060198307	73.000000000000	0.0000000000000
0.40000000596046	0.98709571361542	-0.15593551099300	73.000000000000	0.0000000000000
0.40400001406670	0.98685181140900	-0.15747006237507	73.000000000000	0.0000000000000
0.40799999237061	0.98660600185394	-0.15900424122810	73.000000000000	0.0000000000000
0.41200000047684	0.98635804653168	-0.16053807735443	73.000000000000	0.0000000000000
0.41600000858307	0.98610812425613	-0.16207157075405	73.000000000000	0.0000000000000
0.41999998688698	0.98585605621338	-0.16360473632812	73.000000000000	0.0000000000000
0.42399999499321	0.98560190200806	-0.16513754427433	73.000000000000	0.0000000000000
0.42800000309944	0.98534560203552	-0.16667005419731	73.000000000000	0.0000000000000
0.43200001120567	0.98508733510971	-0.16820225119591	73.000000000000	0.0000000000000
0.43599998950958	0.98482692241669	-0.16973413527012	73.000000000000	0.0000000000000
0.43999999761581	0.98456442356110	-0.17126573622227	73.000000000000	0.0000000000000
0.44400000572205	0.98429983854294	-0.17279703915119	73.000000000000	0.0000000000000
0.44800001382828	0.98403310775757	-0.17432805895805	73.000000000000	0.0000000000000
0.45199999213219	0.98376429080963	-0.17585879564285	73.000000000000	0.0000000000000
0.45600000023842	0.98349344730377	-0.17738926410675	73.000000000000	0.0000000000000
0.46000000834465	0.98322027921677	-0.17891947925091	73.000000000000	0.0000000000000
0.46399998664856	0.98294514417648	-0.18044944107533	73.000000000000	0.0000000000000
0.46799999475479	0.98266786336899	-0.18197913467884	73.000000000000	0.0000000000000
0.47200000286102	0.98238837718964	-0.18350860476494	73.000000000000	0.0000000000000
0.47600001096725	0.98210674524307	-0.18503782153130	73.000000000000	0.0000000000000
0.47999998927116	0.98182296752930	-0.18656679987907	73.000000000000	0.0000000000000
0.48399999737740	0.98153704404831	-0.18809555470943	73.000000000000	0.0000000000000
0.48800000548363	0.98124885559082	-0.18962408602238	73.000000000000	0.0000000000000
0.49200001358986	0.98095858097076	-0.19115239381790	73.000000000000	0.0000000000000
0.49599999189377	0.98066610097885	-0.19268050789833	73.000000000000	0.0000000000000
0.50000000000000	0.98037135601044	-0.19420838356018	73.000000000000	0.0000000000000
0.50400000810623	0.98007434606552	-0.19573606550694	73.000000000000	0.0000000000000
0.50800001621246	0.97977530956268	-0.19726353883743	73.000000000000	0.0000000000000
0.51200002431870	0.97947388887405	-0.19879081845284	73.000000000000	0.0000000000000
0.51599997282028	0.97917020320892	-0.20031787455082	73.000000000000	0.0000000000000
0.51999998092651	0.97886431217194	-0.20184476673603	73.000000000000	0.0000000000000
0.52399998903275	0.97855609655380	-0.20337143540382	73.000000000000	0.0000000000000
0.52799999713898	0.97824573516846	-0.20489792525768	73.000000000000	0.0000000000000
0.53200000524521	0.97793292999268	-0.20642422139645	73.000000000000	0.0000000000000
0.53600001335144	0.97761791944504	-0.20795032382011	73.000000000000	0.0000000000000
0.54000002145767	0.97730058431625	-0.20947623252869	73.000000000000	0.0000000000000
0.54400002956390	0.97698086500168	-0.21100194752216	73.000000000000	0.0000000000000
0.54799997806549	0.97665882110596	-0.21252745389938	73.000000000000	0.0000000000000
0.55199998617172	0.97633439302444	-0.21405279636383	73.000000000000	0.0000000000000
0.55599999427795	0.97600758075714	-0.21557791531086	73.000000000000	0.0000000000000
0.56000000238419	0.97567844390869	-0.21710285544395	73.000000000000	0.0000000000000
0.56400001049042	0.97534692287445	-0.21862760186195	73.000000000000	0.0000000000000
0.56800001859665	0.97501301765442	-0.22015213966370	73.000000000000	0.0000000000000
0.57200002670288	0.97467660903931	-0.22167649865150	73.000000000000	0.0000000000000
0.57599997520447	0.97433775663376	-0.22320060431957	73.000000000000	0.0000000000000
0.57999998331070	0.97399652004242	-0.22472454607487	73.000000000000	0.0000000000000
0.58399999141693	0.97365289926529	-0.22624824941158	73.000000000000	0.0000000000000
0.58799999952316	0.97330671548843	-0.22777172923088	73.000000000000	0.0000000000000
0.59200000762939	0.97295808792114	-0.22929497063160	73.000000000000	0.0000000000000
0.59600001573563	0.97260683774948	-0.23081798851490	73.000000000000	0.0000000000000
0.60000002384186	0.97225320339203	-0.23234079778194	73.000000000000	0.0000000000000
0.60399997234344	0.97189706563950	-0.23386332392693	73.000000000000	0.0000000000000
0.60799998044968	0.97153836488724	-0.23538562655449	73.000000000000	0.0000000000000
0.61199998855591	0.97117704153061	-0.23690766096115	73.000000000000	0.0000000000000
0.61599999666214	0.97081321477890	-0.23842944204807	73.000000000000	0.0000000000000
0.62000000476837	0.97044676542282	-0.23995092511177	73.000000000000	0.0000000000000
0.62400001287460	0.97007775306702	-0.24147216975689	73.000000000000	0.0000000000000
0.62800002098083	0.96970623731613	-0.24299307167530	73.000000000000	0.0000000000000
0.63200002908707	0.96933203935623	-0.24451369047165	73.000000000000	0.0000000000000
0.63599997758865	0.96895515918732	-0.24603399634361	73.000000000000	0.0000000000000
0.63999998569489	0.96857565641403	-0.24755398929119	73.000000000000	0.0000000000000
0.64399999380112	0.96819347143173	-0.24907362461090	73.000000000000	0.0000000000000
0.64800000190735	0.96780872344971	-0.25059291720390	73.000000000000	0.0000000000000
0.65200001001358	0.96742129325867	-0.25211191177368	73.000000000000	0.0000000000000
0.65600001811981	0.96703118085861	-0.25363051891327	73.000000000000	0.0000000000000
0.66000002622604	0.96663838624954	-0.25514873862267	73.000000000000	0.0000000000000
0.66399997472763	0.96624273061752	-0.25666654109955	73.000000000000	0.0000000000000
0.66799998283386	0.96584457159042	-0.25818395614624	73.000000000000	0.0000000000000
0.67199999094009	0.96544361114502	-0.25970095396042	73.000000000000	0.0000000000000
0.67599999904633	0.96503978967667	-0.26121750473976	73.000000000000	0.0000000000000
0.68000000715256	0.96463334560394	-0.26273363828659	73.000000000000	0.0000000000000
0.68400001525879	0.96422415971756	-0.26424929499626	73.000000000000	0.0000000000000
0.68800002336502	0.96381223201752	-0.26576450467110	73.000000000000	0.0000000000000
0.69199997186661	0.96339744329453	-0.26727917790413	73.000000000000	0.0000000000000
0.69599997997284	0.96297985315323	-0.26879337430000	73.000000000000	0.0000000000000
0.69999998807907	0.96255946159363	-0.27030700445175	73.000000000000	0.0000000000000
0.70399999618530	0.96213638782501	-0.27182015776634	73.000000000000	0.0000000000000
0.70800000429153	0.96171051263809	-0.27333277463913	73.000000000000	0.0000000000000
0.71200001239777	0.96128177642822	-0.27484473586082	73.000000000000	0.0000000000000
0.71600002050400	0.96085017919540	-0.27635616064072	73.000000000000	0.0000000000000
0.72000002861023	0.96041584014893	-0.27786698937416	73.000000000000	0.0000000000000
0.72399997711182	0.95997864007950	-0.27937716245651	73.000000000000	0.0000000000000
0.72799998521805	0.95953845977783	-0.28088670969009	73.000000000000	0.0000000000000
0.73199999332428	0.95909559726715	-0.28239560127258	73.000000000000	0.0000000000000
0.73600000143051	0.95864987373352	-0.28390380740166	73.000000000000	0.0000000000000
0.74000000953674	0.95820122957230	-0.28541132807732	73.000000000000	0.0000000000000
0.74400001764297	0.95774978399277	-0.28691819310188	73.000000000000	0.0000000000000
0.74800002574921	0.95729553699493	-0.28842422366142	73.000000000000	0.0000000000000
0.75199997425079	0.95683836936951	-0.28992956876755	73.000000000000	0.0000000000000
0.75599998235703	0.95637828111649	-0.29143413901329	73.000000000000	0.0000000000000
0.75999999046326	0.95591545104980	-0.29293793439865	73.000000000000	0.0000000000000
0.76399999856949	0.95544964075089	-0.29444092512131	73.000000000000	0.0000000000000
0.76800000667572	0.95498108863831	-0.29594311118126	73.000000000000	0.0000000000000
0.77200001478195	0.95450955629349	-0.29744437336922	73.000000000000	0.0000000000000
0.77600002288818	0.95403522253036	-0.29894483089447	73.000000000000	0.0000000000000
0.77999997138977	0.95355802774429	-0.30044442415237	73.000000000000	0.0000000000000
0.78399997949600	0.95307791233063	-0.30194309353828	73.000000000000	0.0000000000000
0.78799998760223	0.95259499549866	-0.30344086885452	73.000000000000	0.0000000000000
0.79199999570847	0.95210903882980	-0.30493769049644	73.000000000000	0.0000000000000
0.79600000381470	0.95162045955658	-0.30643358826637	73.000000000000	0.0000000000000
0.80000001192093	0.95112890005112	-0.30792847275734	73.000000000000	0.0000000000000
0.80400002002716	0.95063447952271	-0.30942237377167	73.000000000000	0.0000000000000
0.80800002813339	0.95013731718063	-0.31091526150703	73.000000000000	0.0000000000000
0.81199997663498	0.94963717460632	-0.31240710616112	73.000000000000	0.0000000000000
0.81599998474121	0.94913423061371	-0.31389793753624	73.000000000000	0.0000000000000
0.81999999284744	0.94862848520279	-0.31538766622543	73.000000000000	0.0000000000000
0.82400000095367	0.94811987876892	-0.31687629222870	73.000000000000	0.0000000000000
0.82800000905991	0.94760841131210	-0.31836384534836	73.000000000000	0.0000000000000
0.83200001716614	0.94709414243698	-0.31985026597977	73.000000000000	0.0000000000000
0.83600002527237	0.94657713174820	-0.32133558392525	73.000000000000	0.0000000000000
0.83999997377396	0.94605726003647	-0.32281967997551	73.000000000000	0.0000000000000
0.84399998188019	0.94553464651108	-0.32430264353752	73.000000000000	0.0000000000000
0.84799998998642	0.94500923156738	-0.32578444480896	73.000000000000	0.0000000000000
0.85199999809265	0.94448095560074	-0.32726499438286	73.000000000000	0.0000000000000
0.85600000619888	0.94394993782043	-0.32874426245689	73.000000000000	0.0000000000000
0.86000001430511	0.94341611862183	-0.33022233843803	73.000000000000	0.0000000000000
0.86400002241135	0.94287967681885	-0.33169922232628	73.000000000000	0.0000000000000
0.86799997091293	0.94234043359756	-0.33317479491234	73.000000000000	0.0000000000000
0.87199997901917	0.94179844856262	-0.33464905619621	73.000000000000	0.0000000000000
0.87599998712540	0.94125378131866	-0.33612203598022	73.000000000000	0.0000000000000
0.87999999523163	0.94070625305176	-0.33759364485741	73.000000000000	0.0000000000000
0.88400000333786	0.94015610218048	-0.33906397223473	73.000000000000	0.0000000000000
0.88800001144409	0.93960344791412	-0.34053295850754	73.000000000000	0.0000000000000
0.89200001955032	0.93904787302017	-0.34200054407120	73.000000000000	0.0000000000000
0.89600002765656	0.93848985433578	-0.34346678853035	73.000000000000	0.0000000000000
0.89999997615814	0.93792897462845	-0.34493166208267	73.000000000000	0.0000000000000
0.90399998426437	0.93736565113068	-0.34639510512352	73.000000000000	0.0000000000000
0.90799999237061	0.93679964542389	-0.34785717725754	73.000000000000	0.0000000000000
0.91200000047684	0.93623101711273	-0.34931775927544	73.000000000000	0.0000000000000
0.91600000858307	0.93565970659256	-0.35077700018883	73.000000000000	0.0000000000000
0.92000001668930	0.93508589267731	-0.35223472118378	73.000000000000	0.0000000000000
0.92400002479553	0.93450951576233	-0.35369104146957	73.000000000000	0.0000000000000
0.92799997329712	0.93393057584763	-0.35514584183693	73.000000000000	0.0000000000000
0.93199998140335	0.93334913253784	-0.35659921169281	73.000000000000	0.0000000000000
0.93599998950958	0.93276524543762	-0.35805112123489	73.000000000000	0.0000000000000
0.93999999761581	0.93217867612839	-0.35950154066086	73.000000000000	0.0000000000000
0.94400000572205	0.93158966302872	-0.36095044016838	73.000000000000	0.0000000000000
0.94800001382828	0.93099820613861	-0.36239781975746	73.000000000000	0.0000000000000
0.95200002193451	0.93040430545807	-0.36384370923042	73.000000000000	0.0000000000000
0.95599997043610	0.92980796098709	-0.36528807878494	73.000000000000	0.0000000000000
0.95999997854233	0.92920911312103	-0.36673098802567	73.000000000000	0.0000000000000
0.96399998664856	0.92860800027847	-0.36817234754562	73.000000000000	0.0000000000000
0.96799999475479	0.92800438404083	-0.36961209774017	73.000000000000	0.0000000000000
0.97200000286102	0.92739844322205	-0.37105038762093	73.000000000000	0.0000000000000
0.97600001096725	0.92679011821747	-0.37248709797859	73.000000000000	0.0000000000000
0.98000001907349	0.92617946863174	-0.37392231822014	73.000000000000	0.0000000000000
0.98400002717972	0.92556631565094	-0.37535592913628	73.000000000000	0.0000000000000
0.98799997568130	0.92495095729828	-0.37678840756416	73.000000000000	0.0000000000000
0.99199998378754	0.92433339357376	-0.37821882963181	73.000000000000	0.0000000000000
0.99599999189377	0.92371350526810	-0.37964773178101	73.000000000000	0.0000000000000
1.0000000000000	0.92309117317200	-0.38107547163963	73.000000000000	0.0000000000000
1.0039999485016	0.92246675491333	-0.38250124454498	73.000000000000	0.0000000000000
1.0080000162125	0.92184001207352	-0.38392546772957	73.000000000000	0.0000000000000
1.0119999647141	0.92121124267578	-0.38534817099571	73.000000000000	0.0000000000000
1.0160000324249	0.92058020830154	-0.38676929473877	73.000000000000	0.0000000000000
1.0199999809265	0.91994673013687	-0.38818931579590	73.000000000000	0.0000000000000
1.0240000486374	0.91931098699570	-0.38960775732994	73.000000000000	0.0000000000000
1.0279999971390	0.91867339611053	-0.39102426171303	73.000000000000	0.0000000000000
1.0319999456406	0.91803336143494	-0.39243960380554	73.000000000000	0.0000000000000
1.0360000133514	0.91739153862000	-0.39385300874710	73.000000000000	0.0000000000000
1.0399999618530	0.91674709320068	-0.39526572823524	73.000000000000	0.0000000000000
1.0440000295639	0.91610085964203	-0.39667603373528	73.000000000000	0.0000000000000
1.0479999780655	0.91545248031616	-0.39808523654938	73.000000000000	0.0000000000000
1.0520000457764	0.91480195522308	-0.39949288964272	73.000000000000	0.0000000000000
1.0559999942780	0.91414940357208	-0.40089902281761	73.000000000000	0.0000000000000
1.0599999427795	0.91349452733994	-0.40230402350426	73.000000000000	0.0000000000000
1.0640000104904	0.91283792257309	-0.40370708703995	73.000000000000	0.0000000000000
1.0679999589920	0.91217911243439	-0.40510860085487	73.000000000000	0.0000000000000
1.0720000267029	0.91151827573776	-0.40650904178619	73.000000000000	0.0000000000000
1.0759999752045	0.91085535287857	-0.40790790319443	73.000000000000	0.0000000000000
1.0800000429153	0.91019070148468	-0.40930485725403	73.000000000000	0.0000000000000
1.0839999914169	0.90952348709106	-0.41070109605789	73.000000000000	0.0000000000000
1.0880000591278	0.90885472297668	-0.41209539771080	73.000000000000	0.0000000000000
1.0920000076294	0.90818351507187	-0.41348907351494	73.000000000000	0.0000000000000
1.0959999561310	0.90751051902771	-0.41488072276115	73.000000000000	0.0000000000000
1.1000000238419	0.90683567523956	-0.41627091169357	73.000000000000	0.0000000000000
1.1039999723434	0.90615862607956	-0.41765999794006	73.000000000000	0.0000000000000
1.1080000400543	0.90547972917557	-0.41904753446579	73.000000000000	0.0000000000000
1.1119999885559	0.90479892492294	-0.42043355107307	73.000000000000	0.0000000000000
1.1160000562668	0.90411597490311	-0.42181846499443	73.000000000000	0.0000000000000
1.1200000047684	0.90343099832535	-0.42320230603218	73.000000000000	0.0000000000000
1.1239999532700	0.90274417400360	-0.42458465695381	73.000000000000	0.0000000000000
1.1280000209808	0.90205532312393	-0.42596554756165	73.000000000000	0.0000000000000
1.1319999694824	0.90136444568634	-0.42734524607658	73.000000000000	0.0000000000000
1.1360000371933	0.90067166090012	-0.42872375249863	73.000000000000	0.0000000000000
1.1399999856949	0.89997690916061	-0.43010091781616	73.000000000000	0.0000000000000
1.1440000534058	0.89928013086319	-0.43147683143616	73.000000000000	0.0000000000000
1.1480000019073	0.89858144521713	-0.43285161256790	73.000000000000	0.0000000000000
1.1519999504089	0.89788067340851	-0.43422508239746	73.000000000000	0.0000000000000
1.1560000181198	0.89717805385590	-0.43559738993645	73.000000000000	0.0000000000000
1.1599999666214	0.89647328853607	-0.43696847558022	73.000000000000	0.0000000000000
1.1640000343323	0.89576655626297	-0.43833839893341	73.000000000000	0.0000000000000
1.1679999828339	0.89505797624588	-0.43970718979836	73.000000000000	0.0000000000000
1.1720000505447	0.89434731006622	-0.44107481837273	73.000000000000	0.0000000000000
1.1759999990463	0.89363449811935	-0.44244128465652	73.000000000000	0.0000000000000
1.1799999475479	0.89291983842850	-0.44380667805672	73.000000000000	0.0000000000000
1.1840000152588	0.89220303297043	-0.44517087936401	73.000000000000	0.0000000000000
1.1879999637604	0.89148420095444	-0.44653400778770	73.000000000000	0.0000000000000
1.1920000314713	0.89076340198517	-0.44789609313011	73.000000000000	0.0000000000000
1.1959999799728	0.89004039764404	-0.44925710558891	73.000000000000	0.0000000000000
1.2000000476837	0.88931536674500	-0.45061704516411	73.000000000000	0.0000000000000
1.2039999961853	0.88858824968338	-0.45197591185570	73.000000000000	0.0000000000000
1.2079999446869	0.88785916566849	-0.45333376526833	73.000000000000	0.0000000000000
1.2120000123978	0.88712775707245	-0.45469060540199	73.000000000000	0.0000000000000
1.2159999608994	0.88639432191849	-0.45604646205902	73.000000000000	0.0000000000000
1.2200000286102	0.88565868139267	-0.45740121603012	73.000000000000	0.0000000000000
1.2239999771118	0.88492095470428	-0.45875504612923	73.000000000000	0.0000000000000
1.2280000448227	0.88418102264404	-0.46010792255402	73.000000000000	0.0000000000000
1.2319999933243	0.88343870639801	-0.46145972609520	73.000000000000	0.0000000000000
1.2359999418259	0.88269442319870	-0.46281066536903	73.000000000000	0.0000000000000
1.2400000095367	0.88194775581360	-0.46416062116623	73.000000000000	0.0000000000000
1.2439999580383	0.88119888305664	-0.46550962328911	73.000000000000	0.0000000000000
1.2480000257492	0.88044768571854	-0.46685767173767	73.000000000000	0.0000000000000
1.2519999742508	0.87969422340393	-0.46820479631424	73.000000000000	0.0000000000000
1.2560000419617	0.87893849611282	-0.46955099701881	73.000000000000	0.0000000000000
1.2599999904633	0.87818026542664	-0.47089630365372	73.000000000000	0.0000000000000
1.2640000581741	0.87741988897324	-0.47224065661430	73.000000000000	0.0000000000000
1.2680000066757	0.87665694952011	-0.47358411550522	73.000000000000	0.0000000000000
1.2719999551773	0.87589150667191	-0.47492665052414	73.000000000000	0.0000000000000
1.2760000228882	0.87512367963791	-0.47626826167107	73.000000000000	0.0000000000000
1.2799999713898	0.87435352802277	-0.47760900855064	73.000000000000	0.0000000000000
1.2840000391006	0.87358081340790	-0.47894880175591	73.000000000000	0.0000000000000
1.2879999876022	0.87280541658401	-0.48028770089149	73.000000000000	0.0000000000000
1.2920000553131	0.87202757596970	-0.48162570595741	73.000000000000	0.0000000000000
1.2960000038147	0.87124711275101	-0.48296281695366	73.000000000000	0.0000000000000
1.2999999523163	0.87046408653259	-0.48429903388023	73.000000000000	0.0000000000000
1.3040000200272	0.86967843770981	-0.48563432693481	73.000000000000	0.0000000000000
1.3079999685287	0.86889010667801	-0.48696869611740	73.000000000000	0.0000000000000
1.3120000362396	0.86809891462326	-0.48830211162567	73.000000000000	0.0000000000000
1.3159999847412	0.86730521917343	-0.48963460326195	73.000000000000	0.0000000000000
1.3200000524521	0.86650860309601	-0.49096620082855	73.000000000000	0.0000000000000
1.3240000009537	0.86570936441422	-0.49229684472084	73.000000000000	0.0000000000000
1.3279999494553	0.86490708589554	-0.49362659454346	73.000000000000	0.0000000000000
1.3320000171661	0.86410206556320	-0.49495533108711	73.000000000000	0.0000000000000
1.3359999656677	0.86329412460327	-0.49628305435181	73.000000000000	0.0000000000000
1.3400000333786	0.86248326301575	-0.49760985374451	73.000000000000	0.0000000000000
1.3439999818802	0.86166942119598	-0.49893563985825	73.000000000000	0.0000000000000
1.3480000495911	0.86085271835327	-0.50026041269302	73.000000000000	0.0000000000000
1.3519999980927	0.86003285646439	-0.50158417224884	73.000000000000	0.0000000000000
1.3559999465942	0.85921001434326	-0.50290679931641	73.000000000000	0.0000000000000
1.3600000143051	0.85838401317596	-0.50422853231430	73.000000000000	0.0000000000000
1.3639999628067	0.85755491256714	-0.50554913282394	73.000000000000	0.0000000000000
1.3680000305176	0.85672265291214	-0.50686848163605	73.000000000000	0.0000000000000
1.3719999790192	0.85588729381561	-0.50818687677383	73.000000000000	0.0000000000000
1.3760000467300	0.85504871606827	-0.50950407981873	73.000000000000	0.0000000000000
1.3799999952316	0.85420668125153	-0.51082009077072	73.000000000000	0.0000000000000
1.3839999437332	0.85336142778397	-0.51213496923447	73.000000000000	0.0000000000000
1.3880000114441	0.85251295566559	-0.51344853639603	73.000000000000	0.0000000000000
1.3919999599457	0.85166108608246	-0.51476091146469	73.000000000000	0.0000000000000
1.3960000276566	0.85080587863922	-0.51607209444046	73.000000000000	0.0000000000000
1.3999999761581	0.84994715452194	-0.51738184690475	73.000000000000	0.0000000000000
1.4040000438690	0.84908503293991	-0.51869028806686	73.000000000000	0.0000000000000
1.4079999923706	0.84821939468384	-0.51999747753143	73.000000000000	0.0000000000000
1.4119999408722	0.84735018014908	-0.52130311727524	73.000000000000	0.0000000000000
1.4160000085831	0.84647750854492	-0.52260738611221	73.000000000000	0.0000000000000
1.4199999570847	0.84560137987137	-0.52391010522842	73.000000000000	0.0000000000000
1.4240000247955	0.84472149610519	-0.52521151304245	73.000000000000	0.0000000000000
1.4279999732971	0.84383791685104	-0.52651125192642	73.000000000000	0.0000000000000
1.4320000410080	0.84295088052750	-0.52780938148499	73.000000000000	0.0000000000000
1.4359999895096	0.84205991029739	-0.52910596132278	73.000000000000	0.0000000000000
1.4400000572205	0.84116524457932	-0.53040081262589	73.000000000000	0.0000000000000
1.4440000057220	0.84026694297791	-0.53169399499893	73.000000000000	0.0000000000000
1.4479999542236	0.83936464786530	-0.53298544883728	73.000000000000	0.0000000000000
1.4520000219345	0.83845883607864	-0.53427499532700	73.000000000000	0.0000000000000
1.4559999704361	0.83754903078079	-0.53556281328201	73.000000000000	0.0000000000000
1.4600000381470	0.83663535118103	-0.53684860467911	73.000000000000	0.0000000000000
1.4639999866486	0.83571791648865	-0.53813260793686	73.000000000000	0.0000000000000
1.4680000543594	0.83479636907578	-0.53941452503204	73.000000000000	0.0000000000000
1.4720000028610	0.83387106657028	-0.54069441556931	73.000000000000	0.0000000000000
1.4759999513626	0.83294177055359	-0.54197221994400	73.000000000000	0.0000000000000
1.4800000190735	0.83200842142105	-0.54324781894684	73.000000000000	0.0000000000000
1.4839999675751	0.83107125759125	-0.54452127218246	73.000000000000	0.0000000000000
1.4880000352859	0.83012974262238	-0.54579246044159	73.000000000000	0.0000000000000
1.4919999837875	0.82918459177017	-0.54706138372421	73.000000000000	0.0000000000000
1.4960000514984	0.82823526859283	-0.54832780361176	73.000000000000	0.0000000000000
1.5000000000000	0.82728183269501	-0.54959189891815	73.000000000000	0.0000000000000
1.5039999485016	0.82632422447205	-0.55085337162018	73.000000000000	0.0000000000000
1.5080000162125	0.82536280155182	-0.55211240053177	73.000000000000	0.0000000000000
1.5119999647141	0.82439702749252	-0.55336880683899	73.000000000000	0.0000000000000
1.5160000324249	0.82342725992203	-0.55462247133255	73.000000000000	0.0000000000000
1.5199999809265	0.82245337963104	-0.55587351322174	73.000000000000	0.0000000000000
1.5240000486374	0.82147532701492	-0.55712163448334	73.000000000000	0.0000000000000
1.5279999971390	0.82049328088760	-0.55836695432663	73.000000000000	0.0000000000000
1.5319999456406	0.81950694322586	-0.55960929393768	73.000000000000	0.0000000000000
1.5360000133514	0.81851649284363	-0.56084871292114	73.000000000000	0.0000000000000
1.5399999618530	0.81752192974091	-0.56208497285843	73.000000000000	0.0000000000000
1.5440000295639	0.81652313470840	-0.56331801414490	73.000000000000	0.0000000000000
1.5479999780655	0.81552034616470	-0.56454801559448	73.000000000000	0.0000000000000
1.5520000457764	0.81451326608658	-0.56577461957932	73.000000000000	0.0000000000000
1.5559999942780	0.81350201368332	-0.56699788570404	73.000000000000	0.0000000000000
1.5599999427795	0.81248688697815	-0.56821781396866	73.000000000000	0.0000000000000
1.5640000104904	0.81146740913391	-0.56943422555923	73.000000000000	0.0000000000000
1.5679999589920	0.81044399738312	-0.57064694166183	73.000000000000	0.0000000000000
1.5720000267029	0.80941617488861	-0.57185614109039	73.000000000000	0.0000000000000
1.5759999752045	0.80838447809219	-0.57306158542633	73.000000000000	0.0000000000000
1.5800000429153	0.80734872817993	-0.57426327466965	73.000000000000	0.0000000000000
1.5839999914169	0.80630880594254	-0.57546108961105	73.000000000000	0.0000000000000
1.5880000591278	0.80526477098465	-0.57665508985519	73.000000000000	0.0000000000000
1.5920000076294	0.80421680212021	-0.57784497737885	73.000000000000	0.0000000000000
1.5959999561310	0.80316489934921	-0.57903075218201	73.000000000000	0.0000000000000
1.6000000238419	0.80210888385773	-0.58021241426468	73.000000000000	0.0000000000000
1.6039999723434	0.80104899406433	-0.58138990402222	73.000000000000	0.0000000000000
1.6080000400543	0.79998517036438	-0.58256304264069	73.000000000000	0.0000000000000
1.6119999885559	0.79891735315323	-0.58373171091080	73.000000000000	0.0000000000000
1.6160000562668	0.79784572124481	-0.58489608764648	73.000000000000	0.0000000000000
1.6200000047684	0.79677015542984	-0.58605581521988	73.000000000000	0.0000000000000
1.6239999532700	0.79569071531296	-0.58721101284027	73.000000000000	0.0000000000000
1.6280000209808	0.79460757970810	-0.58836150169373	73.000000000000	0.0000000000000
1.6319999694824	0.79352074861526	-0.58950728178024	73.000000000000	0.0000000000000
1.6360000371933	0.79243010282516	-0.59064811468124	73.000000000000	0.0000000000000
1.6399999856949	0.79133582115173	-0.59178417921066	73.000000000000	0.0000000000000
1.6440000534058	0.79023790359497	-0.59291523694992	73.000000000000	0.0000000000000
1.6480000019073	0.78913664817810	-0.59404128789902	73.000000000000	0.0000000000000
1.6519999504089	0.78803151845932	-0.59516215324402	73.000000000000	0.0000000000000
1.6560000181198	0.78692299127579	-0.59627783298492	73.000000000000	0.0000000000000
1.6599999666214	0.78581112623215	-0.59738826751709	73.000000000000	0.0000000000000
1.6640000343323	0.78469586372375	-0.59849333763123	73.000000000000	0.0000000000000
1.6679999828339	0.78357708454132	-0.59959298372269	73.000000000000	0.0000000000000
1.6720000505447	0.78245526552200	-0.60068714618683	73.000000000000	0.0000000000000
1.6759999990463	0.78133004903793	-0.60177588462830	73.000000000000	0.0000000000000
1.6799999475479	0.78020185232162	-0.60285890102386	73.000000000000	0.0000000000000
1.6840000152588	0.77907043695450	-0.60393625497818	73.000000000000	0.0000000000000
1.6879999637604	0.77793592214584	-0.60500788688660	73.000000000000	0.0000000000000
1.6920000314713	0.77679854631424	-0.60607361793518	73.000000000000	0.0000000000000
1.6959999799728	0.77565819025040	-0.60713356733322	73.000000000000	0.0000000000000
1.7000000476837	0.77451503276825	-0.60818749666214	73.000000000000	0.0000000000000
1.7039999961853	0.77336913347244	-0.60923552513123	73.000000000000	0.0000000000000
1.7079999446869	0.77222055196762	-0.61027735471725	73.000000000000	0.0000000000000
1.7120000123978	0.77106934785843	-0.61131304502487	73.000000000000	0.0000000000000
1.7159999608994	0.76991564035416	-0.61234265565872	73.000000000000	0.0000000000000
1.7200000286102	0.76875936985016	-0.61336582899094	73.000000000000	0.0000000000000
1.7239999771118	0.76760071516037	-0.61438286304474	73.000000000000	0.0000000000000
1.7280000448227	0.76643985509872	-0.61539345979691	73.000000000000	0.0000000000000
1.7319999933243	0.76527673006058	-0.61639767885208	73.000000000000	0.0000000000000
1.7359999418259	0.76411157846451	-0.61739540100098	73.000000000000	0.0000000000000
1.7400000095367	0.76294416189194	-0.61838656663895	73.000000000000	0.0000000000000
1.7439999580383	0.76177477836609	-0.61937129497528	73.000000000000	0.0000000000000
1.7480000257492	0.76060372591019	-0.62034910917282	73.000000000000	0.0000000000000
1.7519999742508	0.75943070650101	-0.62132048606873	73.000000000000	0.0000000000000
1.7560000419617	0.75825601816177	-0.62228512763977	73.000000000000	0.0000000000000
1.7599999904633	0.75707972049713	-0.62324303388596	73.000000000000	0.0000000000000
1.7640000581741	0.75590205192566	-0.62419408559799	73.000000000000	0.0000000000000
1.7680000066757	0.75472289323807	-0.62513828277588	73.000000000000	0.0000000000000
1.7719999551773	0.75354242324829	-0.62607550621033	73.000000000000	0.0000000000000
1.7760000228882	0.75236082077026	-0.62700599431992	73.000000000000	0.0000000000000
1.7799999713898	0.75117796659470	-0.62792932987213	73.000000000000	0.0000000000000
1.7840000391006	0.74999415874481	-0.62884581089020	73.000000000000	0.0000000000000
1.7879999876022	0.74880951642990	-0.62975525856018	73.000000000000	0.0000000000000
1.7920000553131	0.74762392044067	-0.63065761327744	73.000000000000	0.0000000000000
1.7960000038147	0.74643766880035	-0.63155293464661	73.000000000000	0.0000000000000
1.7999999523163	0.74525082111359	-0.63244128227234	73.000000000000	0.0000000000000
1.8040000200272	0.74406343698502	-0.63332229852676	73.000000000000	0.0000000000000
1.8079999685287	0.74287557601929	-0.63419628143311	73.000000000000	0.0000000000000
1.8120000362396	0.74168771505356	-0.63506311178207	73.000000000000	0.0000000000000
1.8159999847412	0.74049961566925	-0.63592272996902	73.000000000000	0.0000000000000
1.8200000524521	0.73931133747101	-0.63677519559860	73.000000000000	0.0000000000000
1.8240000009537	0.73812329769135	-0.63762044906616	73.000000000000	0.0000000000000
1.8279999494553	0.73693519830704	-0.63845843076706	73.000000000000	0.0000000000000
1.8320000171661	0.73574763536453	-0.63928925991058	73.000000000000	0.0000000000000
1.8359999656677	0.73456031084061	-0.64011281728745	73.000000000000	0.0000000000000
1.8400000333786	0.73337358236313	-0.64092922210693	73.000000000000	0.0000000000000
1.8439999818802	0.73218744993210	-0.64173841476440	73.000000000000	0.0000000000000
1.8480000495911	0.73100209236145	-0.64254033565521	73.000000000000	0.0000000000000
1.8519999980927	0.72981733083725	-0.64333504438400	73.000000000000	0.0000000000000
1.8559999465942	0.72863382101059	-0.64412254095078	73.000000000000	0.0000000000000
1.8600000143051	0.72745138406754	-0.64490288496017	73.000000000000	0.0000000000000
1.8639999628067	0.72626990079880	-0.64567595720291	73.000000000000	0.0000000000000
1.8680000305176	0.72508996725082	-0.64644187688828	73.000000000000	0.0000000000000
1.8719999790192	0.72391146421432	-0.64720070362091	73.000000000000	0.0000000000000
1.8760000467300	0.72273433208466	-0.64795231819153	73.000000000000	0.0000000000000
1.8799999952316	0.72155916690826	-0.64869683980942	73.000000000000	0.0000000000000
1.8839999437332	0.72038549184799	-0.64943432807922	73.000000000000	0.0000000000000
1.8880000114441	0.71921378374100	-0.65016466379166	73.000000000000	0.0000000000000
1.8919999599457	0.71804416179657	-0.65088814496994	73.000000000000	0.0000000000000
1.8960000276566	0.71687662601471	-0.65160453319550	73.000000000000	0.0000000000000
1.8999999761581	0.71571141481400	-0.65231388807297	73.000000000000	0.0000000000000
1.9040000438690	0.71454852819443	-0.65301638841629	73.000000000000	0.0000000000000
1.9079999923706	0.71338820457458	-0.65371203422546	73.000000000000	0.0000000000000
1.9119999408722	0.71223038434982	-0.65440076589584	73.000000000000	0.0000000000000
1.9160000085831	0.71107506752014	-0.65508270263672	73.000000000000	0.0000000000000
1.9199999570847	0.70992279052734	-0.65575790405273	73.000000000000	0.0000000000000
1.9240000247955	0.70877343416214	-0.65642642974854	73.000000000000	0.0000000000000
1.9279999732971	0.70762705802917	-0.65708827972412	73.000000000000	0.0000000000000
1.9320000410080	0.70648396015167	-0.65774357318878	73.000000000000	0.0000000000000
1.9359999895096	0.70534390211105	-0.65839236974716	73.000000000000	0.0000000000000
1.9400000572205	0.70420724153519	-0.65903460979462	73.000000000000	0.0000000000000
1.9440000057220	0.70307415723801	-0.65967053174973	73.000000000000	0.0000000000000
1.9479999542236	0.70194482803345	-0.66029995679855	73.000000000000	0.0000000000000
1.9520000219345	0.70081901550293	-0.66092324256897	73.000000000000	0.0000000000000
1.9559999704361	0.69969689846039	-0.66154026985168	73.000000000000	0.0000000000000
1.9600000381470	0.69857889413834	-0.66215115785599	73.000000000000	0.0000000000000
1.9639999866486	0.69746476411819	-0.66275602579117	73.000000000000	0.0000000000000
1.9680000543594	0.69635474681854	-0.66335487365723	73.000000000000	0.0000000000000
1.9720000028610	0.69524896144867	-0.66394788026810	73.000000000000	0.0000000000000
1.9759999513626	0.69414740800858	-0.66453498601913	73.000000000000	0.0000000000000
1.9800000190735	0.69305050373077	-0.66511636972427	73.000000000000	0.0000000000000
1.9839999675751	0.69195795059204	-0.66569215059280	73.000000000000	0.0000000000000
1.9880000352859	0.69086992740631	-0.66626226902008	73.000000000000	0.0000000000000
1.9919999837875	0.68978649377823	-0.66682708263397	73.000000000000	0.0000000000000
1.9960000514984	0.68870806694031	-0.66738635301590	73.000000000000	0.0000000000000
2.0000000000000	0.68763434886932	-0.66794043779373	73.000000000000	0.0000000000000
2.0039999485016	0.68656557798386	-0.66848927736282	73.000000000000	0.0000000000000
2.0079998970032	0.68550193309784	-0.66903311014175	73.000000000000	0.0000000000000
2.0120000839233	0.68444335460663	-0.66957193613052	73.000000000000	0.0000000000000
2.0160000324249	0.68338990211487	-0.67010581493378	73.000000000000	0.0000000000000
2.0199999809265	0.68234181404114	-0.67063498497009	73.000000000000	0.0000000000000
2.0239999294281	0.68129891157150	-0.67115950584412	73.000000000000	0.0000000000000
2.0280001163483	0.68026179075241	-0.67167937755585	73.000000000000	0.0000000000000
2.0320000648499	0.67922985553741	-0.67219483852386	73.000000000000	0.0000000000000
2.0360000133514	0.67820364236832	-0.67270600795746	73.000000000000	0.0000000000000
2.0399999618530	0.67718279361725	-0.67321294546127	73.000000000000	0.0000000000000
2.0439999103546	0.67616796493530	-0.67371565103531	73.000000000000	0.0000000000000
2.0480000972748	0.67515873908997	-0.67421448230743	73.000000000000	0.0000000000000
2.0520000457764	0.67415535449982	-0.67470937967300	73.000000000000	0.0000000000000
2.0559999942780	0.67315798997879	-0.67520064115524	73.000000000000	0.0000000000000
2.0599999427795	0.67216646671295	-0.67568814754486	73.000000000000	0.0000000000000
2.0639998912811	0.67118090391159	-0.67617219686508	73.000000000000	0.0000000000000
2.0680000782013	0.67020142078400	-0.67665290832520	73.000000000000	0.0000000000000
2.0720000267029	0.66922795772552	-0.67713028192520	73.000000000000	0.0000000000000
2.0759999752045	0.66826075315475	-0.67760461568832	73.000000000000	0.0000000000000
2.0799999237061	0.66729968786240	-0.67807585000992	73.000000000000	0.0000000000000
2.0840001106262	0.66634470224380	-0.67854428291321	73.000000000000	0.0000000000000
2.0880000591278	0.66539621353149	-0.67900997400284	73.000000000000	0.0000000000000
2.0920000076294	0.66445380449295	-0.67947298288345	73.000000000000	0.0000000000000
2.0959999561310	0.66351783275604	-0.67993354797363	73.000000000000	0.0000000000000
2.0999999046326	0.66258817911148	-0.68039178848267	73.000000000000	0.0000000000000
2.1040000915527	0.66166502237320	-0.68084776401520	73.000000000000	0.0000000000000
2.1080000400543	0.66074818372726	-0.68130171298981	73.000000000000	0.0000000000000
2.1119999885559	0.65983778238297	-0.68175363540649	73.000000000000	0.0000000000000
2.1159999370575	0.65893381834030	-0.68220382928848	73.000000000000	0.0000000000000
2.1199998855591	0.65803629159927	-0.68265229463577	73.000000000000	0.0000000000000
2.1240000724792	0.65714508295059	-0.68309926986694	73.000000000000	0.0000000000000
2.1280000209808	0.65626072883606	-0.68354481458664	73.000000000000	0.0000000000000
2.1319999694824	0.65538251399994	-0.68398904800415	73.000000000000	0.0000000000000
2.1359999179840	0.65451097488403	-0.68443220853806	73.000000000000	0.0000000000000
2.1400001049042	0.65364593267441	-0.68487441539764	73.000000000000	0.0000000000000
2.1440000534058	0.65278720855713	-0.68531572818756	73.000000000000	0.0000000000000
2.1480000019073	0.65193492174149	-0.68575632572174	73.000000000000	0.0000000000000
2.1519999504089	0.65108925104141	-0.68619632720947	73.000000000000	0.0000000000000
2.1559998989105	0.65025007724762	-0.68663591146469	73.000000000000	0.0000000000000
2.1600000858307	0.64941740036011	-0.68707513809204	73.000000000000	0.0000000000000
2.1640000343323	0.64859098196030	-0.68751436471939	73.000000000000	0.0000000000000
2.1679999828339	0.64777112007141	-0.68795335292816	73.000000000000	0.0000000000000
2.1719999313354	0.64695751667023	-0.68839257955551	73.000000000000	0.0000000000000
2.1760001182556	0.64615017175674	-0.68883198499680	73.000000000000	0.0000000000000
2.1800000667572	0.64534938335419	-0.68927180767059	73.000000000000	0.0000000000000
2.1840000152588	0.64455485343933	-0.68971210718155	73.000000000000	0.0000000000000
2.1879999637604	0.64376664161682	-0.69015300273895	73.000000000000	0.0000000000000
2.1919999122620	0.64298444986343	-0.69059479236603	73.000000000000	0.0000000000000
2.1960000991821	0.64220851659775	-0.69103735685349	73.000000000000	0.0000000000000
2.2000000476837	0.64143890142441	-0.69148105382919	73.000000000000	0.0000000000000
2.2039999961853	0.64067512750626	-0.69192588329315	73.000000000000	0.0000000000000
2.2079999446869	0.63991743326187	-0.69237202405930	73.000000000000	0.0000000000000
2.2119998931885	0.63916581869125	-0.69281959533691	73.000000000000	0.0000000000000
2.2160000801086	0.63842004537582	-0.69326871633530	73.000000000000	0.0000000000000
2.2200000286102	0.63768017292023	-0.69371956586838	73.000000000000	0.0000000000000
2.2239999771118	0.63694620132446	-0.69417220354080	73.000000000000	0.0000000000000
2.2279999256134	0.63621783256531	-0.69462674856186	73.000000000000	0.0000000000000
2.2320001125336	0.63549536466599	-0.69508332014084	73.000000000000	0.0000000000000
2.2360000610352	0.63477832078934	-0.69554203748703	73.000000000000	0.0000000000000
2.2400000095367	0.63406687974930	-0.69600313901901	73.000000000000	0.0000000000000
2.2439999580383	0.63336086273193	-0.69646662473679	73.000000000000	0.0000000000000
2.2479999065399	0.63266032934189	-0.69693255424500	73.000000000000	0.0000000000000
2.2520000934601	0.63196516036987	-0.69740128517151	73.000000000000	0.0000000000000
2.2560000419617	0.63127505779266	-0.69787263870239	73.000000000000	0.0000000000000
2.2599999904633	0.63059020042419	-0.69834685325623	73.000000000000	0.0000000000000
2.2639999389648	0.62991046905518	-0.69882404804230	73.000000000000	0.0000000000000
2.2679998874664	0.62923550605774	-0.69930428266525	73.000000000000	0.0000000000000
2.2720000743866	0.62856566905975	-0.69978773593903	73.000000000000	0.0000000000000
2.2760000228882	0.62790042161942	-0.70027452707291	73.000000000000	0.0000000000000
2.2799999713898	0.62724000215530	-0.70076465606689	73.000000000000	0.0000000000000
2.2839999198914	0.62658411264420	-0.70125824213028	73.000000000000	0.0000000000000
2.2880001068115	0.62593293190002	-0.70175540447235	73.000000000000	0.0000000000000
2.2920000553131	0.62528592348099	-0.70225620269775	73.000000000000	0.0000000000000
2.2960000038147	0.62464326620102	-0.70276087522507	73.000000000000	0.0000000000000
2.2999999523163	0.62400478124619	-0.70326936244965	73.000000000000	0.0000000000000
2.3039999008179	0.62337034940720	-0.70378166437149	73.000000000000	0.0000000000000
2.3080000877380	0.62273997068405	-0.70429807901382	73.000000000000	0.0000000000000
2.3120000362396	0.62211334705353	-0.70481860637665	73.000000000000	0.0000000000000
2.3159999847412	0.62149059772491	-0.70534330606461	73.000000000000	0.0000000000000
2.3199999332428	0.62087160348892	-0.70587217807770	73.000000000000	0.0000000000000
2.3239998817444	0.62025594711304	-0.70640546083450	73.000000000000	0.0000000000000
2.3280000686646	0.61964362859726	-0.70694315433502	73.000000000000	0.0000000000000
2.3320000171661	0.61903458833694	-0.70748531818390	73.000000000000	0.0000000000000
2.3359999656677	0.61842882633209	-0.70803195238113	73.000000000000	0.0000000000000
2.3399999141693	0.61782616376877	-0.70858329534531	73.000000000000	0.0000000000000
2.3440001010895	0.61722636222839	-0.70913922786713	73.000000000000	0.0000000000000
2.3480000495911	0.61662942171097	-0.70969998836517	73.000000000000	0.0000000000000
2.3519999980927	0.61603504419327	-0.71026539802551	73.000000000000	0.0000000000000
2.3559999465942	0.61544322967529	-0.71083569526672	73.000000000000	0.0000000000000
2.3599998950958	0.61485379934311	-0.71141070127487	73.000000000000	0.0000000000000
2.3640000820160	0.61426675319672	-0.71199083328247	73.000000000000	0.0000000000000
2.3680000305176	0.61368185281754	-0.71257585287094	73.000000000000	0.0000000000000
2.3719999790192	0.61309909820557	-0.71316587924957	73.000000000000	0.0000000000000
2.3759999275208	0.61251801252365	-0.71376091241837	73.000000000000	0.0000000000000
2.3800001144409	0.61193877458572	-0.71436113119125	73.000000000000	0.0000000000000
2.3840000629425	0.61136126518250	-0.71496635675430	73.000000000000	0.0000000000000
2.3880000114441	0.61078512668610	-0.71557676792145	73.000000000000	0.0000000000000
2.3919999599457	0.61021041870117	-0.71619230508804	73.000000000000	0.0000000000000
2.3959999084473	0.60963696241379	-0.71681308746338	73.000000000000	0.0000000000000
2.4000000953674	0.60906469821930	-0.71743893623352	73.000000000000	0.0000000000000
2.4040000438690	0.60849338769913	-0.71807008981705	73.000000000000	0.0000000000000
2.4079999923706	0.60792285203934	-0.71870654821396	73.000000000000	0.0000000000000
2.4119999408722	0.60735309123993	-0.71934819221497	73.000000000000	0.0000000000000
2.4159998893738	0.60678398609161	-0.71999502182007	73.000000000000	0.0000000000000
2.4200000762939	0.60621517896652	-0.72064715623856	73.000000000000	0.0000000000000
2.4240000247955	0.60564684867859	-0.72130465507507	73.000000000000	0.0000000000000
2.4279999732971	0.60507863759995	-0.72196722030640	73.000000000000	0.0000000000000
2.4319999217987	0.60451030731201	-0.72263514995575	73.000000000000	0.0000000000000
2.4360001087189	0.60394203662872	-0.72330838441849	73.000000000000	0.0000000000000
2.4400000572205	0.60337352752686	-0.72398674488068	73.000000000000	0.0000000000000
2.4440000057220	0.60280466079712	-0.72467035055161	73.000000000000	0.0000000000000
2.4479999542236	0.60223531723022	-0.72535920143127	73.000000000000	0.0000000000000
2.4519999027252	0.60166543722153	-0.72605311870575	73.000000000000	0.0000000000000
2.4560000896454	0.60109484195709	-0.72675228118896	73.000000000000	0.0000000000000
2.4600000381470	0.60052335262299	-0.72745656967163	73.000000000000	0.0000000000000
2.4639999866486	0.59995073080063	-0.72816598415375	73.000000000000	0.0000000000000
2.4679999351501	0.59937709569931	-0.72888058423996	73.000000000000	0.0000000000000
2.4719998836517	0.59880220890045	-0.72960007190704	73.000000000000	0.0000000000000
2.4760000705719	0.59822595119476	-0.73032462596893	73.000000000000	0.0000000000000
2.4800000190735	0.59764820337296	-0.73105412721634	73.000000000000	0.0000000000000
2.4839999675751	0.59706878662109	-0.73178863525391	73.000000000000	0.0000000000000
2.4879999160767	0.59648776054382	-0.73252797126770	73.000000000000	0.0000000000000
2.4920001029968	0.59590482711792	-0.73327213525772	73.000000000000	0.0000000000000
2.4960000514984	0.59531998634338	-0.73402118682861	73.000000000000	0.0000000000000
2.5000000000000	0.59473299980164	-0.73477488756180	73.000000000000	0.0000000000000
2.5039999485016	0.59414380788803	-0.73553329706192	73.000000000000	0.0000000000000
2.5079998970032	0.59355217218399	-0.73629635572433	73.000000000000	0.0000000000000
2.5120000839233	0.59295821189880	-0.73706388473511	73.000000000000	0.0000000000000
2.5160000324249	0.59236168861389	-0.73783606290817	73.000000000000	0.0000000000000
2.5199999809265	0.59176254272461	-0.73861253261566	73.000000000000	0.0000000000000
2.5239999294281	0.59116071462631	-0.73939353227615	73.000000000000	0.0000000000000
2.5280001163483	0.59055584669113	-0.74017882347107	73.000000000000	0.0000000000000
2.5320000648499	0.58994817733765	-0.74096822738647	73.000000000000	0.0000000000000
2.5360000133514	0.58933734893799	-0.74176180362701	73.000000000000	0.0000000000000
2.5399999618530	0.58872342109680	-0.74255955219269	73.000000000000	0.0000000000000
2.5439999103546	0.58810627460480	-0.74336129426956	73.000000000000	0.0000000000000
2.5480000972748	0.58748567104340	-0.74416697025299	73.000000000000	0.0000000000000
2.5520000457764	0.58686167001724	-0.74497652053833	73.000000000000	0.0000000000000
2.5559999942780	0.58623403310776	-0.74578976631165	73.000000000000	0.0000000000000
2.5599999427795	0.58560270071030	-0.74660676717758	73.000000000000	0.0000000000000
2.5639998912811	0.58496797084808	-0.74742734432220	73.000000000000	0.0000000000000
2.5680000782013	0.58432918787003	-0.74825143814087	73.000000000000	0.0000000000000
2.5720000267029	0.58368647098541	-0.74907898902893	73.000000000000	0.0000000000000
2.5759999752045	0.58303993940353	-0.74990981817245	73.000000000000	0.0000000000000
2.5799999237061	0.58238929510117	-0.75074386596680	73.000000000000	0.0000000000000
2.5840001106262	0.58173453807831	-0.75158101320267	73.000000000000	0.0000000000000
2.5880000591278	0.58107566833496	-0.75242143869400	73.000000000000	0.0000000000000
2.5920000076294	0.58041250705719	-0.75326454639435	73.000000000000	0.0000000000000
2.5959999561310	0.57974493503571	-0.75411069393158	73.000000000000	0.0000000000000
2.5999999046326	0.57907295227051	-0.75495946407318	73.000000000000	0.0000000000000
2.6040000915527	0.57839661836624	-0.75581091642380	73.000000000000	0.0000000000000
2.6080000400543	0.57771575450897	-0.75666499137878	73.000000000000	0.0000000000000
2.6119999885559	0.57703024148941	-0.75752139091492	73.000000000000	0.0000000000000
2.6159999370575	0.57634013891220	-0.75838023424149	73.000000000000	0.0000000000000
2.6199998855591	0.57564544677734	-0.75924122333527	73.000000000000	0.0000000000000
2.6240000724792	0.57494598627090	-0.76010447740555	73.000000000000	0.0000000000000
2.6280000209808	0.57424163818359	-0.76096969842911	73.000000000000	0.0000000000000
2.6319999694824	0.57353270053864	-0.76183682680130	73.000000000000	0.0000000000000
2.6359999179840	0.57281881570816	-0.76270574331284	73.000000000000	0.0000000000000
2.6400001049042	0.57209980487823	-0.76357632875443	73.000000000000	0.0000000000000
2.6440000534058	0.57137608528137	-0.76444864273071	73.000000000000	0.0000000000000
2.6480000019073	0.57064729928970	-0.76532238721848	73.000000000000	0.0000000000000
2.6519999504089	0.56991362571716	-0.76619744300842	73.000000000000	0.0000000000000
2.6559998989105	0.56917476654053	-0.76707392930984	73.000000000000	0.0000000000000
2.6600000858307	0.56843090057373	-0.76795148849487	73.000000000000	0.0000000000000
2.6640000343323	0.56768196821213	-0.76883000135422	73.000000000000	0.0000000000000
2.6679999828339	0.56692808866501	-0.76970952749252	73.000000000000	0.0000000000000
2.6719999313354	0.56616902351379	-0.77058994770050	73.000000000000	0.0000000000000
2.6760001182556	0.56540465354919	-0.77147102355957	73.000000000000	0.0000000000000
2.6800000667572	0.56463533639908	-0.77235281467438	73.000000000000	0.0000000000000
2.6840000152588	0.56386071443558	-0.77323502302170	73.000000000000	0.0000000000000
2.6879999637604	0.56308102607727	-0.77411758899689	73.000000000000	0.0000000000000
2.6919999122620	0.56229621171951	-0.77500051259995	73.000000000000	0.0000000000000
2.6960000991821	0.56150609254837	-0.77588361501694	73.000000000000	0.0000000000000
2.7000000476837	0.56071096658707	-0.77676671743393	73.000000000000	0.0000000000000
2.7039999961853	0.55991059541702	-0.77764999866486	73.000000000000	0.0000000000000
2.7079999446869	0.55910515785217	-0.77853286266327	73.000000000000	0.0000000000000
2.7119998931885	0.55829453468323	-0.77941566705704	73.000000000000	0.0000000000000
2.7160000801086	0.55747872591019	-0.78029799461365	73.000000000000	0.0000000000000
2.7200000286102	0.55665773153305	-0.78117996454239	73.000000000000	0.0000000000000
2.7239999771118	0.55583178997040	-0.78206127882004	73.000000000000	0.0000000000000
2.7279999256134	0.55500066280365	-0.78294205665588	73.000000000000	0.0000000000000
2.7320001125336	0.55416446924210	-0.78382200002670	73.000000000000	0.0000000000000
2.7360000610352	0.55332314968109	-0.78470110893250	73.000000000000	0.0000000000000
2.7400000095367	0.55247700214386	-0.78557920455933	73.000000000000	0.0000000000000
2.7439999580383	0.55162572860718	-0.78645628690720	73.000000000000	0.0000000000000
2.7479999065399	0.55076962709427	-0.78733223676682	73.000000000000	0.0000000000000
2.7520000934601	0.54990839958191	-0.78820681571960	73.000000000000	0.0000000000000
2.7560000419617	0.54904240369797	-0.78908020257950	73.000000000000	0.0000000000000
2.7599999904633	0.54817146062851	-0.78995203971863	73.000000000000	0.0000000000000
2.7639999389648	0.54729562997818	-0.79082232713699	73.000000000000	0.0000000000000
2.7679998874664	0.54641520977020	-0.79169106483459	73.000000000000	0.0000000000000
2.7720000743866	0.54552996158600	-0.79255807399750	73.000000000000	0.0000000000000
2.7760000228882	0.54464006423950	-0.79342323541641	73.000000000000	0.0000000000000
2.7799999713898	0.54374539852142	-0.79428660869598	73.000000000000	0.0000000000000
2.7839999198914	0.54284620285034	-0.79514801502228	73.000000000000	0.0000000000000
2.7880001068115	0.54194247722626	-0.79600727558136	73.000000000000	0.0000000000000
2.7920000553131	0.54103422164917	-0.79686444997787	73.000000000000	0.0000000000000
2.7960000038147	0.54012143611908	-0.79771941900253	73.000000000000	0.0000000000000
2.7999999523163	0.53920418024063	-0.79857212305069	73.000000000000	0.0000000000000
2.8039999008179	0.53828281164169	-0.79942244291306	73.000000000000	0.0000000000000
2.8080000877380	0.53735703229904	-0.80027025938034	73.000000000000	0.0000000000000
2.8120000362396	0.53642702102661	-0.80111563205719	73.000000000000	0.0000000000000
2.8159999847412	0.53549259901047	-0.80195844173431	73.000000000000	0.0000000000000
2.8199999332428	0.53455436229706	-0.80279862880707	73.000000000000	0.0000000000000
2.8239998817444	0.53361207246780	-0.80363601446152	73.000000000000	0.0000000000000
2.8280000686646	0.53266584873199	-0.80447065830231	73.000000000000	0.0000000000000
2.8320000171661	0.53171551227570	-0.80530250072479	73.000000000000	0.0000000000000
2.8359999656677	0.53076136112213	-0.80613142251968	73.000000000000	0.0000000000000
2.8399999141693	0.52980339527130	-0.80695742368698	73.000000000000	0.0000000000000
2.8440001010895	0.52884185314178	-0.80778038501740	73.000000000000	0.0000000000000
2.8480000495911	0.52787643671036	-0.80860024690628	73.000000000000	0.0000000000000
2.8519999980927	0.52690762281418	-0.80941700935364	73.000000000000	0.0000000000000
2.8559999465942	0.52593517303467	-0.81023061275482	73.000000000000	0.0000000000000
2.8599998950958	0.52495962381363	-0.81104105710983	73.000000000000	0.0000000000000
2.8640000820160	0.52398025989532	-0.81184828281403	73.000000000000	0.0000000000000
2.8680000305176	0.52299785614014	-0.81265211105347	73.000000000000	0.0000000000000
2.8719999790192	0.52201211452484	-0.81345254182816	73.000000000000	0.0000000000000
2.8759999275208	0.52102327346802	-0.81424969434738	73.000000000000	0.0000000000000
2.8800001144409	0.52003127336502	-0.81504344940186	73.000000000000	0.0000000000000
2.8840000629425	0.51903629302979	-0.81583368778229	73.000000000000	0.0000000000000
2.8880000114441	0.51803851127625	-0.81662040948868	73.000000000000	0.0000000000000
2.8919999599457	0.51703780889511	-0.81740379333496	73.000000000000	0.0000000000000
2.8959999084473	0.51603424549103	-0.81818348169327	73.000000000000	0.0000000000000
2.9000000953674	0.51502817869186	-0.81895953416824	73.000000000000	0.0000000000000
2.9040000438690	0.51401937007904	-0.81973218917847	73.000000000000	0.0000000000000
2.9079999923706	0.51300787925720	-0.82050108909607	73.000000000000	0.0000000000000
2.9119999408722	0.51199406385422	-0.82126647233963	73.000000000000	0.0000000000000
2.9159998893738	0.51097780466080	-0.82202810049057	73.000000000000	0.0000000000000
2.9200000762939	0.50995928049088	-0.82278603315353	73.000000000000	0.0000000000000
2.9240000247955	0.50893849134445	-0.82354050874710	73.000000000000	0.0000000000000
2.9279999732971	0.50791525840759	-0.82429105043411	73.000000000000	0.0000000000000
2.9319999217987	0.50689011812210	-0.82503807544708	73.000000000000	0.0000000000000
2.9360001087189	0.50586307048798	-0.82578128576279	73.000000000000	0.0000000000000
2.9400000572205	0.50483405590057	-0.82652086019516	73.000000000000	0.0000000000000
2.9440000057220	0.50380277633667	-0.82725661993027	73.000000000000	0.0000000000000
2.9479999542236	0.50277006626129	-0.82798880338669	73.000000000000	0.0000000000000
2.9519999027252	0.50173532962799	-0.82871711254120	73.000000000000	0.0000000000000
2.9560000896454	0.50069916248322	-0.82944184541702	73.000000000000	0.0000000000000
2.9600000381470	0.49966138601303	-0.83016294240952	73.000000000000	0.0000000000000
2.9639999866486	0.49862188100815	-0.83088022470474	73.000000000000	0.0000000000000
2.9679999351501	0.49758124351501	-0.83159375190735	73.000000000000	0.0000000000000
2.9719998836517	0.49653878808022	-0.83230364322662	73.000000000000	0.0000000000000
2.9760000705719	0.49549508094788	-0.83301001787186	73.000000000000	0.0000000000000
2.9800000190735	0.49445021152496	-0.83371263742447	73.000000000000	0.0000000000000
2.9839999675751	0.49340426921844	-0.83441150188446	73.000000000000	0.0000000000000
2.9879999160767	0.49235707521439	-0.83510684967041	73.000000000000	0.0000000000000
2.9920001029968	0.49130871891975	-0.83579862117767	73.000000000000	0.0000000000000
2.9960000514984	0.49025934934616	-0.83648681640625	73.000000000000	0.0000000000000
3.0000000000000	0.48920908570290	-0.83717137575150	73.000000000000	0.0000000000000
3.0039999485016	0.48815792798996	-0.83785247802734	73.000000000000	0.0000000000000
3.0079998970032	0.48710608482361	-0.83853006362915	73.000000000000	0.0000000000000
3.0120000839233	0.48605313897133	-0.83920419216156	73.000000000000	0.0000000000000
3.0160000324249	0.48499965667725	-0.83987474441528	73.000000000000	0.0000000000000
3.0199999809265	0.48394557833672	-0.84054177999496	73.000000000000	0.0000000000000
3.0239999294281	0.48289060592651	-0.84120565652847	73.000000000000	0.0000000000000
3.0280001163483	0.48183506727219	-0.84186613559723	73.000000000000	0.0000000000000
3.0320000648499	0.48077952861786	-0.84252309799194	73.000000000000	0.0000000000000
3.0360000133514	0.47972267866135	-0.84317702054977	73.000000000000	0.0000000000000
3.0399999618530	0.47866585850716	-0.84382748603821	73.000000000000	0.0000000000000
3.0439999103546	0.47760868072510	-0.84447473287582	73.000000000000	0.0000000000000
3.0480000972748	0.47655117511749	-0.84511882066727	73.000000000000	0.0000000000000
3.0520000457764	0.47549334168434	-0.84575963020325	73.000000000000	0.0000000000000
3.0559999942780	0.47443479299545	-0.84639757871628	73.000000000000	0.0000000000000
3.0599999427795	0.47337645292282	-0.84703224897385	73.000000000000	0.0000000000000
3.0639998912811	0.47231790423393	-0.84766393899918	73.000000000000	0.0000000000000
3.0680000782013	0.47125917673111	-0.84829258918762	73.000000000000	0.0000000000000
3.0720000267029	0.47020030021667	-0.84891831874847	73.000000000000	0.0000000000000
3.0759999752045	0.46914127469063	-0.84954112768173	73.000000000000	0.0000000000000
3.0799999237061	0.46808218955994	-0.85016101598740	73.000000000000	0.0000000000000
3.0840001106262	0.46702346205711	-0.85077798366547	73.000000000000	0.0000000000000
3.0880000591278	0.46596428751945	-0.85139226913452	73.000000000000	0.0000000000000
3.0920000076294	0.46490511298180	-0.85200393199921	73.000000000000	0.0000000000000
3.0959999561310	0.46384635567665	-0.85261261463165	73.000000000000	0.0000000000000
3.0999999046326	0.46278730034828	-0.85321891307831	73.000000000000	0.0000000000000
3.1040000915527	0.46172869205475	-0.85382229089737	73.000000000000	0.0000000000000
3.1080000400543	0.46066939830780	-0.85442352294922	73.000000000000	0.0000000000000
3.1119999885559	0.45961102843285	-0.85502183437347	73.000000000000	0.0000000000000
3.1159999370575	0.45855286717415	-0.85561764240265	73.000000000000	0.0000000000000
3.1199998855591	0.45749446749687	-0.85621124505997	73.000000000000	0.0000000000000
3.1240000724792	0.45643624663353	-0.85680234432220	73.000000000000	0.0000000000000
3.1280000209808	0.45537832379341	-0.85739111900330	73.000000000000	0.0000000000000
3.1319999694824	0.45432019233704	-0.85797774791718	73.000000000000	0.0000000000000
3.1359999179840	0.45326277613640	-0.85856181383133	73.000000000000	0.0000000000000
3.1400001049042	0.45220524072647	-0.85914379358292	73.000000000000	0.0000000000000
3.1440000534058	0.45114809274673	-0.85972368717194	73.000000000000	0.0000000000000
3.1480000019073	0.45009082555771	-0.86030143499374	73.000000000000	0.0000000000000
3.1519999504089	0.44903391599655	-0.86087703704834	73.000000000000	0.0000000000000
3.1559998989105	0.44797703623772	-0.86145073175430	73.000000000000	0.0000000000000
3.1600000858307	0.44692054390907	-0.86202228069305	73.000000000000	0.0000000000000
3.1640000343323	0.44586446881294	-0.86259174346924	73.000000000000	0.0000000000000
3.1679999828339	0.44480845332146	-0.86315935850143	73.000000000000	0.0000000000000
3.1719999313354	0.44375240802765	-0.86372512578964	73.000000000000	0.0000000000000
3.1760001182556	0.44269651174545	-0.86428916454315	73.000000000000	0.0000000000000
3.1800000667572	0.44164067506790	-0.86485141515732	73.000000000000	0.0000000000000
3.1840000152588	0.44058528542519	-0.86541163921356	73.000000000000	0.0000000000000
3.1879999637604	0.43952965736389	-0.86597043275833	73.000000000000	0.0000000000000
3.1919999122620	0.43847456574440	-0.86652725934982	73.000000000000	0.0000000000000
3.1960000991821	0.43741914629936	-0.86708271503448	73.000000000000	0.0000000000000
3.2000000476837	0.43636390566826	-0.86763644218445	73.000000000000	0.0000000000000
3.2039999961853	0.43530920147896	-0.86818826198578	73.000000000000	0.0000000000000
3.2079999446869	0.43425390124321	-0.86873894929886	73.000000000000	0.0000000000000
3.2119998931885	0.43319872021675	-0.86928790807724	73.000000000000	0.0000000000000
3.2160000801086	0.43214374780655	-0.86983543634415	73.000000000000	0.0000000000000
3.2200000286102	0.43108856678009	-0.87038159370422	73.000000000000	0.0000000000000
3.2239999771118	0.43003314733505	-0.87092626094818	73.000000000000	0.0000000000000
3.2279999256134	0.42897835373878	-0.87146925926208	73.000000000000	0.0000000000000
3.2320001125336	0.42792293429375	-0.87201106548309	73.000000000000	0.0000000000000
3.2360000610352	0.42686778306961	-0.87255132198334	73.000000000000	0.0000000000000
3.2400000095367	0.42581200599670	-0.87309056520462	73.000000000000	0.0000000000000
3.2439999580383	0.42475599050522	-0.87362831830978	73.000000000000	0.0000000000000
3.2479999065399	0.42369982600212	-0.87416487932205	73.000000000000	0.0000000000000
3.2520000934601	0.42264348268509	-0.87470006942749	73.000000000000	0.0000000000000
3.2560000419617	0.42158699035645	-0.87523400783539	73.000000000000	0.0000000000000
3.2599999904633	0.42053031921387	-0.87576663494110	73.000000000000	0.0000000000000
3.2639999389648	0.41947260499001	-0.87629830837250	73.000000000000	0.0000000000000
3.2679998874664	0.41841512918472	-0.87682849168777	73.000000000000	0.0000000000000
3.2720000743866	0.41735705733299	-0.87735748291016	73.000000000000	0.0000000000000
3.2760000228882	0.41629886627197	-0.87788528203964	73.000000000000	0.0000000000000
3.2799999713898	0.41523998975754	-0.87841182947159	73.000000000000	0.0000000000000
3.2839999198914	0.41418015956879	-0.87893748283386	73.000000000000	0.0000000000000
3.2880001068115	0.41312012076378	-0.87946182489395	73.000000000000	0.0000000000000
3.2920000553131	0.41205948591232	-0.87998491525650	73.000000000000	0.0000000000000
3.2960000038147	0.41099819540977	-0.88050693273544	73.000000000000	0.0000000000000
3.2999999523163	0.40993636846542	-0.88102775812149	73.000000000000	0.0000000000000
3.3039999008179	0.40887388586998	-0.88154733181000	73.000000000000	0.0000000000000
3.3080000877380	0.40781033039093	-0.88206589221954	73.000000000000	0.0000000000000
3.3120000362396	0.40674617886543	-0.88258326053619	73.000000000000	0.0000000000000
3.3159999847412	0.40568137168884	-0.88309943675995	73.000000000000	0.0000000000000
3.3199999332428	0.40461590886116	-0.88361418247223	73.000000000000	0.0000000000000
3.3239998817444	0.40354898571968	-0.88412821292877	73.000000000000	0.0000000000000
3.3280000686646	0.40248179435730	-0.88464063405991	73.000000000000	0.0000000000000
3.3320000171661	0.40141314268112	-0.88515222072601	73.000000000000	0.0000000000000
3.3359999656677	0.40034335851669	-0.88566249608994	73.000000000000	0.0000000000000
3.3399999141693	0.39927288889885	-0.88617151975632	73.000000000000	0.0000000000000
3.3440001010895	0.39820128679276	-0.88667923212051	73.000000000000	0.0000000000000
3.3480000495911	0.39712899923325	-0.88718563318253	73.000000000000	0.0000000000000
3.3519999980927	0.39605513215065	-0.88769078254700	73.000000000000	0.0000000000000
3.3559999465942	0.39498057961464	-0.88819468021393	73.000000000000	0.0000000000000
3.3599998950958	0.39390444755554	-0.88869726657867	73.000000000000	0.0000000000000
3.3640000820160	0.39282709360123	-0.88919860124588	73.000000000000	0.0000000000000
3.3680000305176	0.39174905419350	-0.88969838619232	73.000000000000	0.0000000000000
3.3719999790192	0.39066892862320	-0.89019703865051	73.000000000000	0.0000000000000
3.3759999275208	0.38958802819252	-0.89069408178329	73.000000000000	0.0000000000000
3.3800001144409	0.38850528001785	-0.89118981361389	73.000000000000	0.0000000000000
3.3840000629425	0.38742175698280	-0.89168399572372	73.000000000000	0.0000000000000
3.3880000114441	0.38633635640144	-0.89217680692673	73.000000000000	0.0000000000000
3.3919999599457	0.38524991273880	-0.89266800880432	73.000000000000	0.0000000000000
3.3959999084473	0.38416174054146	-0.89315760135651	73.000000000000	0.0000000000000
3.4000000953674	0.38307237625122	-0.89364576339722	73.000000000000	0.0000000000000
3.4040000438690	0.38198122382164	-0.89413225650787	73.000000000000	0.0000000000000
3.4079999923706	0.38088881969452	-0.89461702108383	73.000000000000	0.0000000000000
3.4119999408722	0.37979489564896	-0.89510017633438	73.000000000000	0.0000000000000
3.4159998893738	0.37869924306870	-0.89558166265488	73.000000000000	0.0000000000000
3.4200000762939	0.37760195136070	-0.89606118202209	73.000000000000	0.0000000000000
3.4240000247955	0.37650316953659	-0.89653909206390	73.000000000000	0.0000000000000
3.4279999732971	0.37540301680565	-0.89701497554779	73.000000000000	0.0000000000000
3.4319999217987	0.37430110573769	-0.89748919010162	73.000000000000	0.0000000000000
3.4360001087189	0.37319734692574	-0.89796143770218	73.000000000000	0.0000000000000
3.4400000572205	0.37209221720695	-0.89843165874481	73.000000000000	0.0000000000000
3.4440000057220	0.37098520994186	-0.89889985322952	73.000000000000	0.0000000000000
3.4479999542236	0.36987638473511	-0.89936608076096	73.000000000000	0.0000000000000
3.4519999027252	0.36876615881920	-0.89983016252518	73.000000000000	0.0000000000000
3.4560000896454	0.36765447258949	-0.90029203891754	73.000000000000	0.0000000000000
3.4600000381470	0.36654046177864	-0.90075182914734	73.000000000000	0.0000000000000
3.4639999866486	0.36542519927025	-0.90120941400528	73.000000000000	0.0000000000000
3.4679999351501	0.36430805921555	-0.90166461467743	73.000000000000	0.0000000000000
3.4719998836517	0.36318922042847	-0.90211766958237	73.000000000000	0.0000000000000
3.4760000705719	0.36206868290901	-0.90256816148758	73.000000000000	0.0000000000000
3.4800000190735	0.36094641685486	-0.90301632881165	73.000000000000	0.0000000000000
3.4839999675751	0.35982242226601	-0.90346211194992	73.000000000000	0.0000000000000
3.4879999160767	0.35869666934013	-0.90390521287918	73.000000000000	0.0000000000000
3.4920001029968	0.35756942629814	-0.90434592962265	73.000000000000	0.0000000000000
3.4960000514984	0.35644018650055	-0.90478390455246	73.000000000000	0.0000000000000
3.5000000000000	0.35530942678452	-0.90521931648254	73.000000000000	0.0000000000000
3.5039999485016	0.35417711734772	-0.90565198659897	73.000000000000	0.0000000000000
3.5079998970032	0.35304301977158	-0.90608191490173	73.000000000000	0.0000000000000
3.5120000839233	0.35190713405609	-0.90650898218155	73.000000000000	0.0000000000000
3.5160000324249	0.35076987743378	-0.90693330764771	73.000000000000	0.0000000000000
3.5199999809265	0.34963086247444	-0.90735465288162	73.000000000000	0.0000000000000
3.5239999294281	0.34848999977112	-0.90777307748795	73.000000000000	0.0000000000000
3.5280001163483	0.34734782576561	-0.90818864107132	73.000000000000	0.0000000000000
3.5320000648499	0.34620398283005	-0.90860104560852	73.000000000000	0.0000000000000
3.5360000133514	0.34505859017372	-0.90901035070419	73.000000000000	0.0000000000000
3.5399999618530	0.34391179680824	-0.90941649675369	73.000000000000	0.0000000000000
3.5439999103546	0.34276312589645	-0.90981954336166	73.000000000000	0.0000000000000
3.5480000972748	0.34161335229874	-0.91021943092346	73.000000000000	0.0000000000000
3.5520000457764	0.34046193957329	-0.91061592102051	73.000000000000	0.0000000000000
3.5559999942780	0.33930915594101	-0.91100919246674	73.000000000000	0.0000000000000
3.5599999427795	0.33815491199493	-0.91139918565750	73.000000000000	0.0000000000000
3.5639998912811	0.33699929714203	-0.91178560256958	73.000000000000	0.0000000000000
3.5680000782013	0.33584249019623	-0.91216868162155	73.000000000000	0.0000000000000
3.5720000267029	0.33468431234360	-0.91254824399948	73.000000000000	0.0000000000000
3.5759999752045	0.33352491259575	-0.91292423009872	73.000000000000	0.0000000000000
3.5799999237061	0.33236414194107	-0.91329681873322	73.000000000000	0.0000000000000
3.5840001106262	0.33120238780975	-0.91366571187973	73.000000000000	0.0000000000000
3.5880000591278	0.33003917336464	-0.91403090953827	73.000000000000	0.0000000000000
3.5920000076294	0.32887512445450	-0.91439253091812	73.000000000000	0.0000000000000
3.5959999561310	0.32771003246307	-0.91475027799606	73.000000000000	0.0000000000000
3.5999999046326	0.32654356956482	-0.91510444879532	73.000000000000	0.0000000000000
3.6040000915527	0.32537639141083	-0.91545480489731	73.000000000000	0.0000000000000
3.6080000400543	0.32420805096626	-0.91580128669739	73.000000000000	0.0000000000000
3.6119999885559	0.32303899526596	-0.91614395380020	73.000000000000	0.0000000000000
3.6159999370575	0.32186919450760	-0.91648280620575	73.000000000000	0.0000000000000
3.6199998855591	0.32069823145866	-0.91681760549545	73.000000000000	0.0000000000000
3.6240000724792	0.31952688097954	-0.91714853048325	73.000000000000	0.0000000000000
3.6280000209808	0.31835475564003	-0.91747552156448	73.000000000000	0.0000000000000
3.6319999694824	0.31718173623085	-0.91779851913452	73.000000000000	0.0000000000000
3.6359999179840	0.31600803136826	-0.91811746358871	73.000000000000	0.0000000000000
3.6400001049042	0.31483408808708	-0.91843235492706	73.000000000000	0.0000000000000
3.6440000534058	0.31365951895714	-0.91874313354492	73.000000000000	0.0000000000000
3.6480000019073	0.31248450279236	-0.91904991865158	73.000000000000	0.0000000000000
3.6519999504089	0.31130906939507	-0.91935265064240	73.000000000000	0.0000000000000
3.6559998989105	0.31013315916061	-0.91965109109879	73.000000000000	0.0000000000000
3.6600000858307	0.30895712971687	-0.91994553804398	73.000000000000	0.0000000000000
3.6640000343323	0.30778092145920	-0.92023569345474	73.000000000000	0.0000000000000
3.6679999828339	0.30660432577133	-0.92052179574966	73.000000000000	0.0000000000000
3.6719999313354	0.30542758107185	-0.92080366611481	73.000000000000	0.0000000000000
3.6760001182556	0.30425089597702	-0.92108130455017	73.000000000000	0.0000000000000
3.6800000667572	0.30307415127754	-0.92135477066040	73.000000000000	0.0000000000000
3.6840000152588	0.30189746618271	-0.92162406444550	73.000000000000	0.0000000000000
3.6879999637604	0.30072090029716	-0.92188906669617	73.000000000000	0.0000000000000
3.6919999122620	0.29954448342323	-0.92214989662170	73.000000000000	0.0000000000000
3.6960000991821	0.29836827516556	-0.92240649461746	73.000000000000	0.0000000000000
3.7000000476837	0.29719236493111	-0.92265874147415	73.000000000000	0.0000000000000
3.7039999961853	0.29601669311523	-0.92290687561035	73.000000000000	0.0000000000000
3.7079999446869	0.29484161734581	-0.92315077781677	73.000000000000	0.0000000000000
3.7119998931885	0.29366680979729	-0.92339038848877	73.000000000000	0.0000000000000
3.7160000801086	0.29249238967896	-0.92362582683563	73.000000000000	0.0000000000000
3.7200000286102	0.29131847620010	-0.92385709285736	73.000000000000	0.0000000000000
3.7239999771118	0.29014548659325	-0.92408400774002	73.000000000000	0.0000000000000
3.7279999256134	0.28897300362587	-0.92430686950684	73.000000000000	0.0000000000000
3.7320001125336	0.28780123591423	-0.92452543973923	73.000000000000	0.0000000000000
3.7360000610352	0.28663045167923	-0.92473983764648	73.000000000000	0.0000000000000
3.7400000095367	0.28545996546745	-0.92495006322861	73.000000000000	0.0000000000000
3.7439999580383	0.28429096937180	-0.92515605688095	73.000000000000	0.0000000000000
3.7479999065399	0.28312253952026	-0.92535799741745	73.000000000000	0.0000000000000
3.7520000934601	0.28195539116859	-0.92555570602417	73.000000000000	0.0000000000000
3.7560000419617	0.28078907728195	-0.92574948072433	73.000000000000	0.0000000000000
3.7599999904633	0.27962404489517	-0.92593896389008	73.000000000000	0.0000000000000
3.7639999389648	0.27845993638039	-0.92612451314926	73.000000000000	0.0000000000000
3.7679998874664	0.27729713916779	-0.92630600929260	73.000000000000	0.0000000000000
3.7720000743866	0.27613568305969	-0.92648339271545	73.000000000000	0.0000000000000
3.7760000228882	0.27497541904449	-0.92665690183640	73.000000000000	0.0000000000000
3.7799999713898	0.27381652593613	-0.92682629823685	73.000000000000	0.0000000000000
3.7839999198914	0.27265906333923	-0.92699187994003	73.000000000000	0.0000000000000
3.7880001068115	0.27150323987007	-0.92715340852737	73.000000000000	0.0000000000000
3.7920000553131	0.27034863829613	-0.92731106281281	73.000000000000	0.0000000000000
3.7960000038147	0.26919573545456	-0.92746484279633	73.000000000000	0.0000000000000
3.7999999523163	0.26804456114769	-0.92761486768723	73.000000000000	0.0000000000000
3.8039999008179	0.26689466834068	-0.92776113748550	73.000000000000	0.0000000000000
3.8080000877380	0.26574695110321	-0.92790359258652	73.000000000000	0.0000000000000
3.8120000362396	0.26460057497025	-0.92804229259491	73.000000000000	0.0000000000000
3.8159999847412	0.26345598697662	-0.92817735671997	73.000000000000	0.0000000000000
3.8199999332428	0.26231339573860	-0.92830872535706	73.000000000000	0.0000000000000
3.8239998817444	0.26117268204689	-0.92843639850616	73.000000000000	0.0000000000000
3.8280000686646	0.26003354787827	-0.92856061458588	73.000000000000	0.0000000000000
3.8320000171661	0.25889626145363	-0.92868125438690	73.000000000000	0.0000000000000
3.8359999656677	0.25776129961014	-0.92879837751389	73.000000000000	0.0000000000000
3.8399999141693	0.25662824511528	-0.92891198396683	73.000000000000	0.0000000000000
3.8440001010895	0.25549712777138	-0.92902231216431	73.000000000000	0.0000000000000
3.8480000495911	0.25436791777611	-0.92912912368774	73.000000000000	0.0000000000000
3.8519999980927	0.25324112176895	-0.92923271656036	73.000000000000	0.0000000000000
3.8559999465942	0.25211602449417	-0.92933297157288	73.000000000000	0.0000000000000
3.8599998950958	0.25099340081215	-0.92942988872528	73.000000000000	0.0000000000000
3.8640000820160	0.24987253546715	-0.92952370643616	73.000000000000	0.0000000000000
3.8680000305176	0.24875412881374	-0.92961430549622	73.000000000000	0.0000000000000
3.8719999790192	0.24763821065426	-0.92970174551010	73.000000000000	0.0000000000000
3.8759999275208	0.24652411043644	-0.92978626489639	73.000000000000	0.0000000000000
3.8800001144409	0.24541230499744	-0.92986768484116	73.000000000000	0.0000000000000
3.8840000629425	0.24430279433727	-0.92994612455368	73.000000000000	0.0000000000000
3.8880000114441	0.24319559335709	-0.93002158403397	73.000000000000	0.0000000000000
3.8919999599457	0.24209053814411	-0.93009424209595	73.000000000000	0.0000000000000
3.8959999084473	0.24098804593086	-0.93016391992569	73.000000000000	0.0000000000000
3.9000000953674	0.23988765478134	-0.93023085594177	73.000000000000	0.0000000000000
3.9040000438690	0.23878966271877	-0.93029499053955	73.000000000000	0.0000000000000
3.9079999923706	0.23769408464432	-0.93035662174225	73.000000000000	0.0000000000000
3.9119999408722	0.23660090565681	-0.93041533231735	73.000000000000	0.0000000000000
3.9159998893738	0.23550993204117	-0.93047153949738	73.000000000000	0.0000000000000
3.9200000762939	0.23442114889622	-0.93052518367767	73.000000000000	0.0000000000000
3.9240000247955	0.23333504796028	-0.93057620525360	73.000000000000	0.0000000000000
3.9279999732971	0.23225118219852	-0.93062496185303	73.000000000000	0.0000000000000
3.9319999217987	0.23116977512836	-0.93067109584808	73.000000000000	0.0000000000000
3.9360001087189	0.23009063303471	-0.93071484565735	73.000000000000	0.0000000000000
3.9400000572205	0.22901377081871	-0.93075627088547	73.000000000000	0.0000000000000
3.9440000057220	0.22793965041637	-0.93079543113708	73.000000000000	0.0000000000000
3.9479999542236	0.22686757147312	-0.93083226680756	73.000000000000	0.0000000000000
3.9519999027252	0.22579781711102	-0.93086689710617	73.000000000000	0.0000000000000
3.9560000896454	0.22473059594631	-0.93089932203293	73.000000000000	0.0000000000000
3.9600000381470	0.22366569936275	-0.93092960119247	73.000000000000	0.0000000000000
3.9639999866486	0.22260311245918	-0.93095779418945	73.000000000000	0.0000000000000
3.9679999351501	0.22154289484024	-0.93098384141922	73.000000000000	0.0000000000000
3.9719998836517	0.22048482298851	-0.93100810050964	73.000000000000	0.0000000000000
3.9760000705719	0.21942907571793	-0.93103009462357	73.000000000000	0.0000000000000
3.9800000190735	0.21837593615055	-0.93105024099350	73.000000000000	0.0000000000000
3.9839999675751	0.21732471883297	-0.93106836080551	73.000000000000	0.0000000000000
3.9879999160767	0.21627588570118	-0.93108475208282	73.000000000000	0.0000000000000
3.9920001029968	0.21522900462151	-0.93109923601151	73.000000000000	0.0000000000000
3.9960000514984	0.21418474614620	-0.93111187219620	73.000000000000	0.0000000000000
4.0000000000000	0.21314243972301	-0.93112272024155	73.000000000000	0.0000000000000
