#Parameters = {D=10; L=50}
#"Frequency / GHz"	"S1,1 (D=10) [Re]"	"S1,1 (D=10) [Im]"	"Ref.Imp. [Re]"	"Ref.Imp. [Im]"
#---------------------------------------------------------------------------------------
0.0000000000000	0.99999260902405	-0.0000000000000	73.000000000000	0.0000000000000
0.0040000001899898	0.99998849630356	-0.0018375830259174	73.000000000000	0.0000000000000
0.0080000003799796	0.99997627735138	-0.0036744524259120	73.000000000000	0.0000000000000
0.012000000104308	0.99995607137680	-0.0055099097080529	73.000000000000	0.0000000000000
0.016000000759959	0.99992817640305	-0.0073432843200862	73.000000000000	0.0000000000000
0.019999999552965	0.99989295005798	-0.0091739501804113	73.000000000000	0.0000000000000
0.024000000208616	0.99985074996948	-0.011001337319613	73.000000000000	0.0000000000000
0.028000000864267	0.99980205297470	-0.012824936769903	73.000000000000	0.0000000000000
0.032000001519918	0.99974751472473	-0.014644326642156	73.000000000000	0.0000000000000
0.035999998450279	0.99968785047531	-0.016459165140986	73.000000000000	0.0000000000000
0.039999999105930	0.99962359666824	-0.018269205465913	73.000000000000	0.0000000000000
0.043999999761581	0.99955528974533	-0.020074293017387	73.000000000000	0.0000000000000
0.048000000417233	0.99948382377625	-0.021874386817217	73.000000000000	0.0000000000000
0.052000001072884	0.99940997362137	-0.023669540882111	73.000000000000	0.0000000000000
0.056000001728535	0.99933439493179	-0.025459909811616	73.000000000000	0.0000000000000
0.059999998658895	0.99925768375397	-0.027245745062828	73.000000000000	0.0000000000000
0.064000003039837	0.99918037652969	-0.029027389362454	73.000000000000	0.0000000000000
0.068000003695488	0.99910312891006	-0.030805278569460	73.000000000000	0.0000000000000
0.071999996900558	0.99902653694153	-0.032579913735390	73.000000000000	0.0000000000000
0.075999997556210	0.99895089864731	-0.034351866692305	73.000000000000	0.0000000000000
0.079999998211861	0.99887639284134	-0.036121755838394	73.000000000000	0.0000000000000
0.083999998867512	0.99880349636078	-0.037890259176493	73.000000000000	0.0000000000000
0.087999999523163	0.99873220920563	-0.039658054709435	73.000000000000	0.0000000000000
0.092000000178814	0.99866271018982	-0.041425853967667	73.000000000000	0.0000000000000
0.096000000834465	0.99859470129013	-0.043194357305765	73.000000000000	0.0000000000000
0.10000000149012	0.99852818250656	-0.044964239001274	73.000000000000	0.0000000000000
0.10400000214577	0.99846279621124	-0.046736158430576	73.000000000000	0.0000000000000
0.10800000280142	0.99839824438095	-0.048510722815990	73.000000000000	0.0000000000000
0.11200000345707	0.99833410978317	-0.050288464874029	73.000000000000	0.0000000000000
0.11599999666214	0.99826973676682	-0.052069880068302	73.000000000000	0.0000000000000
0.11999999731779	0.99820452928543	-0.053855348378420	73.000000000000	0.0000000000000
0.12399999797344	0.99813807010651	-0.055645197629929	73.000000000000	0.0000000000000
0.12800000607967	0.99806946516037	-0.057439636439085	73.000000000000	0.0000000000000
0.13199999928474	0.99799811840057	-0.059238769114017	73.000000000000	0.0000000000000
0.13600000739098	0.99792331457138	-0.061042621731758	73.000000000000	0.0000000000000
0.14000000059605	0.99784421920776	-0.062851101160049	73.000000000000	0.0000000000000
0.14399999380112	0.99776041507721	-0.064664013683796	73.000000000000	0.0000000000000
0.14800000190735	0.99767088890076	-0.066481068730354	73.000000000000	0.0000000000000
0.15199999511242	0.99757522344589	-0.068301878869534	73.000000000000	0.0000000000000
0.15600000321865	0.99747300148010	-0.070126004517078	73.000000000000	0.0000000000000
0.15999999642372	0.99736350774765	-0.071952886879444	73.000000000000	0.0000000000000
0.16400000452995	0.99724644422531	-0.073781929910183	73.000000000000	0.0000000000000
0.16799999773502	0.99712157249451	-0.075612477958202	73.000000000000	0.0000000000000
0.17200000584126	0.99698853492737	-0.077443845570087	73.000000000000	0.0000000000000
0.17599999904633	0.99684733152390	-0.079275287687778	73.000000000000	0.0000000000000
0.18000000715256	0.99669784307480	-0.081106111407280	73.000000000000	0.0000000000000
0.18400000035763	0.99654024839401	-0.082935586571693	73.000000000000	0.0000000000000
0.18799999356270	0.99637472629547	-0.084763012826443	73.000000000000	0.0000000000000
0.19200000166893	0.99620175361633	-0.086587719619274	73.000000000000	0.0000000000000
0.19599999487400	0.99602127075195	-0.088409103453159	73.000000000000	0.0000000000000
0.20000000298023	0.99583423137665	-0.090226590633392	73.000000000000	0.0000000000000
0.20399999618530	0.99564069509506	-0.092039711773396	73.000000000000	0.0000000000000
0.20800000429153	0.99544179439545	-0.093848064541817	73.000000000000	0.0000000000000
0.21199999749660	0.99523776769638	-0.095651336014271	73.000000000000	0.0000000000000
0.21600000560284	0.99502956867218	-0.097449325025082	73.000000000000	0.0000000000000
0.21999999880791	0.99481779336929	-0.099241912364960	73.000000000000	0.0000000000000
0.22400000691414	0.99460309743881	-0.10102908313274	73.000000000000	0.0000000000000
0.22800000011921	0.99438637495041	-0.10281094163656	73.000000000000	0.0000000000000
0.23199999332428	0.99416822195053	-0.10458770394325	73.000000000000	0.0000000000000
0.23600000143051	0.99394935369492	-0.10635965317488	73.000000000000	0.0000000000000
0.23999999463558	0.99373030662537	-0.10812719166279	73.000000000000	0.0000000000000
0.24400000274181	0.99351167678833	-0.10989076644182	73.000000000000	0.0000000000000
0.24799999594688	0.99329394102097	-0.11165095865726	73.000000000000	0.0000000000000
0.25200000405312	0.99307733774185	-0.11340834945440	73.000000000000	0.0000000000000
0.25600001215935	0.99286252260208	-0.11516363173723	73.000000000000	0.0000000000000
0.25999999046326	0.99264925718307	-0.11691748350859	73.000000000000	0.0000000000000
0.26399999856949	0.99243789911270	-0.11867060512304	73.000000000000	0.0000000000000
0.26800000667572	0.99222856760025	-0.12042376399040	73.000000000000	0.0000000000000
0.27200001478195	0.99202084541321	-0.12217765301466	73.000000000000	0.0000000000000
0.27599999308586	0.99181461334229	-0.12393297255039	73.000000000000	0.0000000000000
0.28000000119209	0.99160969257355	-0.12569038569927	73.000000000000	0.0000000000000
0.28400000929832	0.99140548706055	-0.12745046615601	73.000000000000	0.0000000000000
0.28799998760223	0.99120157957077	-0.12921379506588	73.000000000000	0.0000000000000
0.29199999570847	0.99099737405777	-0.13098078966141	73.000000000000	0.0000000000000
0.29600000381470	0.99079227447510	-0.13275185227394	73.000000000000	0.0000000000000
0.30000001192093	0.99058562517166	-0.13452728092670	73.000000000000	0.0000000000000
0.30399999022484	0.99037665128708	-0.13630723953247	73.000000000000	0.0000000000000
0.30799999833107	0.99016475677490	-0.13809181749821	73.000000000000	0.0000000000000
0.31200000643730	0.98994910717010	-0.13988098502159	73.000000000000	0.0000000000000
0.31600001454353	0.98972880840302	-0.14167460799217	73.000000000000	0.0000000000000
0.31999999284744	0.98950344324112	-0.14347241818905	73.000000000000	0.0000000000000
0.32400000095367	0.98927217721939	-0.14527413249016	73.000000000000	0.0000000000000
0.32800000905991	0.98903435468674	-0.14707928895950	73.000000000000	0.0000000000000
0.33199998736382	0.98878961801529	-0.14888738095760	73.000000000000	0.0000000000000
0.33599999547005	0.98853725194931	-0.15069778263569	73.000000000000	0.0000000000000
0.34000000357628	0.98827713727951	-0.15250991284847	73.000000000000	0.0000000000000
0.34400001168251	0.98800891637802	-0.15432302653790	73.000000000000	0.0000000000000
0.34799998998642	0.98773235082626	-0.15613640844822	73.000000000000	0.0000000000000
0.35199999809265	0.98744720220566	-0.15794926881790	73.000000000000	0.0000000000000
0.35600000619888	0.98715388774872	-0.15976092219353	73.000000000000	0.0000000000000
0.36000001430511	0.98685216903687	-0.16157051920891	73.000000000000	0.0000000000000
0.36399999260902	0.98654258251190	-0.16337747871876	73.000000000000	0.0000000000000
0.36800000071526	0.98622530698776	-0.16518098115921	73.000000000000	0.0000000000000
0.37200000882149	0.98590081930161	-0.16698049008846	73.000000000000	0.0000000000000
0.37599998712540	0.98556959629059	-0.16877540946007	73.000000000000	0.0000000000000
0.37999999523163	0.98523235321045	-0.17056527733803	73.000000000000	0.0000000000000
0.38400000333786	0.98488974571228	-0.17234976589680	73.000000000000	0.0000000000000
0.38800001144409	0.98454236984253	-0.17412850260735	73.000000000000	0.0000000000000
0.39199998974800	0.98419094085693	-0.17590135335922	73.000000000000	0.0000000000000
0.39599999785423	0.98383629322052	-0.17766819894314	73.000000000000	0.0000000000000
0.40000000596046	0.98347932100296	-0.17942912876606	73.000000000000	0.0000000000000
0.40400001406670	0.98312056064606	-0.18118430674076	73.000000000000	0.0000000000000
0.40799999237061	0.98276078701019	-0.18293391168118	73.000000000000	0.0000000000000
0.41200000047684	0.98240083456039	-0.18467833101749	73.000000000000	0.0000000000000
0.41600000858307	0.98204118013382	-0.18641801178455	73.000000000000	0.0000000000000
0.41999998688698	0.98168236017227	-0.18815349042416	73.000000000000	0.0000000000000
0.42399999499321	0.98132485151291	-0.18988536298275	73.000000000000	0.0000000000000
0.42800000309944	0.98096907138824	-0.19161428511143	73.000000000000	0.0000000000000
0.43200001120567	0.98061531782150	-0.19334100186825	73.000000000000	0.0000000000000
0.43599998950958	0.98026371002197	-0.19506622850895	73.000000000000	0.0000000000000
0.43999999761581	0.97991430759430	-0.19679076969624	73.000000000000	0.0000000000000
0.44400000572205	0.97956705093384	-0.19851537048817	73.000000000000	0.0000000000000
0.44800001382828	0.97922188043594	-0.20024080574512	73.000000000000	0.0000000000000
0.45199999213219	0.97887837886810	-0.20196777582169	73.000000000000	0.0000000000000
0.45600000023842	0.97853630781174	-0.20369695127010	73.000000000000	0.0000000000000
0.46000000834465	0.97819501161575	-0.20542897284031	73.000000000000	0.0000000000000
0.46399998664856	0.97785419225693	-0.20716439187527	73.000000000000	0.0000000000000
0.46799999475479	0.97751295566559	-0.20890361070633	73.000000000000	0.0000000000000
0.47200000286102	0.97717082500458	-0.21064707636833	73.000000000000	0.0000000000000
0.47600001096725	0.97682690620422	-0.21239501237869	73.000000000000	0.0000000000000
0.47999998927116	0.97648054361343	-0.21414755284786	73.000000000000	0.0000000000000
0.48399999737740	0.97613096237183	-0.21590477228165	73.000000000000	0.0000000000000
0.48800000548363	0.97577720880508	-0.21766662597656	73.000000000000	0.0000000000000
0.49200001358986	0.97541868686676	-0.21943283081055	73.000000000000	0.0000000000000
0.49599999189377	0.97505456209183	-0.22120320796967	73.000000000000	0.0000000000000
0.50000000000000	0.97468411922455	-0.22297726571560	73.000000000000	0.0000000000000
0.50400000810623	0.97430688142776	-0.22475457191467	73.000000000000	0.0000000000000
0.50800001621246	0.97392201423645	-0.22653453052044	73.000000000000	0.0000000000000
0.51200002431870	0.97352939844131	-0.22831645607948	73.000000000000	0.0000000000000
0.51599997282028	0.97312849760056	-0.23009967803955	73.000000000000	0.0000000000000
0.51999998092651	0.97271907329559	-0.23188340663910	73.000000000000	0.0000000000000
0.52399998903275	0.97230076789856	-0.23366682231426	73.000000000000	0.0000000000000
0.52799999713898	0.97187387943268	-0.23544916510582	73.000000000000	0.0000000000000
0.53200000524521	0.97143822908401	-0.23722957074642	73.000000000000	0.0000000000000
0.53600001335144	0.97099417448044	-0.23900729417801	73.000000000000	0.0000000000000
0.54000002145767	0.97054195404053	-0.24078151583672	73.000000000000	0.0000000000000
0.54400002956390	0.97008192539215	-0.24255158007145	73.000000000000	0.0000000000000
0.54799997806549	0.96961462497711	-0.24431680142879	73.000000000000	0.0000000000000
0.55199998617172	0.96914082765579	-0.24607668817043	73.000000000000	0.0000000000000
0.55599999427795	0.96866101026535	-0.24783067405224	73.000000000000	0.0000000000000
0.56000000238419	0.96817588806152	-0.24957838654518	73.000000000000	0.0000000000000
0.56400001049042	0.96768635511398	-0.25131961703300	73.000000000000	0.0000000000000
0.56800001859665	0.96719300746918	-0.25305417180061	73.000000000000	0.0000000000000
0.57200002670288	0.96669697761536	-0.25478202104568	73.000000000000	0.0000000000000
0.57599997520447	0.96619892120361	-0.25650325417519	73.000000000000	0.0000000000000
0.57999998331070	0.96569961309433	-0.25821807980537	73.000000000000	0.0000000000000
0.58399999141693	0.96520000696182	-0.25992676615715	73.000000000000	0.0000000000000
0.58799999952316	0.96470063924789	-0.26162979006767	73.000000000000	0.0000000000000
0.59200000762939	0.96420216560364	-0.26332759857178	73.000000000000	0.0000000000000
0.59600001573563	0.96370518207550	-0.26502087712288	73.000000000000	0.0000000000000
0.60000002384186	0.96321022510529	-0.26671028137207	73.000000000000	0.0000000000000
0.60399997234344	0.96271759271622	-0.26839658617973	73.000000000000	0.0000000000000
0.60799998044968	0.96222758293152	-0.27008050680161	73.000000000000	0.0000000000000
0.61199998855591	0.96174037456512	-0.27176293730736	73.000000000000	0.0000000000000
0.61599999666214	0.96125584840775	-0.27344471216202	73.000000000000	0.0000000000000
0.62000000476837	0.96077412366867	-0.27512663602829	73.000000000000	0.0000000000000
0.62400001287460	0.96029484272003	-0.27680957317352	73.000000000000	0.0000000000000
0.62800002098083	0.95981770753860	-0.27849423885345	73.000000000000	0.0000000000000
0.63200002908707	0.95934224128723	-0.28018137812614	73.000000000000	0.0000000000000
0.63599997758865	0.95886790752411	-0.28187170624733	73.000000000000	0.0000000000000
0.63999998569489	0.95839405059814	-0.28356570005417	73.000000000000	0.0000000000000
0.64399999380112	0.95792007446289	-0.28526386618614	73.000000000000	0.0000000000000
0.64800000190735	0.95744502544403	-0.28696659207344	73.000000000000	0.0000000000000
0.65200001001358	0.95696818828583	-0.28867408633232	73.000000000000	0.0000000000000
0.65600001811981	0.95648866891861	-0.29038646817207	73.000000000000	0.0000000000000
0.66000002622604	0.95600557327271	-0.29210376739502	73.000000000000	0.0000000000000
0.66399997472763	0.95551818609238	-0.29382589459419	73.000000000000	0.0000000000000
0.66799998283386	0.95502561330795	-0.29555258154869	73.000000000000	0.0000000000000
0.67199999094009	0.95452696084976	-0.29728350043297	73.000000000000	0.0000000000000
0.67599999904633	0.95402151346207	-0.29901805520058	73.000000000000	0.0000000000000
0.68000000715256	0.95350873470306	-0.30075585842133	73.000000000000	0.0000000000000
0.68400001525879	0.95298784971237	-0.30249607563019	73.000000000000	0.0000000000000
0.68800002336502	0.95245838165283	-0.30423805117607	73.000000000000	0.0000000000000
0.69199997186661	0.95192015171051	-0.30598092079163	73.000000000000	0.0000000000000
0.69599997997284	0.95137286186218	-0.30772385001183	73.000000000000	0.0000000000000
0.69999998807907	0.95081621408463	-0.30946597456932	73.000000000000	0.0000000000000
0.70399999618530	0.95025038719177	-0.31120637059212	73.000000000000	0.0000000000000
0.70800000429153	0.94967550039291	-0.31294417381287	73.000000000000	0.0000000000000
0.71200001239777	0.94909167289734	-0.31467846035957	73.000000000000	0.0000000000000
0.71600002050400	0.94849938154221	-0.31640842556953	73.000000000000	0.0000000000000
0.72000002861023	0.94789910316467	-0.31813338398933	73.000000000000	0.0000000000000
0.72399997711182	0.94729149341583	-0.31985256075859	73.000000000000	0.0000000000000
0.72799998521805	0.94667714834213	-0.32156533002853	73.000000000000	0.0000000000000
0.73199999332428	0.94605684280396	-0.32327124476433	73.000000000000	0.0000000000000
0.73600000143051	0.94543141126633	-0.32496997714043	73.000000000000	0.0000000000000
0.74000000953674	0.94480180740356	-0.32666116952896	73.000000000000	0.0000000000000
0.74400001764297	0.94416892528534	-0.32834479212761	73.000000000000	0.0000000000000
0.74800002574921	0.94353365898132	-0.33002081513405	73.000000000000	0.0000000000000
0.75199997425079	0.94289690256119	-0.33168926835060	73.000000000000	0.0000000000000
0.75599998235703	0.94225955009460	-0.33335053920746	73.000000000000	0.0000000000000
0.75999999046326	0.94162249565125	-0.33500501513481	73.000000000000	0.0000000000000
0.76399999856949	0.94098645448685	-0.33665314316750	73.000000000000	0.0000000000000
0.76800000667572	0.94035220146179	-0.33829554915428	73.000000000000	0.0000000000000
0.77200001478195	0.93972027301788	-0.33993297815323	73.000000000000	0.0000000000000
0.77600002288818	0.93909114599228	-0.34156620502472	73.000000000000	0.0000000000000
0.77999997138977	0.93846523761749	-0.34319609403610	73.000000000000	0.0000000000000
0.78399997949600	0.93784290552139	-0.34482353925705	73.000000000000	0.0000000000000
0.78799998760223	0.93722414970398	-0.34644949436188	73.000000000000	0.0000000000000
0.79199999570847	0.93660891056061	-0.34807485342026	73.000000000000	0.0000000000000
0.79600000381470	0.93599712848663	-0.34970059990883	73.000000000000	0.0000000000000
0.80000001192093	0.93538850545883	-0.35132762789726	73.000000000000	0.0000000000000
0.80400002002716	0.93478256464005	-0.35295680165291	73.000000000000	0.0000000000000
0.80800002813339	0.93417882919312	-0.35458889603615	73.000000000000	0.0000000000000
0.81199997663498	0.93357658386230	-0.35622465610504	73.000000000000	0.0000000000000
0.81599998474121	0.93297523260117	-0.35786464810371	73.000000000000	0.0000000000000
0.81999999284744	0.93237382173538	-0.35950934886932	73.000000000000	0.0000000000000
0.82400000095367	0.93177145719528	-0.36115923523903	73.000000000000	0.0000000000000
0.82800000905991	0.93116712570190	-0.36281442642212	73.000000000000	0.0000000000000
0.83200001716614	0.93056005239487	-0.36447507143021	73.000000000000	0.0000000000000
0.83600002527237	0.92994916439056	-0.36614122986794	73.000000000000	0.0000000000000
0.83999997377396	0.92933344841003	-0.36781260371208	73.000000000000	0.0000000000000
0.84399998188019	0.92871206998825	-0.36948889493942	73.000000000000	0.0000000000000
0.84799998998642	0.92808401584625	-0.37116968631744	73.000000000000	0.0000000000000
0.85199999809265	0.92744857072830	-0.37285447120667	73.000000000000	0.0000000000000
0.85600000619888	0.92680495977402	-0.37454244494438	73.000000000000	0.0000000000000
0.86000001430511	0.92615240812302	-0.37623283267021	73.000000000000	0.0000000000000
0.86400002241135	0.92549067735672	-0.37792491912842	73.000000000000	0.0000000000000
0.86799997091293	0.92481929063797	-0.37961757183075	73.000000000000	0.0000000000000
0.87199997901917	0.92413794994354	-0.38130992650986	73.000000000000	0.0000000000000
0.87599998712540	0.92344647645950	-0.38300094008446	73.000000000000	0.0000000000000
0.87999999523163	0.92274510860443	-0.38468953967094	73.000000000000	0.0000000000000
0.88400000333786	0.92203390598297	-0.38637477159500	73.000000000000	0.0000000000000
0.88800001144409	0.92131316661835	-0.38805559277534	73.000000000000	0.0000000000000
0.89200001955032	0.92058354616165	-0.38973122835159	73.000000000000	0.0000000000000
0.89600002765656	0.91984540224075	-0.39140069484711	73.000000000000	0.0000000000000
0.89999997615814	0.91909968852997	-0.39306327700615	73.000000000000	0.0000000000000
0.90399998426437	0.91834694147110	-0.39471828937531	73.000000000000	0.0000000000000
0.90799999237061	0.91758817434311	-0.39636519551277	73.000000000000	0.0000000000000
0.91200000047684	0.91682451963425	-0.39800366759300	73.000000000000	0.0000000000000
0.91600000858307	0.91605681180954	-0.39963343739510	73.000000000000	0.0000000000000
0.92000001668930	0.91528624296188	-0.40125438570976	73.000000000000	0.0000000000000
0.92400002479553	0.91451370716095	-0.40286654233932	73.000000000000	0.0000000000000
0.92799997329712	0.91374039649963	-0.40447008609772	73.000000000000	0.0000000000000
0.93199998140335	0.91296708583832	-0.40606543421745	73.000000000000	0.0000000000000
0.93599998950958	0.91219514608383	-0.40765300393105	73.000000000000	0.0000000000000
0.93999999761581	0.91142505407333	-0.40923345088959	73.000000000000	0.0000000000000
0.94400000572205	0.91065770387650	-0.41080746054649	73.000000000000	0.0000000000000
0.94800001382828	0.90989387035370	-0.41237595677376	73.000000000000	0.0000000000000
0.95200002193451	0.90913397073746	-0.41393983364105	73.000000000000	0.0000000000000
0.95599997043610	0.90837842226028	-0.41550013422966	73.000000000000	0.0000000000000
0.95999997854233	0.90762746334076	-0.41705790162086	73.000000000000	0.0000000000000
0.96399998664856	0.90688127279282	-0.41861414909363	73.000000000000	0.0000000000000
0.96799999475479	0.90613961219788	-0.42017006874084	73.000000000000	0.0000000000000
0.97200000286102	0.90540260076523	-0.42172658443451	73.000000000000	0.0000000000000
0.97600001096725	0.90466952323914	-0.42328494787216	73.000000000000	0.0000000000000
0.98000001907349	0.90393996238708	-0.42484599351883	73.000000000000	0.0000000000000
0.98400002717972	0.90321338176727	-0.42641058564186	73.000000000000	0.0000000000000
0.98799997568130	0.90248864889145	-0.42797979712486	73.000000000000	0.0000000000000
0.99199998378754	0.90176534652710	-0.42955395579338	73.000000000000	0.0000000000000
0.99599999189377	0.90104234218597	-0.43113359808922	73.000000000000	0.0000000000000
1.0000000000000	0.90031808614731	-0.43271970748901	73.000000000000	0.0000000000000
1.0039999485016	0.89959210157394	-0.43431192636490	73.000000000000	0.0000000000000
1.0080000162125	0.89886331558228	-0.43590986728668	73.000000000000	0.0000000000000
1.0119999647141	0.89813005924225	-0.43751475214958	73.000000000000	0.0000000000000
1.0160000324249	0.89739167690277	-0.43912526965141	73.000000000000	0.0000000000000
1.0199999809265	0.89664685726166	-0.44074127078056	73.000000000000	0.0000000000000
1.0240000486374	0.89589434862137	-0.44236275553703	73.000000000000	0.0000000000000
1.0279999971390	0.89513349533081	-0.44398871064186	73.000000000000	0.0000000000000
1.0319999456406	0.89436364173889	-0.44561782479286	73.000000000000	0.0000000000000
1.0360000133514	0.89358389377594	-0.44724959135056	73.000000000000	0.0000000000000
1.0399999618530	0.89279347658157	-0.44888308644295	73.000000000000	0.0000000000000
1.0440000295639	0.89199250936508	-0.45051667094231	73.000000000000	0.0000000000000
1.0479999780655	0.89118021726608	-0.45214995741844	73.000000000000	0.0000000000000
1.0520000457764	0.89035660028458	-0.45378127694130	73.000000000000	0.0000000000000
1.0559999942780	0.88952207565308	-0.45540919899940	73.000000000000	0.0000000000000
1.0599999427795	0.88867682218552	-0.45703265070915	73.000000000000	0.0000000000000
1.0640000104904	0.88782095909119	-0.45865109562874	73.000000000000	0.0000000000000
1.0679999589920	0.88695538043976	-0.46026283502579	73.000000000000	0.0000000000000
1.0720000267029	0.88608038425446	-0.46186745166779	73.000000000000	0.0000000000000
1.0759999752045	0.88519746065140	-0.46346342563629	73.000000000000	0.0000000000000
1.0800000429153	0.88430720567703	-0.46505054831505	73.000000000000	0.0000000000000
1.0839999914169	0.88341110944748	-0.46662732958794	73.000000000000	0.0000000000000
1.0880000591278	0.88250946998596	-0.46819508075714	73.000000000000	0.0000000000000
1.0920000076294	0.88160449266434	-0.46975156664848	73.000000000000	0.0000000000000
1.0959999561310	0.88069701194763	-0.47129786014557	73.000000000000	0.0000000000000
1.1000000238419	0.87978786230087	-0.47283425927162	73.000000000000	0.0000000000000
1.1039999723434	0.87887889146805	-0.47436016798019	73.000000000000	0.0000000000000
1.1080000400543	0.87797129154205	-0.47587624192238	73.000000000000	0.0000000000000
1.1119999885559	0.87706530094147	-0.47738423943520	73.000000000000	0.0000000000000
1.1160000562668	0.87616312503815	-0.47888314723969	73.000000000000	0.0000000000000
1.1200000047684	0.87526476383209	-0.48037517070770	73.000000000000	0.0000000000000
1.1239999532700	0.87437158823013	-0.48186054825783	73.000000000000	0.0000000000000
1.1280000209808	0.87348341941833	-0.48334130644798	73.000000000000	0.0000000000000
1.1319999694824	0.87260138988495	-0.48481786251068	73.000000000000	0.0000000000000
1.1360000371933	0.87172555923462	-0.48629176616669	73.000000000000	0.0000000000000
1.1399999856949	0.87085592746735	-0.48776432871819	73.000000000000	0.0000000000000
1.1440000534058	0.86999249458313	-0.48923677206039	73.000000000000	0.0000000000000
1.1480000019073	0.86913496255875	-0.49071043729782	73.000000000000	0.0000000000000
1.1519999504089	0.86828261613846	-0.49218660593033	73.000000000000	0.0000000000000
1.1560000181198	0.86743521690369	-0.49366623163223	73.000000000000	0.0000000000000
1.1599999666214	0.86659139394760	-0.49515056610107	73.000000000000	0.0000000000000
1.1640000343323	0.86575073003769	-0.49664041399956	73.000000000000	0.0000000000000
1.1679999828339	0.86491185426712	-0.49813660979271	73.000000000000	0.0000000000000
1.1720000505447	0.86407345533371	-0.49963968992233	73.000000000000	0.0000000000000
1.1759999990463	0.86323457956314	-0.50115019083023	73.000000000000	0.0000000000000
1.1799999475479	0.86239355802536	-0.50266832113266	73.000000000000	0.0000000000000
1.1840000152588	0.86154937744141	-0.50419420003891	73.000000000000	0.0000000000000
1.1879999637604	0.86070036888123	-0.50572752952576	73.000000000000	0.0000000000000
1.1920000314713	0.85984522104263	-0.50726807117462	73.000000000000	0.0000000000000
1.1959999799728	0.85898274183273	-0.50881540775299	73.000000000000	0.0000000000000
1.2000000476837	0.85811173915863	-0.51036870479584	73.000000000000	0.0000000000000
1.2039999961853	0.85723119974136	-0.51192718744278	73.000000000000	0.0000000000000
1.2079999446869	0.85633999109268	-0.51348978281021	73.000000000000	0.0000000000000
1.2120000123978	0.85543721914291	-0.51505523920059	73.000000000000	0.0000000000000
1.2159999608994	0.85452246665955	-0.51662236452103	73.000000000000	0.0000000000000
1.2200000286102	0.85359513759613	-0.51818984746933	73.000000000000	0.0000000000000
1.2239999771118	0.85265517234802	-0.51975613832474	73.000000000000	0.0000000000000
1.2280000448227	0.85170221328735	-0.52131998538971	73.000000000000	0.0000000000000
1.2319999933243	0.85073649883270	-0.52287989854813	73.000000000000	0.0000000000000
1.2359999418259	0.84975862503052	-0.52443426847458	73.000000000000	0.0000000000000
1.2400000095367	0.84876883029938	-0.52598190307617	73.000000000000	0.0000000000000
1.2439999580383	0.84776800870895	-0.52752161026001	73.000000000000	0.0000000000000
1.2480000257492	0.84675705432892	-0.52905207872391	73.000000000000	0.0000000000000
1.2519999742508	0.84573715925217	-0.53057241439819	73.000000000000	0.0000000000000
1.2560000419617	0.84470933675766	-0.53208154439926	73.000000000000	0.0000000000000
1.2599999904633	0.84367507696152	-0.53357893228531	73.000000000000	0.0000000000000
1.2640000581741	0.84263581037521	-0.53506422042847	73.000000000000	0.0000000000000
1.2680000066757	0.84159296751022	-0.53653711080551	73.000000000000	0.0000000000000
1.2719999551773	0.84054815769196	-0.53799724578857	73.000000000000	0.0000000000000
1.2760000228882	0.83950275182724	-0.53944516181946	73.000000000000	0.0000000000000
1.2799999713898	0.83845841884613	-0.54088097810745	73.000000000000	0.0000000000000
1.2840000391006	0.83741623163223	-0.54230535030365	73.000000000000	0.0000000000000
1.2879999876022	0.83637791872025	-0.54371917247772	73.000000000000	0.0000000000000
1.2920000553131	0.83534467220306	-0.54512339830399	73.000000000000	0.0000000000000
1.2960000038147	0.83431720733643	-0.54651910066605	73.000000000000	0.0000000000000
1.2999999523163	0.83329677581787	-0.54790759086609	73.000000000000	0.0000000000000
1.3040000200272	0.83228379487991	-0.54929023981094	73.000000000000	0.0000000000000
1.3079999685287	0.83127915859222	-0.55066865682602	73.000000000000	0.0000000000000
1.3120000362396	0.83028256893158	-0.55204427242279	73.000000000000	0.0000000000000
1.3159999847412	0.82929468154907	-0.55341881513596	73.000000000000	0.0000000000000
1.3200000524521	0.82831496000290	-0.55479389429092	73.000000000000	0.0000000000000
1.3240000009537	0.82734298706055	-0.55617100000381	73.000000000000	0.0000000000000
1.3279999494553	0.82637816667557	-0.55755174160004	73.000000000000	0.0000000000000
1.3320000171661	0.82541978359222	-0.55893731117249	73.000000000000	0.0000000000000
1.3359999656677	0.82446658611298	-0.56032907962799	73.000000000000	0.0000000000000
1.3400000333786	0.82351762056351	-0.56172829866409	73.000000000000	0.0000000000000
1.3439999818802	0.82257127761841	-0.56313574314117	73.000000000000	0.0000000000000
1.3480000495911	0.82162612676620	-0.56455224752426	73.000000000000	0.0000000000000
1.3519999980927	0.82068049907684	-0.56597816944122	73.000000000000	0.0000000000000
1.3559999465942	0.81973278522491	-0.56741392612457	73.000000000000	0.0000000000000
1.3600000143051	0.81878131628036	-0.56885957717896	73.000000000000	0.0000000000000
1.3639999628067	0.81782442331314	-0.57031476497650	73.000000000000	0.0000000000000
1.3680000305176	0.81686049699783	-0.57177925109863	73.000000000000	0.0000000000000
1.3719999790192	0.81588774919510	-0.57325214147568	73.000000000000	0.0000000000000
1.3760000467300	0.81490480899811	-0.57473266124725	73.000000000000	0.0000000000000
1.3799999952316	0.81391018629074	-0.57621961832047	73.000000000000	0.0000000000000
1.3839999437332	0.81290292739868	-0.57771176099777	73.000000000000	0.0000000000000
1.3880000114441	0.81188189983368	-0.57920771837234	73.000000000000	0.0000000000000
1.3919999599457	0.81084644794464	-0.58070564270020	73.000000000000	0.0000000000000
1.3960000276566	0.80979597568512	-0.58220404386520	73.000000000000	0.0000000000000
1.3999999761581	0.80873012542725	-0.58370101451874	73.000000000000	0.0000000000000
1.4040000438690	0.80764895677567	-0.58519488573074	73.000000000000	0.0000000000000
1.4079999923706	0.80655264854431	-0.58668375015259	73.000000000000	0.0000000000000
1.4119999408722	0.80544167757034	-0.58816581964493	73.000000000000	0.0000000000000
1.4160000085831	0.80431663990021	-0.58963948488235	73.000000000000	0.0000000000000
1.4199999570847	0.80317878723145	-0.59110319614410	73.000000000000	0.0000000000000
1.4240000247955	0.80202919244766	-0.59255540370941	73.000000000000	0.0000000000000
1.4279999732971	0.80086916685104	-0.59399497509003	73.000000000000	0.0000000000000
1.4320000410080	0.79970031976700	-0.59542089700699	73.000000000000	0.0000000000000
1.4359999895096	0.79852432012558	-0.59683221578598	73.000000000000	0.0000000000000
1.4400000572205	0.79734307527542	-0.59822845458984	73.000000000000	0.0000000000000
1.4440000057220	0.79615849256516	-0.59960931539536	73.000000000000	0.0000000000000
1.4479999542236	0.79497224092484	-0.60097473859787	73.000000000000	0.0000000000000
1.4520000219345	0.79378640651703	-0.60232502222061	73.000000000000	0.0000000000000
1.4559999704361	0.79260289669037	-0.60366058349609	73.000000000000	0.0000000000000
1.4600000381470	0.79142355918884	-0.60498231649399	73.000000000000	0.0000000000000
1.4639999866486	0.79024988412857	-0.60629129409790	73.000000000000	0.0000000000000
1.4680000543594	0.78908336162567	-0.60758864879608	73.000000000000	0.0000000000000
1.4720000028610	0.78792542219162	-0.60887598991394	73.000000000000	0.0000000000000
1.4759999513626	0.78677731752396	-0.61015492677689	73.000000000000	0.0000000000000
1.4800000190735	0.78563958406448	-0.61142724752426	73.000000000000	0.0000000000000
1.4839999675751	0.78451287746429	-0.61269503831863	73.000000000000	0.0000000000000
1.4880000352859	0.78339767456055	-0.61396026611328	73.000000000000	0.0000000000000
1.4919999837875	0.78229397535324	-0.61522489786148	73.000000000000	0.0000000000000
1.4960000514984	0.78120124340057	-0.61649101972580	73.000000000000	0.0000000000000
1.5000000000000	0.78011924028397	-0.61776059865952	73.000000000000	0.0000000000000
1.5039999485016	0.77904677391052	-0.61903560161591	73.000000000000	0.0000000000000
1.5080000162125	0.77798312902451	-0.62031793594360	73.000000000000	0.0000000000000
1.5119999647141	0.77692651748657	-0.62160891294479	73.000000000000	0.0000000000000
1.5160000324249	0.77587550878525	-0.62291014194489	73.000000000000	0.0000000000000
1.5199999809265	0.77482843399048	-0.62422275543213	73.000000000000	0.0000000000000
1.5240000486374	0.77378296852112	-0.62554776668549	73.000000000000	0.0000000000000
1.5279999971390	0.77273744344711	-0.62688565254211	73.000000000000	0.0000000000000
1.5319999456406	0.77168947458267	-0.62823677062988	73.000000000000	0.0000000000000
1.5360000133514	0.77063697576523	-0.62960118055344	73.000000000000	0.0000000000000
1.5399999618530	0.76957750320435	-0.63097858428955	73.000000000000	0.0000000000000
1.5440000295639	0.76850903034210	-0.63236826658249	73.000000000000	0.0000000000000
1.5479999780655	0.76742953062057	-0.63376933336258	73.000000000000	0.0000000000000
1.5520000457764	0.76633721590042	-0.63518089056015	73.000000000000	0.0000000000000
1.5559999942780	0.76523029804230	-0.63660109043121	73.000000000000	0.0000000000000
1.5599999427795	0.76410692930222	-0.63802820444107	73.000000000000	0.0000000000000
1.5640000104904	0.76296639442444	-0.63946056365967	73.000000000000	0.0000000000000
1.5679999589920	0.76180720329285	-0.64089590311050	73.000000000000	0.0000000000000
1.5720000267029	0.76062911748886	-0.64233207702637	73.000000000000	0.0000000000000
1.5759999752045	0.75943148136139	-0.64376670122147	73.000000000000	0.0000000000000
1.5800000429153	0.75821429491043	-0.64519745111465	73.000000000000	0.0000000000000
1.5839999914169	0.75697803497314	-0.64662188291550	73.000000000000	0.0000000000000
1.5880000591278	0.75572335720062	-0.64803785085678	73.000000000000	0.0000000000000
1.5920000076294	0.75445109605789	-0.64944308996201	73.000000000000	0.0000000000000
1.5959999561310	0.75316262245178	-0.65083563327789	73.000000000000	0.0000000000000
1.6000000238419	0.75185948610306	-0.65221363306046	73.000000000000	0.0000000000000
1.6039999723434	0.75054353475571	-0.65357524156570	73.000000000000	0.0000000000000
1.6080000400543	0.74921685457230	-0.65491944551468	73.000000000000	0.0000000000000
1.6119999885559	0.74788159132004	-0.65624505281448	73.000000000000	0.0000000000000
1.6160000562668	0.74654030799866	-0.65755134820938	73.000000000000	0.0000000000000
1.6200000047684	0.74519550800323	-0.65883803367615	73.000000000000	0.0000000000000
1.6239999532700	0.74384951591492	-0.66010504961014	73.000000000000	0.0000000000000
1.6280000209808	0.74250489473343	-0.66135287284851	73.000000000000	0.0000000000000
1.6319999694824	0.74116420745850	-0.66258221864700	73.000000000000	0.0000000000000
1.6360000371933	0.73982983827591	-0.66379404067993	73.000000000000	0.0000000000000
1.6399999856949	0.73850381374359	-0.66498988866806	73.000000000000	0.0000000000000
1.6440000534058	0.73718810081482	-0.66617143154144	73.000000000000	0.0000000000000
1.6480000019073	0.73588454723358	-0.66734075546265	73.000000000000	0.0000000000000
1.6519999504089	0.73459452390671	-0.66850006580353	73.000000000000	0.0000000000000
1.6560000181198	0.73331892490387	-0.66965180635452	73.000000000000	0.0000000000000
1.6599999666214	0.73205870389938	-0.67079859972000	73.000000000000	0.0000000000000
1.6640000343323	0.73081433773041	-0.67194312810898	73.000000000000	0.0000000000000
1.6679999828339	0.72958540916443	-0.67308819293976	73.000000000000	0.0000000000000
1.6720000505447	0.72837173938751	-0.67423659563065	73.000000000000	0.0000000000000
1.6759999990463	0.72717243432999	-0.67539095878601	73.000000000000	0.0000000000000
1.6799999475479	0.72598642110825	-0.67655378580093	73.000000000000	0.0000000000000
1.6840000152588	0.72481185197830	-0.67772752046585	73.000000000000	0.0000000000000
1.6879999637604	0.72364711761475	-0.67891436815262	73.000000000000	0.0000000000000
1.6920000314713	0.72249001264572	-0.68011605739594	73.000000000000	0.0000000000000
1.6959999799728	0.72133755683899	-0.68133431673050	73.000000000000	0.0000000000000
1.7000000476837	0.72018772363663	-0.68257021903992	73.000000000000	0.0000000000000
1.7039999961853	0.71903717517853	-0.68382459878922	73.000000000000	0.0000000000000
1.7079999446869	0.71788328886032	-0.68509793281555	73.000000000000	0.0000000000000
1.7120000123978	0.71672266721725	-0.68639016151428	73.000000000000	0.0000000000000
1.7159999608994	0.71555262804031	-0.68770098686218	73.000000000000	0.0000000000000
1.7200000286102	0.71437007188797	-0.68902933597565	73.000000000000	0.0000000000000
1.7239999771118	0.71317213773727	-0.69037395715714	73.000000000000	0.0000000000000
1.7280000448227	0.71195650100708	-0.69173324108124	73.000000000000	0.0000000000000
1.7319999933243	0.71072030067444	-0.69310516119003	73.000000000000	0.0000000000000
1.7359999418259	0.70946192741394	-0.69448727369308	73.000000000000	0.0000000000000
1.7400000095367	0.70817941427231	-0.69587695598602	73.000000000000	0.0000000000000
1.7439999580383	0.70687144994736	-0.69727128744125	73.000000000000	0.0000000000000
1.7480000257492	0.70553708076477	-0.69866716861725	73.000000000000	0.0000000000000
1.7519999742508	0.70417612791061	-0.70006150007248	73.000000000000	0.0000000000000
1.7560000419617	0.70278811454773	-0.70145088434219	73.000000000000	0.0000000000000
1.7599999904633	0.70137363672256	-0.70283222198486	73.000000000000	0.0000000000000
1.7640000581741	0.69993388652802	-0.70420229434967	73.000000000000	0.0000000000000
1.7680000066757	0.69846975803375	-0.70555800199509	73.000000000000	0.0000000000000
1.7719999551773	0.69698351621628	-0.70689672231674	73.000000000000	0.0000000000000
1.7760000228882	0.69547700881958	-0.70821565389633	73.000000000000	0.0000000000000
1.7799999713898	0.69395297765732	-0.70951294898987	73.000000000000	0.0000000000000
1.7840000391006	0.69241428375244	-0.71078646183014	73.000000000000	0.0000000000000
1.7879999876022	0.69086396694183	-0.71203482151031	73.000000000000	0.0000000000000
1.7920000553131	0.68930548429489	-0.71325725317001	73.000000000000	0.0000000000000
1.7960000038147	0.68774205446243	-0.71445327997208	73.000000000000	0.0000000000000
1.7999999523163	0.68617737293243	-0.71562266349792	73.000000000000	0.0000000000000
1.8040000200272	0.68461489677429	-0.71676635742188	73.000000000000	0.0000000000000
1.8079999685287	0.68305802345276	-0.71788513660431	73.000000000000	0.0000000000000
1.8120000362396	0.68150991201401	-0.71898066997528	73.000000000000	0.0000000000000
1.8159999847412	0.67997372150421	-0.72005510330200	73.000000000000	0.0000000000000
1.8200000524521	0.67845207452774	-0.72111076116562	73.000000000000	0.0000000000000
1.8240000009537	0.67694741487503	-0.72215074300766	73.000000000000	0.0000000000000
1.8279999494553	0.67546147108078	-0.72317796945572	73.000000000000	0.0000000000000
1.8320000171661	0.67399603128433	-0.72419607639313	73.000000000000	0.0000000000000
1.8359999656677	0.67255187034607	-0.72520881891251	73.000000000000	0.0000000000000
1.8400000333786	0.67112928628922	-0.72622025012970	73.000000000000	0.0000000000000
1.8439999818802	0.66972827911377	-0.72723388671875	73.000000000000	0.0000000000000
1.8480000495911	0.66834819316864	-0.72825402021408	73.000000000000	0.0000000000000
1.8519999980927	0.66698753833771	-0.72928446531296	73.000000000000	0.0000000000000
1.8559999465942	0.66564470529556	-0.73032867908478	73.000000000000	0.0000000000000
1.8600000143051	0.66431730985641	-0.73139017820358	73.000000000000	0.0000000000000
1.8639999628067	0.66300225257874	-0.73247206211090	73.000000000000	0.0000000000000
1.8680000305176	0.66169667243958	-0.73357689380646	73.000000000000	0.0000000000000
1.8719999790192	0.66039651632309	-0.73470717668533	73.000000000000	0.0000000000000
1.8760000467300	0.65909785032272	-0.73586428165436	73.000000000000	0.0000000000000
1.8799999952316	0.65779656171799	-0.73704952001572	73.000000000000	0.0000000000000
1.8839999437332	0.65648823976517	-0.73826342821121	73.000000000000	0.0000000000000
1.8880000114441	0.65516841411591	-0.73950594663620	73.000000000000	0.0000000000000
1.8919999599457	0.65383243560791	-0.74077636003494	73.000000000000	0.0000000000000
1.8960000276566	0.65247613191605	-0.74207323789597	73.000000000000	0.0000000000000
1.8999999761581	0.65109503269196	-0.74339473247528	73.000000000000	0.0000000000000
1.9040000438690	0.64968532323837	-0.74473839998245	73.000000000000	0.0000000000000
1.9079999923706	0.64824372529984	-0.74610102176666	73.000000000000	0.0000000000000
1.9119999408722	0.64676660299301	-0.74747914075851	73.000000000000	0.0000000000000
1.9160000085831	0.64525187015533	-0.74886864423752	73.000000000000	0.0000000000000
1.9199999570847	0.64369720220566	-0.75026535987854	73.000000000000	0.0000000000000
1.9240000247955	0.64210116863251	-0.75166445970535	73.000000000000	0.0000000000000
1.9279999732971	0.64046305418015	-0.75306129455566	73.000000000000	0.0000000000000
1.9320000410080	0.63878291845322	-0.75445097684860	73.000000000000	0.0000000000000
1.9359999895096	0.63706099987030	-0.75582849979401	73.000000000000	0.0000000000000
1.9400000572205	0.63529902696609	-0.75718915462494	73.000000000000	0.0000000000000
1.9440000057220	0.63349866867065	-0.75852835178375	73.000000000000	0.0000000000000
1.9479999542236	0.63166284561157	-0.75984197854996	73.000000000000	0.0000000000000
1.9520000219345	0.62979447841644	-0.76112598180771	73.000000000000	0.0000000000000
1.9559999704361	0.62789756059647	-0.76237714290619	73.000000000000	0.0000000000000
1.9600000381470	0.62597638368607	-0.76359266042709	73.000000000000	0.0000000000000
1.9639999866486	0.62403571605682	-0.76477038860321	73.000000000000	0.0000000000000
1.9680000543594	0.62208020687103	-0.76590883731842	73.000000000000	0.0000000000000
1.9720000028610	0.62011522054672	-0.76700723171234	73.000000000000	0.0000000000000
1.9759999513626	0.61814594268799	-0.76806586980820	73.000000000000	0.0000000000000
1.9800000190735	0.61617761850357	-0.76908528804779	73.000000000000	0.0000000000000
1.9839999675751	0.61421549320221	-0.77006751298904	73.000000000000	0.0000000000000
1.9880000352859	0.61226421594620	-0.77101469039917	73.000000000000	0.0000000000000
1.9919999837875	0.61032837629318	-0.77193009853363	73.000000000000	0.0000000000000
1.9960000514984	0.60841220617294	-0.77281755208969	73.000000000000	0.0000000000000
2.0000000000000	0.60651868581772	-0.77368164062500	73.000000000000	0.0000000000000
2.0039999485016	0.60465103387833	-0.77452719211578	73.000000000000	0.0000000000000
2.0079998970032	0.60281139612198	-0.77535974979401	73.000000000000	0.0000000000000
2.0120000839233	0.60100072622299	-0.77618521451950	73.000000000000	0.0000000000000
2.0160000324249	0.59921962022781	-0.77700954675674	73.000000000000	0.0000000000000
2.0199999809265	0.59746742248535	-0.77783894538879	73.000000000000	0.0000000000000
2.0239999294281	0.59574300050735	-0.77867966890335	73.000000000000	0.0000000000000
2.0280001163483	0.59404379129410	-0.77953761816025	73.000000000000	0.0000000000000
2.0320000648499	0.59236657619476	-0.78041851520538	73.000000000000	0.0000000000000
2.0360000133514	0.59070760011673	-0.78132766485214	73.000000000000	0.0000000000000
2.0399999618530	0.58906143903732	-0.78227007389069	73.000000000000	0.0000000000000
2.0439999103546	0.58742284774780	-0.78324973583221	73.000000000000	0.0000000000000
2.0480000972748	0.58578538894653	-0.78427004814148	73.000000000000	0.0000000000000
2.0520000457764	0.58414226770401	-0.78533375263214	73.000000000000	0.0000000000000
2.0559999942780	0.58248627185822	-0.78644222021103	73.000000000000	0.0000000000000
2.0599999427795	0.58080965280533	-0.78759634494781	73.000000000000	0.0000000000000
2.0639998912811	0.57910490036011	-0.78879576921463	73.000000000000	0.0000000000000
2.0680000782013	0.57736414670944	-0.79003900289536	73.000000000000	0.0000000000000
2.0720000267029	0.57557994127274	-0.79132336378098	73.000000000000	0.0000000000000
2.0759999752045	0.57374465465546	-0.79264563322067	73.000000000000	0.0000000000000
2.0799999237061	0.57185173034668	-0.79400110244751	73.000000000000	0.0000000000000
2.0840001106262	0.56989473104477	-0.79538428783417	73.000000000000	0.0000000000000
2.0880000591278	0.56786805391312	-0.79678887128830	73.000000000000	0.0000000000000
2.0920000076294	0.56576687097549	-0.79820781946182	73.000000000000	0.0000000000000
2.0959999561310	0.56358736753464	-0.79963344335556	73.000000000000	0.0000000000000
2.0999999046326	0.56132680177689	-0.80105704069138	73.000000000000	0.0000000000000
2.1040000915527	0.55898350477219	-0.80247044563293	73.000000000000	0.0000000000000
2.1080000400543	0.55655699968338	-0.80386477708817	73.000000000000	0.0000000000000
2.1119999885559	0.55404776334763	-0.80523103475571	73.000000000000	0.0000000000000
2.1159999370575	0.55145770311356	-0.80656051635742	73.000000000000	0.0000000000000
2.1199998855591	0.54879027605057	-0.80784481763840	73.000000000000	0.0000000000000
2.1240000724792	0.54604899883270	-0.80907618999481	73.000000000000	0.0000000000000
2.1280000209808	0.54323983192444	-0.81024712324142	73.000000000000	0.0000000000000
2.1319999694824	0.54036879539490	-0.81135147809982	73.000000000000	0.0000000000000
2.1359999179840	0.53744280338287	-0.81238353252411	73.000000000000	0.0000000000000
2.1400001049042	0.53446954488754	-0.81333911418915	73.000000000000	0.0000000000000
2.1440000534058	0.53145766258240	-0.81421494483948	73.000000000000	0.0000000000000
2.1480000019073	0.52841591835022	-0.81500941514969	73.000000000000	0.0000000000000
2.1519999504089	0.52535283565521	-0.81572180986404	73.000000000000	0.0000000000000
2.1559998989105	0.52227789163589	-0.81635320186615	73.000000000000	0.0000000000000
2.1600000858307	0.51919913291931	-0.81690597534180	73.000000000000	0.0000000000000
2.1640000343323	0.51612484455109	-0.81738370656967	73.000000000000	0.0000000000000
2.1679999828339	0.51306295394897	-0.81779164075851	73.000000000000	0.0000000000000
2.1719999313354	0.51001942157745	-0.81813603639603	73.000000000000	0.0000000000000
2.1760001182556	0.50700020790100	-0.81842446327209	73.000000000000	0.0000000000000
2.1800000667572	0.50400942564011	-0.81866532564163	73.000000000000	0.0000000000000
2.1840000152588	0.50104993581772	-0.81886798143387	73.000000000000	0.0000000000000
2.1879999637604	0.49812272191048	-0.81904238462448	73.000000000000	0.0000000000000
2.1919999122620	0.49522766470909	-0.81919890642166	73.000000000000	0.0000000000000
2.1960000991821	0.49236169457436	-0.81934773921967	73.000000000000	0.0000000000000
2.2000000476837	0.48952132463455	-0.81949967145920	73.000000000000	0.0000000000000
2.2039999961853	0.48669990897179	-0.81966423988342	73.000000000000	0.0000000000000
2.2079999446869	0.48388975858688	-0.81985116004944	73.000000000000	0.0000000000000
2.2119998931885	0.48108080029488	-0.82006859779358	73.000000000000	0.0000000000000
2.2160000801086	0.47826153039932	-0.82032358646393	73.000000000000	0.0000000000000
2.2200000286102	0.47541859745979	-0.82062178850174	73.000000000000	0.0000000000000
2.2239999771118	0.47253724932671	-0.82096701860428	73.000000000000	0.0000000000000
2.2279999256134	0.46960154175758	-0.82136118412018	73.000000000000	0.0000000000000
2.2320001125336	0.46659454703331	-0.82180374860764	73.000000000000	0.0000000000000
2.2360000610352	0.46349850296974	-0.82229167222977	73.000000000000	0.0000000000000
2.2400000095367	0.46029552817345	-0.82281959056854	73.000000000000	0.0000000000000
2.2439999580383	0.45696732401848	-0.82337915897369	73.000000000000	0.0000000000000
2.2479999065399	0.45349541306496	-0.82395935058594	73.000000000000	0.0000000000000
2.2520000934601	0.44986337423325	-0.82454633712769	73.000000000000	0.0000000000000
2.2560000419617	0.44605425000191	-0.82512307167053	73.000000000000	0.0000000000000
2.2599999904633	0.44205349683762	-0.82567036151886	73.000000000000	0.0000000000000
2.2639999389648	0.43784782290459	-0.82616561651230	73.000000000000	0.0000000000000
2.2679998874664	0.43342679738998	-0.82658451795578	73.000000000000	0.0000000000000
2.2720000743866	0.42878133058548	-0.82689964771271	73.000000000000	0.0000000000000
2.2760000228882	0.42390659451485	-0.82708203792572	73.000000000000	0.0000000000000
2.2799999713898	0.41879996657372	-0.82710081338882	73.000000000000	0.0000000000000
2.2839999198914	0.41346296668053	-0.82692366838455	73.000000000000	0.0000000000000
2.2880001068115	0.40790027379990	-0.82651740312576	73.000000000000	0.0000000000000
2.2920000553131	0.40212106704712	-0.82584822177887	73.000000000000	0.0000000000000
2.2960000038147	0.39613837003708	-0.82488197088242	73.000000000000	0.0000000000000
2.2999999523163	0.38996922969818	-0.82358515262604	73.000000000000	0.0000000000000
2.3039999008179	0.38363519310951	-0.82192522287369	73.000000000000	0.0000000000000
2.3080000877380	0.37716171145439	-0.81987053155899	73.000000000000	0.0000000000000
2.3120000362396	0.37057903409004	-0.81739175319672	73.000000000000	0.0000000000000
2.3159999847412	0.36392050981522	-0.81446164846420	73.000000000000	0.0000000000000
2.3199999332428	0.35722404718399	-0.81105607748032	73.000000000000	0.0000000000000
2.3239998817444	0.35053032636642	-0.80715423822403	73.000000000000	0.0000000000000
2.3280000686646	0.34388419985771	-0.80273932218552	73.000000000000	0.0000000000000
2.3320000171661	0.33733221888542	-0.79779839515686	73.000000000000	0.0000000000000
2.3359999656677	0.33092418313026	-0.79232329130173	73.000000000000	0.0000000000000
2.3399999141693	0.32471135258675	-0.78631108999252	73.000000000000	0.0000000000000
2.3440001010895	0.31874644756317	-0.77976375818253	73.000000000000	0.0000000000000
2.3480000495911	0.31308284401894	-0.77268904447556	73.000000000000	0.0000000000000
2.3519999980927	0.30777421593666	-0.76510000228882	73.000000000000	0.0000000000000
2.3559999465942	0.30287390947342	-0.75701564550400	73.000000000000	0.0000000000000
2.3599998950958	0.29843389987946	-0.74846047163010	73.000000000000	0.0000000000000
2.3640000820160	0.29450446367264	-0.73946487903595	73.000000000000	0.0000000000000
2.3680000305176	0.29113420844078	-0.73006457090378	73.000000000000	0.0000000000000
2.3719999790192	0.28836792707443	-0.72030055522919	73.000000000000	0.0000000000000
2.3759999275208	0.28624707460403	-0.71021920442581	73.000000000000	0.0000000000000
2.3800001144409	0.28480935096741	-0.69987094402313	73.000000000000	0.0000000000000
2.3840000629425	0.28408700227737	-0.68931126594543	73.000000000000	0.0000000000000
2.3880000114441	0.28410780429840	-0.67859864234924	73.000000000000	0.0000000000000
2.3919999599457	0.28489392995834	-0.66779536008835	73.000000000000	0.0000000000000
2.3959999084473	0.28646096587181	-0.65696597099304	73.000000000000	0.0000000000000
2.4000000953674	0.28881877660751	-0.64617723226547	73.000000000000	0.0000000000000
2.4040000438690	0.29197010397911	-0.63549733161926	73.000000000000	0.0000000000000
2.4079999923706	0.29591166973114	-0.62499493360519	73.000000000000	0.0000000000000
2.4119999408722	0.30063289403915	-0.61473846435547	73.000000000000	0.0000000000000
2.4159998893738	0.30611687898636	-0.60479605197906	73.000000000000	0.0000000000000
2.4200000762939	0.31233951449394	-0.59523373842239	73.000000000000	0.0000000000000
2.4240000247955	0.31927037239075	-0.58611559867859	73.000000000000	0.0000000000000
2.4279999732971	0.32687312364578	-0.57750290632248	73.000000000000	0.0000000000000
2.4319999217987	0.33510458469391	-0.56945306062698	73.000000000000	0.0000000000000
2.4360001087189	0.34391680359840	-0.56201916933060	73.000000000000	0.0000000000000
2.4400000572205	0.35325637459755	-0.55524981021881	73.000000000000	0.0000000000000
2.4440000057220	0.36306542158127	-0.54918801784515	73.000000000000	0.0000000000000
2.4479999542236	0.37328201532364	-0.54387110471725	73.000000000000	0.0000000000000
2.4519999027252	0.38384073972702	-0.53933000564575	73.000000000000	0.0000000000000
2.4560000896454	0.39467376470566	-0.53558921813965	73.000000000000	0.0000000000000
2.4600000381470	0.40571099519730	-0.53266638517380	73.000000000000	0.0000000000000
2.4639999866486	0.41688144207001	-0.53057235479355	73.000000000000	0.0000000000000
2.4679999351501	0.42811354994774	-0.52931076288223	73.000000000000	0.0000000000000
2.4719998836517	0.43933582305908	-0.52887833118439	73.000000000000	0.0000000000000
2.4760000705719	0.45047798752785	-0.52926468849182	73.000000000000	0.0000000000000
2.4800000190735	0.46147161722183	-0.53045278787613	73.000000000000	0.0000000000000
2.4839999675751	0.47225031256676	-0.53241914510727	73.000000000000	0.0000000000000
2.4879999160767	0.48275139927864	-0.53513401746750	73.000000000000	0.0000000000000
2.4920001029968	0.49291551113129	-0.53856182098389	73.000000000000	0.0000000000000
2.4960000514984	0.50268787145615	-0.54266172647476	73.000000000000	0.0000000000000
2.5000000000000	0.51201820373535	-0.54738813638687	73.000000000000	0.0000000000000
2.5039999485016	0.52086192369461	-0.55269128084183	73.000000000000	0.0000000000000
2.5079998970032	0.52918004989624	-0.55851763486862	73.000000000000	0.0000000000000
2.5120000839233	0.53693920373917	-0.56481099128723	73.000000000000	0.0000000000000
2.5160000324249	0.54411274194717	-0.57151287794113	73.000000000000	0.0000000000000
2.5199999809265	0.55067986249924	-0.57856315374374	73.000000000000	0.0000000000000
2.5239999294281	0.55662637948990	-0.58590102195740	73.000000000000	0.0000000000000
2.5280001163483	0.56194478273392	-0.59346544742584	73.000000000000	0.0000000000000
2.5320000648499	0.56663322448730	-0.60119616985321	73.000000000000	0.0000000000000
2.5360000133514	0.57069623470306	-0.60903400182724	73.000000000000	0.0000000000000
2.5399999618530	0.57414460182190	-0.61692184209824	73.000000000000	0.0000000000000
2.5439999103546	0.57699364423752	-0.62480497360229	73.000000000000	0.0000000000000
2.5480000972748	0.57926487922668	-0.63263171911240	73.000000000000	0.0000000000000
2.5520000457764	0.58098363876343	-0.64035403728485	73.000000000000	0.0000000000000
2.5559999942780	0.58217990398407	-0.64792776107788	73.000000000000	0.0000000000000
2.5599999427795	0.58288735151291	-0.65531337261200	73.000000000000	0.0000000000000
2.5639998912811	0.58314257860184	-0.66247564554214	73.000000000000	0.0000000000000
2.5680000782013	0.58298456668854	-0.66938453912735	73.000000000000	0.0000000000000
2.5720000267029	0.58245396614075	-0.67601507902145	73.000000000000	0.0000000000000
2.5759999752045	0.58159327507019	-0.68234717845917	73.000000000000	0.0000000000000
2.5799999237061	0.58044546842575	-0.68836611509323	73.000000000000	0.0000000000000
2.5840001106262	0.57905310392380	-0.69406217336655	73.000000000000	0.0000000000000
2.5880000591278	0.57745862007141	-0.69943076372147	73.000000000000	0.0000000000000
2.5920000076294	0.57570290565491	-0.70447164773941	73.000000000000	0.0000000000000
2.5959999561310	0.57382607460022	-0.70918971300125	73.000000000000	0.0000000000000
2.5999999046326	0.57186532020569	-0.71359330415726	73.000000000000	0.0000000000000
2.6040000915527	0.56985557079315	-0.71769505739212	73.000000000000	0.0000000000000
2.6080000400543	0.56782907247543	-0.72151094675064	73.000000000000	0.0000000000000
2.6119999885559	0.56581455469131	-0.72505968809128	73.000000000000	0.0000000000000
2.6159999370575	0.56383746862411	-0.72836261987686	73.000000000000	0.0000000000000
2.6199998855591	0.56191956996918	-0.73144298791885	73.000000000000	0.0000000000000
2.6240000724792	0.56007897853851	-0.73432582616806	73.000000000000	0.0000000000000
2.6280000209808	0.55832958221436	-0.73703658580780	73.000000000000	0.0000000000000
2.6319999694824	0.55668216943741	-0.73960161209106	73.000000000000	0.0000000000000
2.6359999179840	0.55514305830002	-0.74204725027084	73.000000000000	0.0000000000000
2.6400001049042	0.55371546745300	-0.74439907073975	73.000000000000	0.0000000000000
2.6440000534058	0.55239874124527	-0.74668210744858	73.000000000000	0.0000000000000
2.6480000019073	0.55118936300278	-0.74891966581345	73.000000000000	0.0000000000000
2.6519999504089	0.55008047819138	-0.75113373994827	73.000000000000	0.0000000000000
2.6559998989105	0.54906338453293	-0.75334405899048	73.000000000000	0.0000000000000
2.6600000858307	0.54812633991241	-0.75556826591492	73.000000000000	0.0000000000000
2.6640000343323	0.54725599288940	-0.75782144069672	73.000000000000	0.0000000000000
2.6679999828339	0.54643768072128	-0.76011604070663	73.000000000000	0.0000000000000
2.6719999313354	0.54565501213074	-0.76246172189713	73.000000000000	0.0000000000000
2.6760001182556	0.54489213228226	-0.76486533880234	73.000000000000	0.0000000000000
2.6800000667572	0.54413127899170	-0.76733082532883	73.000000000000	0.0000000000000
2.6840000152588	0.54335629940033	-0.76985973119736	73.000000000000	0.0000000000000
2.6879999637604	0.54255050420761	-0.77245044708252	73.000000000000	0.0000000000000
2.6919999122620	0.54169827699661	-0.77509921789169	73.000000000000	0.0000000000000
2.6960000991821	0.54078567028046	-0.77779996395111	73.000000000000	0.0000000000000
2.7000000476837	0.53979963064194	-0.78054434061050	73.000000000000	0.0000000000000
2.7039999961853	0.53872865438461	-0.78332227468491	73.000000000000	0.0000000000000
2.7079999446869	0.53756380081177	-0.78612226247787	73.000000000000	0.0000000000000
2.7119998931885	0.53629744052887	-0.78893136978149	73.000000000000	0.0000000000000
2.7160000801086	0.53492462635040	-0.79173612594604	73.000000000000	0.0000000000000
2.7200000286102	0.53344255685806	-0.79452210664749	73.000000000000	0.0000000000000
2.7239999771118	0.53185033798218	-0.79727494716644	73.000000000000	0.0000000000000
2.7279999256134	0.53014981746674	-0.79998040199280	73.000000000000	0.0000000000000
2.7320001125336	0.52834457159042	-0.80262440443039	73.000000000000	0.0000000000000
2.7360000610352	0.52644068002701	-0.80519396066666	73.000000000000	0.0000000000000
2.7400000095367	0.52444577217102	-0.80767673254013	73.000000000000	0.0000000000000
2.7439999580383	0.52236920595169	-0.81006205081940	73.000000000000	0.0000000000000
2.7479999065399	0.52022194862366	-0.81234025955200	73.000000000000	0.0000000000000
2.7520000934601	0.51801615953445	-0.81450366973877	73.000000000000	0.0000000000000
2.7560000419617	0.51576507091522	-0.81654661893845	73.000000000000	0.0000000000000
2.7599999904633	0.51348257064819	-0.81846469640732	73.000000000000	0.0000000000000
2.7639999389648	0.51118272542953	-0.82025611400604	73.000000000000	0.0000000000000
2.7679998874664	0.50888043642044	-0.82192087173462	73.000000000000	0.0000000000000
2.7720000743866	0.50658971071243	-0.82346081733704	73.000000000000	0.0000000000000
2.7760000228882	0.50432425737381	-0.82487994432449	73.000000000000	0.0000000000000
2.7799999713898	0.50209754705429	-0.82618409395218	73.000000000000	0.0000000000000
2.7839999198914	0.49992161989212	-0.82738047838211	73.000000000000	0.0000000000000
2.7880001068115	0.49780711531639	-0.82847851514816	73.000000000000	0.0000000000000
2.7920000553131	0.49576413631439	-0.82948833703995	73.000000000000	0.0000000000000
2.7960000038147	0.49380096793175	-0.83042144775391	73.000000000000	0.0000000000000
2.7999999523163	0.49192339181900	-0.83129060268402	73.000000000000	0.0000000000000
2.8039999008179	0.49013629555702	-0.83210849761963	73.000000000000	0.0000000000000
2.8080000877380	0.48844233155251	-0.83288890123367	73.000000000000	0.0000000000000
2.8120000362396	0.48684275150299	-0.83364522457123	73.000000000000	0.0000000000000
2.8159999847412	0.48533633351326	-0.83439123630524	73.000000000000	0.0000000000000
2.8199999332428	0.48391997814178	-0.83513987064362	73.000000000000	0.0000000000000
2.8239998817444	0.48258966207504	-0.83590364456177	73.000000000000	0.0000000000000
2.8280000686646	0.48133897781372	-0.83669424057007	73.000000000000	0.0000000000000
2.8320000171661	0.48016038537025	-0.83752202987671	73.000000000000	0.0000000000000
2.8359999656677	0.47904509305954	-0.83839654922485	73.000000000000	0.0000000000000
2.8399999141693	0.47798317670822	-0.83932548761368	73.000000000000	0.0000000000000
2.8440001010895	0.47696337103844	-0.84031522274017	73.000000000000	0.0000000000000
2.8480000495911	0.47597452998161	-0.84137028455734	73.000000000000	0.0000000000000
2.8519999980927	0.47500461339951	-0.84249383211136	73.000000000000	0.0000000000000
2.8559999465942	0.47404125332832	-0.84368699789047	73.000000000000	0.0000000000000
2.8599998950958	0.47307300567627	-0.84494924545288	73.000000000000	0.0000000000000
2.8640000820160	0.47208759188652	-0.84627830982208	73.000000000000	0.0000000000000
2.8680000305176	0.47107416391373	-0.84767043590546	73.000000000000	0.0000000000000
2.8719999790192	0.47002232074738	-0.84912031888962	73.000000000000	0.0000000000000
2.8759999275208	0.46892246603966	-0.85062116384506	73.000000000000	0.0000000000000
2.8800001144409	0.46776646375656	-0.85216504335403	73.000000000000	0.0000000000000
2.8840000629425	0.46654745936394	-0.85374295711517	73.000000000000	0.0000000000000
2.8880000114441	0.46525946259499	-0.85534501075745	73.000000000000	0.0000000000000
2.8919999599457	0.46389880776405	-0.85696083307266	73.000000000000	0.0000000000000
2.8959999084473	0.46246320009232	-0.85857951641083	73.000000000000	0.0000000000000
2.9000000953674	0.46095132827759	-0.86018997430801	73.000000000000	0.0000000000000
2.9040000438690	0.45936408638954	-0.86178117990494	73.000000000000	0.0000000000000
2.9079999923706	0.45770406723022	-0.86334246397018	73.000000000000	0.0000000000000
2.9119999408722	0.45597499608994	-0.86486357450485	73.000000000000	0.0000000000000
2.9159998893738	0.45418187975883	-0.86633497476578	73.000000000000	0.0000000000000
2.9200000762939	0.45233190059662	-0.86774808168411	73.000000000000	0.0000000000000
2.9240000247955	0.45043224096298	-0.86909526586533	73.000000000000	0.0000000000000
2.9279999732971	0.44849181175232	-0.87037020921707	73.000000000000	0.0000000000000
2.9319999217987	0.44652000069618	-0.87156790494919	73.000000000000	0.0000000000000
2.9360001087189	0.44452700018883	-0.87268453836441	73.000000000000	0.0000000000000
2.9400000572205	0.44252341985703	-0.87371832132339	73.000000000000	0.0000000000000
2.9440000057220	0.44051995873451	-0.87466841936111	73.000000000000	0.0000000000000
2.9479999542236	0.43852689862251	-0.87553584575653	73.000000000000	0.0000000000000
2.9519999027252	0.43655490875244	-0.87632304430008	73.000000000000	0.0000000000000
2.9560000896454	0.43461400270462	-0.87703365087509	73.000000000000	0.0000000000000
2.9600000381470	0.43271294236183	-0.87767291069031	73.000000000000	0.0000000000000
2.9639999866486	0.43086072802544	-0.87824749946594	73.000000000000	0.0000000000000
2.9679999351501	0.42906394600868	-0.87876474857330	73.000000000000	0.0000000000000
2.9719998836517	0.42732974886894	-0.87923336029053	73.000000000000	0.0000000000000
2.9760000705719	0.42566218972206	-0.87966221570969	73.000000000000	0.0000000000000
2.9800000190735	0.42406538128853	-0.88006156682968	73.000000000000	0.0000000000000
2.9839999675751	0.42254233360291	-0.88044083118439	73.000000000000	0.0000000000000
2.9879999160767	0.42109158635139	-0.88081151247025	73.000000000000	0.0000000000000
2.9920001029968	0.41971477866173	-0.88118273019791	73.000000000000	0.0000000000000
2.9960000514984	0.41840815544128	-0.88156557083130	73.000000000000	0.0000000000000
3.0000000000000	0.41716861724854	-0.88196915388107	73.000000000000	0.0000000000000
3.0039999485016	0.41599151492119	-0.88240271806717	73.000000000000	0.0000000000000
3.0079998970032	0.41487061977386	-0.88287431001663	73.000000000000	0.0000000000000
3.0120000839233	0.41379883885384	-0.88339132070541	73.000000000000	0.0000000000000
3.0160000324249	0.41276767849922	-0.88396006822586	73.000000000000	0.0000000000000
3.0199999809265	0.41176953911781	-0.88458490371704	73.000000000000	0.0000000000000
3.0239999294281	0.41079431772232	-0.88526982069016	73.000000000000	0.0000000000000
3.0280001163483	0.40983206033707	-0.88601720333099	73.000000000000	0.0000000000000
3.0320000648499	0.40887346863747	-0.88682758808136	73.000000000000	0.0000000000000
3.0360000133514	0.40790754556656	-0.88770097494125	73.000000000000	0.0000000000000
3.0399999618530	0.40692612528801	-0.88863468170166	73.000000000000	0.0000000000000
3.0439999103546	0.40591895580292	-0.88962596654892	73.000000000000	0.0000000000000
3.0480000972748	0.40487799048424	-0.89066994190216	73.000000000000	0.0000000000000
3.0520000457764	0.40379431843758	-0.89176142215729	73.000000000000	0.0000000000000
3.0559999942780	0.40266203880310	-0.89289313554764	73.000000000000	0.0000000000000
3.0599999427795	0.40147486329079	-0.89405757188797	73.000000000000	0.0000000000000
3.0639998912811	0.40022799372673	-0.89524638652802	73.000000000000	0.0000000000000
3.0680000782013	0.39891779422760	-0.89645075798035	73.000000000000	0.0000000000000
3.0720000267029	0.39754259586334	-0.89766103029251	73.000000000000	0.0000000000000
3.0759999752045	0.39610084891319	-0.89886808395386	73.000000000000	0.0000000000000
3.0799999237061	0.39459395408630	-0.90006202459335	73.000000000000	0.0000000000000
3.0840001106262	0.39302277565002	-0.90123403072357	73.000000000000	0.0000000000000
3.0880000591278	0.39139163494110	-0.90237462520599	73.000000000000	0.0000000000000
3.0920000076294	0.38970401883125	-0.90347594022751	73.000000000000	0.0000000000000
3.0959999561310	0.38796603679657	-0.90453004837036	73.000000000000	0.0000000000000
3.0999999046326	0.38618400692940	-0.90553045272827	73.000000000000	0.0000000000000
3.1040000915527	0.38436549901962	-0.90647137165070	73.000000000000	0.0000000000000
3.1080000400543	0.38251876831055	-0.90734809637070	73.000000000000	0.0000000000000
3.1119999885559	0.38065201044083	-0.90815746784210	73.000000000000	0.0000000000000
3.1159999370575	0.37877500057220	-0.90889722108841	73.000000000000	0.0000000000000
3.1199998855591	0.37689691781998	-0.90956664085388	73.000000000000	0.0000000000000
3.1240000724792	0.37502664327621	-0.91016638278961	73.000000000000	0.0000000000000
3.1280000209808	0.37317383289337	-0.91069799661636	73.000000000000	0.0000000000000
3.1319999694824	0.37134668231010	-0.91116505861282	73.000000000000	0.0000000000000
3.1359999179840	0.36955377459526	-0.91157162189484	73.000000000000	0.0000000000000
3.1400001049042	0.36780303716660	-0.91192305088043	73.000000000000	0.0000000000000
3.1440000534058	0.36610028147697	-0.91222614049911	73.000000000000	0.0000000000000
3.1480000019073	0.36445105075836	-0.91248810291290	73.000000000000	0.0000000000000
3.1519999504089	0.36286050081253	-0.91271692514420	73.000000000000	0.0000000000000
3.1559998989105	0.36133193969727	-0.91292089223862	73.000000000000	0.0000000000000
3.1600000858307	0.35986649990082	-0.91310966014862	73.000000000000	0.0000000000000
3.1640000343323	0.35846677422523	-0.91329151391983	73.000000000000	0.0000000000000
3.1679999828339	0.35713055729866	-0.91347640752792	73.000000000000	0.0000000000000
3.1719999313354	0.35585695505142	-0.91367286443710	73.000000000000	0.0000000000000
3.1760001182556	0.35464307665825	-0.91388940811157	73.000000000000	0.0000000000000
3.1800000667572	0.35348436236382	-0.91413432359695	73.000000000000	0.0000000000000
3.1840000152588	0.35237550735474	-0.91441518068314	73.000000000000	0.0000000000000
3.1879999637604	0.35131028294563	-0.91473829746246	73.000000000000	0.0000000000000
3.1919999122620	0.35028165578842	-0.91510945558548	73.000000000000	0.0000000000000
3.1960000991821	0.34928116202354	-0.91553318500519	73.000000000000	0.0000000000000
3.2000000476837	0.34830167889595	-0.91601264476776	73.000000000000	0.0000000000000
3.2039999961853	0.34733304381371	-0.91655015945435	73.000000000000	0.0000000000000
3.2079999446869	0.34636676311493	-0.91714674234390	73.000000000000	0.0000000000000
3.2119998931885	0.34539487957954	-0.91780138015747	73.000000000000	0.0000000000000
3.2160000801086	0.34440633654594	-0.91851323843002	73.000000000000	0.0000000000000
3.2200000286102	0.34339499473572	-0.91927862167358	73.000000000000	0.0000000000000
3.2239999771118	0.34235179424286	-0.92009389400482	73.000000000000	0.0000000000000
3.2279999256134	0.34126916527748	-0.92095386981964	73.000000000000	0.0000000000000
3.2320001125336	0.34014055132866	-0.92185240983963	73.000000000000	0.0000000000000
3.2360000610352	0.33896121382713	-0.92278236150742	73.000000000000	0.0000000000000
3.2400000095367	0.33772620558739	-0.92373597621918	73.000000000000	0.0000000000000
3.2439999580383	0.33643198013306	-0.92470526695251	73.000000000000	0.0000000000000
3.2479999065399	0.33507671952248	-0.92568135261536	73.000000000000	0.0000000000000
3.2520000934601	0.33365973830223	-0.92665547132492	73.000000000000	0.0000000000000
3.2560000419617	0.33218094706535	-0.92761874198914	73.000000000000	0.0000000000000
3.2599999904633	0.33064186573029	-0.92856270074844	73.000000000000	0.0000000000000
3.2639999389648	0.32904598116875	-0.92947846651077	73.000000000000	0.0000000000000
3.2679998874664	0.32739642262459	-0.93035870790482	73.000000000000	0.0000000000000
3.2720000743866	0.32569921016693	-0.93119567632675	73.000000000000	0.0000000000000
3.2760000228882	0.32395997643471	-0.93198317289352	73.000000000000	0.0000000000000
3.2799999713898	0.32218560576439	-0.93271565437317	73.000000000000	0.0000000000000
3.2839999198914	0.32038387656212	-0.93338859081268	73.000000000000	0.0000000000000
3.2880001068115	0.31856250762939	-0.93399888277054	73.000000000000	0.0000000000000
3.2920000553131	0.31673103570938	-0.93454396724701	73.000000000000	0.0000000000000
3.2960000038147	0.31489709019661	-0.93502330780029	73.000000000000	0.0000000000000
3.2999999523163	0.31307002902031	-0.93543702363968	73.000000000000	0.0000000000000
3.3039999008179	0.31125903129578	-0.93578684329987	73.000000000000	0.0000000000000
3.3080000877380	0.30947095155716	-0.93607574701309	73.000000000000	0.0000000000000
3.3120000362396	0.30771553516388	-0.93630701303482	73.000000000000	0.0000000000000
3.3159999847412	0.30599913001060	-0.93648624420166	73.000000000000	0.0000000000000
3.3199999332428	0.30432739853859	-0.93661952018738	73.000000000000	0.0000000000000
3.3239998817444	0.30270740389824	-0.93671321868896	73.000000000000	0.0000000000000
3.3280000686646	0.30114218592644	-0.93677532672882	73.000000000000	0.0000000000000
3.3320000171661	0.29963618516922	-0.93681359291077	73.000000000000	0.0000000000000
3.3359999656677	0.29819113016129	-0.93683683872223	73.000000000000	0.0000000000000
3.3399999141693	0.29680770635605	-0.93685364723206	73.000000000000	0.0000000000000
3.3440001010895	0.29548612236977	-0.93687289953232	73.000000000000	0.0000000000000
3.3480000495911	0.29422488808632	-0.93690294027328	73.000000000000	0.0000000000000
3.3519999980927	0.29302158951759	-0.93695235252380	73.000000000000	0.0000000000000
3.3559999465942	0.29187124967575	-0.93702900409698	73.000000000000	0.0000000000000
3.3599998950958	0.29076939821243	-0.93714010715485	73.000000000000	0.0000000000000
3.3640000820160	0.28971055150032	-0.93729197978973	73.000000000000	0.0000000000000
3.3680000305176	0.28868743777275	-0.93749034404755	73.000000000000	0.0000000000000
3.3719999790192	0.28769338130951	-0.93773949146271	73.000000000000	0.0000000000000
3.3759999275208	0.28671947121620	-0.93804299831390	73.000000000000	0.0000000000000
3.3800001144409	0.28575697541237	-0.93840330839157	73.000000000000	0.0000000000000
3.3840000629425	0.28479805588722	-0.93882101774216	73.000000000000	0.0000000000000
3.3880000114441	0.28383374214172	-0.93929618597031	73.000000000000	0.0000000000000
3.3919999599457	0.28285554051399	-0.93982714414597	73.000000000000	0.0000000000000
3.3959999084473	0.28185468912125	-0.94041144847870	73.000000000000	0.0000000000000
3.4000000953674	0.28082367777824	-0.94104510545731	73.000000000000	0.0000000000000
3.4040000438690	0.27975526452065	-0.94172328710556	73.000000000000	0.0000000000000
3.4079999923706	0.27864292263985	-0.94244015216827	73.000000000000	0.0000000000000
3.4119999408722	0.27748128771782	-0.94318896532059	73.000000000000	0.0000000000000
3.4159998893738	0.27626562118530	-0.94396215677261	73.000000000000	0.0000000000000
3.4200000762939	0.27499249577522	-0.94475179910660	73.000000000000	0.0000000000000
3.4240000247955	0.27365934848785	-0.94554954767227	73.000000000000	0.0000000000000
3.4279999732971	0.27226567268372	-0.94634652137756	73.000000000000	0.0000000000000
3.4319999217987	0.27081185579300	-0.94713419675827	73.000000000000	0.0000000000000
3.4360001087189	0.26929846405983	-0.94790387153625	73.000000000000	0.0000000000000
3.4400000572205	0.26772862672806	-0.94864726066589	73.000000000000	0.0000000000000
3.4440000057220	0.26610642671585	-0.94935643672943	73.000000000000	0.0000000000000
3.4479999542236	0.26443615555763	-0.95002418756485	73.000000000000	0.0000000000000
3.4519999027252	0.26272433996201	-0.95064395666122	73.000000000000	0.0000000000000
3.4560000896454	0.26097729802132	-0.95121043920517	73.000000000000	0.0000000000000
3.4600000381470	0.25920242071152	-0.95171862840652	73.000000000000	0.0000000000000
3.4639999866486	0.25740787386894	-0.95216536521912	73.000000000000	0.0000000000000
3.4679999351501	0.25560218095779	-0.95254814624786	73.000000000000	0.0000000000000
3.4719998836517	0.25379392504692	-0.95286595821381	73.000000000000	0.0000000000000
3.4760000705719	0.25199177861214	-0.95311909914017	73.000000000000	0.0000000000000
3.4800000190735	0.25020465254784	-0.95330870151520	73.000000000000	0.0000000000000
3.4839999675751	0.24844104051590	-0.95343762636185	73.000000000000	0.0000000000000
3.4879999160767	0.24670851230621	-0.95350962877274	73.000000000000	0.0000000000000
3.4920001029968	0.24501451849937	-0.95352941751480	73.000000000000	0.0000000000000
3.4960000514984	0.24336582422256	-0.95350307226181	73.000000000000	0.0000000000000
3.5000000000000	0.24176760017872	-0.95343714952469	73.000000000000	0.0000000000000
3.5039999485016	0.24022513628006	-0.95333933830261	73.000000000000	0.0000000000000
3.5079998970032	0.23874139785767	-0.95321738719940	73.000000000000	0.0000000000000
3.5120000839233	0.23731940984726	-0.95308011770248	73.000000000000	0.0000000000000
3.5160000324249	0.23595981299877	-0.95293611288071	73.000000000000	0.0000000000000
3.5199999809265	0.23466247320175	-0.95279425382614	73.000000000000	0.0000000000000
3.5239999294281	0.23342622816563	-0.95266312360764	73.000000000000	0.0000000000000
3.5280001163483	0.23224866390228	-0.95255142450333	73.000000000000	0.0000000000000
3.5320000648499	0.23112578690052	-0.95246702432632	73.000000000000	0.0000000000000
3.5360000133514	0.23005312681198	-0.95241719484329	73.000000000000	0.0000000000000
3.5399999618530	0.22902403771877	-0.95240896940231	73.000000000000	0.0000000000000
3.5439999103546	0.22803264856339	-0.95244789123535	73.000000000000	0.0000000000000
3.5480000972748	0.22707106173038	-0.95253860950470	73.000000000000	0.0000000000000
3.5520000457764	0.22613111138344	-0.95268493890762	73.000000000000	0.0000000000000
3.5559999942780	0.22520452737808	-0.95288920402527	73.000000000000	0.0000000000000
3.5599999427795	0.22428229451180	-0.95315271615982	73.000000000000	0.0000000000000
3.5639998912811	0.22335562109947	-0.95347541570663	73.000000000000	0.0000000000000
3.5680000782013	0.22241586446762	-0.95385605096817	73.000000000000	0.0000000000000
3.5720000267029	0.22145409882069	-0.95429188013077	73.000000000000	0.0000000000000
3.5759999752045	0.22046259045601	-0.95477962493896	73.000000000000	0.0000000000000
3.5799999237061	0.21943354606628	-0.95531415939331	73.000000000000	0.0000000000000
3.5840001106262	0.21836043894291	-0.95588946342468	73.000000000000	0.0000000000000
3.5880000591278	0.21723768115044	-0.95649909973145	73.000000000000	0.0000000000000
3.5920000076294	0.21605990827084	-0.95713561773300	73.000000000000	0.0000000000000
3.5959999561310	0.21482369303703	-0.95779055356979	73.000000000000	0.0000000000000
3.5999999046326	0.21352654695511	-0.95845562219620	73.000000000000	0.0000000000000
3.6040000915527	0.21216714382172	-0.95912182331085	73.000000000000	0.0000000000000
3.6080000400543	0.21074503660202	-0.95978027582169	73.000000000000	0.0000000000000
3.6119999885559	0.20926228165627	-0.96042203903198	73.000000000000	0.0000000000000
3.6159999370575	0.20772075653076	-0.96103852987289	73.000000000000	0.0000000000000
3.6199998855591	0.20612460374832	-0.96162158250809	73.000000000000	0.0000000000000
3.6240000724792	0.20447815954685	-0.96216368675232	73.000000000000	0.0000000000000
3.6280000209808	0.20278760790825	-0.96265774965286	73.000000000000	0.0000000000000
3.6319999694824	0.20105995237827	-0.96309810876846	73.000000000000	0.0000000000000
3.6359999179840	0.19930237531662	-0.96347975730896	73.000000000000	0.0000000000000
3.6400001049042	0.19752307236195	-0.96379899978638	73.000000000000	0.0000000000000
3.6440000534058	0.19573093950748	-0.96405297517776	73.000000000000	0.0000000000000
3.6480000019073	0.19393470883369	-0.96424067020416	73.000000000000	0.0000000000000
3.6519999504089	0.19214330613613	-0.96436184644699	73.000000000000	0.0000000000000
3.6559998989105	0.19036617875099	-0.96441775560379	73.000000000000	0.0000000000000
3.6600000858307	0.18861147761345	-0.96441084146500	73.000000000000	0.0000000000000
3.6640000343323	0.18688830733299	-0.96434485912323	73.000000000000	0.0000000000000
3.6679999828339	0.18520352244377	-0.96422469615936	73.000000000000	0.0000000000000
3.6719999313354	0.18356460332870	-0.96405625343323	73.000000000000	0.0000000000000
3.6760001182556	0.18197724223137	-0.96384632587433	73.000000000000	0.0000000000000
3.6800000667572	0.18044671416283	-0.96360260248184	73.000000000000	0.0000000000000
3.6840000152588	0.17897671461105	-0.96333336830139	73.000000000000	0.0000000000000
3.6879999637604	0.17756997048855	-0.96304732561111	73.000000000000	0.0000000000000
3.6919999122620	0.17622780799866	-0.96275359392166	73.000000000000	0.0000000000000
3.6960000991821	0.17495083808899	-0.96246117353439	73.000000000000	0.0000000000000
3.7000000476837	0.17373725771904	-0.96217948198318	73.000000000000	0.0000000000000
3.7039999961853	0.17258466780186	-0.96191722154617	73.000000000000	0.0000000000000
3.7079999446869	0.17148965597153	-0.96168285608292	73.000000000000	0.0000000000000
3.7119998931885	0.17044728994370	-0.96148419380188	73.000000000000	0.0000000000000
3.7160000801086	0.16945107281208	-0.96132844686508	73.000000000000	0.0000000000000
3.7200000286102	0.16849479079247	-0.96122163534164	73.000000000000	0.0000000000000
3.7239999771118	0.16757065057755	-0.96116888523102	73.000000000000	0.0000000000000
3.7279999256134	0.16666974127293	-0.96117442846298	73.000000000000	0.0000000000000
3.7320001125336	0.16578339040279	-0.96124076843262	73.000000000000	0.0000000000000
3.7360000610352	0.16490268707275	-0.96136945486069	73.000000000000	0.0000000000000
3.7400000095367	0.16401809453964	-0.96156090497971	73.000000000000	0.0000000000000
3.7439999580383	0.16312003135681	-0.96181368827820	73.000000000000	0.0000000000000
3.7479999065399	0.16220007836819	-0.96212536096573	73.000000000000	0.0000000000000
3.7520000934601	0.16124920547009	-0.96249234676361	73.000000000000	0.0000000000000
3.7560000419617	0.16025933623314	-0.96290951967239	73.000000000000	0.0000000000000
3.7599999904633	0.15922340750694	-0.96337109804153	73.000000000000	0.0000000000000
3.7639999389648	0.15813511610031	-0.96387010812759	73.000000000000	0.0000000000000
3.7679998874664	0.15698905289173	-0.96439844369888	73.000000000000	0.0000000000000
3.7720000743866	0.15578129887581	-0.96494776010513	73.000000000000	0.0000000000000
3.7760000228882	0.15450891852379	-0.96550923585892	73.000000000000	0.0000000000000
3.7799999713898	0.15317007899284	-0.96607309579849	73.000000000000	0.0000000000000
3.7839999198914	0.15176445245743	-0.96663033962250	73.000000000000	0.0000000000000
3.7880001068115	0.15029363334179	-0.96717107295990	73.000000000000	0.0000000000000
3.7920000553131	0.14875979721546	-0.96768641471863	73.000000000000	0.0000000000000
3.7960000038147	0.14716647565365	-0.96816736459732	73.000000000000	0.0000000000000
3.7999999523163	0.14551873505116	-0.96860581636429	73.000000000000	0.0000000000000
3.8039999008179	0.14382274448872	-0.96899425983429	73.000000000000	0.0000000000000
3.8080000877380	0.14208546280861	-0.96932637691498	73.000000000000	0.0000000000000
3.8120000362396	0.14031438529491	-0.96959650516510	73.000000000000	0.0000000000000
3.8159999847412	0.13851918280125	-0.96980065107346	73.000000000000	0.0000000000000
3.8199999332428	0.13670781254768	-0.96993547677994	73.000000000000	0.0000000000000
3.8239998817444	0.13489080965519	-0.96999949216843	73.000000000000	0.0000000000000
3.8280000686646	0.13307675719261	-0.96999245882034	73.000000000000	0.0000000000000
3.8320000171661	0.13127629458904	-0.96991521120071	73.000000000000	0.0000000000000
3.8359999656677	0.12949806451797	-0.96977019309998	73.000000000000	0.0000000000000
3.8399999141693	0.12775133550167	-0.96956115961075	73.000000000000	0.0000000000000
3.8440001010895	0.12604476511478	-0.96929317712784	73.000000000000	0.0000000000000
3.8480000495911	0.12438542395830	-0.96897214651108	73.000000000000	0.0000000000000
3.8519999980927	0.12278021126986	-0.96860533952713	73.000000000000	0.0000000000000
3.8559999465942	0.12123467773199	-0.96820068359375	73.000000000000	0.0000000000000
3.8599998950958	0.11975296586752	-0.96776700019836	73.000000000000	0.0000000000000
3.8640000820160	0.11833874881268	-0.96731358766556	73.000000000000	0.0000000000000
3.8680000305176	0.11699333041906	-0.96684998273849	73.000000000000	0.0000000000000
3.8719999790192	0.11571752279997	-0.96638613939285	73.000000000000	0.0000000000000
3.8759999275208	0.11450977623463	-0.96593171358109	73.000000000000	0.0000000000000
3.8800001144409	0.11336775124073	-0.96549654006958	73.000000000000	0.0000000000000
3.8840000629425	0.11228811740875	-0.96508955955505	73.000000000000	0.0000000000000
3.8880000114441	0.11126558482647	-0.96471929550171	73.000000000000	0.0000000000000
3.8919999599457	0.11029408127069	-0.96439373493195	73.000000000000	0.0000000000000
3.8959999084473	0.10936625301838	-0.96411943435669	73.000000000000	0.0000000000000
3.9000000953674	0.10847394913435	-0.96390235424042	73.000000000000	0.0000000000000
3.9040000438690	0.10760816931725	-0.96374690532684	73.000000000000	0.0000000000000
3.9079999923706	0.10675954073668	-0.96365624666214	73.000000000000	0.0000000000000
3.9119999408722	0.10591834038496	-0.96363240480423	73.000000000000	0.0000000000000
3.9159998893738	0.10507396608591	-0.96367573738098	73.000000000000	0.0000000000000
3.9200000762939	0.10421707481146	-0.96378517150879	73.000000000000	0.0000000000000
3.9240000247955	0.10333769023418	-0.96395838260651	73.000000000000	0.0000000000000
3.9279999732971	0.10242570936680	-0.96419149637222	73.000000000000	0.0000000000000
3.9319999217987	0.10147321224213	-0.96447944641113	73.000000000000	0.0000000000000
3.9360001087189	0.10047191381454	-0.96481603384018	73.000000000000	0.0000000000000
3.9400000572205	0.099414825439453	-0.96519374847412	73.000000000000	0.0000000000000
3.9440000057220	0.098295815289021	-0.96560430526733	73.000000000000	0.0000000000000
3.9479999542236	0.097110085189342	-0.96603864431381	73.000000000000	0.0000000000000
3.9519999027252	0.095854669809341	-0.96648687124252	73.000000000000	0.0000000000000
3.9560000896454	0.094527319073677	-0.96693897247314	73.000000000000	0.0000000000000
3.9600000381470	0.093127459287643	-0.96738475561142	73.000000000000	0.0000000000000
3.9639999866486	0.091656409204006	-0.96781373023987	73.000000000000	0.0000000000000
3.9679999351501	0.090116061270237	-0.96821606159210	73.000000000000	0.0000000000000
3.9719998836517	0.088510543107986	-0.96858173608780	73.000000000000	0.0000000000000
3.9760000705719	0.086844779551029	-0.96890187263489	73.000000000000	0.0000000000000
3.9800000190735	0.085125260055065	-0.96916824579239	73.000000000000	0.0000000000000
3.9839999675751	0.083359561860561	-0.96937346458435	73.000000000000	0.0000000000000
3.9879999160767	0.081556111574173	-0.96951144933701	73.000000000000	0.0000000000000
3.9920001029968	0.079724207520485	-0.96957719326019	73.000000000000	0.0000000000000
3.9960000514984	0.077873736619949	-0.96956729888916	73.000000000000	0.0000000000000
4.0000000000000	0.076014973223209	-0.96947950124741	73.000000000000	0.0000000000000
