#Parameters = {D=100; L=50}
#"Frequency / GHz"	"S1,1 (D=100) [Re]"	"S1,1 (D=100) [Im]"	"Ref.Imp. [Re]"	"Ref.Imp. [Im]"
#-----------------------------------------------------------------------------------------
0.0000000000000	1.0000000000000	-0.0000000000000	73.000000000000	0.0000000000000
0.0040000001899898	0.99999815225601	-0.0018078489229083	73.000000000000	0.0000000000000
0.0080000003799796	0.99999237060547	-0.0036156605929136	73.000000000000	0.0000000000000
0.012000000104308	0.99998301267624	-0.0054233996197581	73.000000000000	0.0000000000000
0.016000000759959	0.99996966123581	-0.0072310259565711	73.000000000000	0.0000000000000
0.019999999552965	0.99995261430740	-0.0090385070070624	73.000000000000	0.0000000000000
0.024000000208616	0.99993199110031	-0.010845804587007	73.000000000000	0.0000000000000
0.028000000864267	0.99990737438202	-0.012652882374823	73.000000000000	0.0000000000000
0.032000001519918	0.99987912178040	-0.014459705911577	73.000000000000	0.0000000000000
0.035999998450279	0.99984717369080	-0.016266245394945	73.000000000000	0.0000000000000
0.039999999105930	0.99981135129929	-0.018072457984090	73.000000000000	0.0000000000000
0.043999999761581	0.99977189302444	-0.019878318533301	73.000000000000	0.0000000000000
0.048000000417233	0.99972885847092	-0.021683787927032	73.000000000000	0.0000000000000
0.052000001072884	0.99968206882477	-0.023488841950893	73.000000000000	0.0000000000000
0.056000001728535	0.99963158369064	-0.025293443351984	73.000000000000	0.0000000000000
0.059999998658895	0.99957752227783	-0.027097569778562	73.000000000000	0.0000000000000
0.064000003039837	0.99951982498169	-0.028901189565659	73.000000000000	0.0000000000000
0.068000003695488	0.99945861101151	-0.030704271048307	73.000000000000	0.0000000000000
0.071999996900558	0.99939382076263	-0.032506801187992	73.000000000000	0.0000000000000
0.075999997556210	0.99932551383972	-0.034308746457100	73.000000000000	0.0000000000000
0.079999998211861	0.99925351142883	-0.036110080778599	73.000000000000	0.0000000000000
0.083999998867512	0.99917811155319	-0.037910785526037	73.000000000000	0.0000000000000
0.087999999523163	0.99909931421280	-0.039710845798254	73.000000000000	0.0000000000000
0.092000000178814	0.99901717901230	-0.041510239243507	73.000000000000	0.0000000000000
0.096000000834465	0.99893146753311	-0.043308950960636	73.000000000000	0.0000000000000
0.10000000149012	0.99884247779846	-0.045106969773769	73.000000000000	0.0000000000000
0.10400000214577	0.99875003099442	-0.046904258430004	73.000000000000	0.0000000000000
0.10800000280142	0.99865442514420	-0.048700828105211	73.000000000000	0.0000000000000
0.11200000345707	0.99855566024780	-0.050496675074100	73.000000000000	0.0000000000000
0.11599999666214	0.99845331907272	-0.052291762083769	73.000000000000	0.0000000000000
0.11999999731779	0.99834787845612	-0.054086100310087	73.000000000000	0.0000000000000
0.12399999797344	0.99823927879333	-0.055879678577185	73.000000000000	0.0000000000000
0.12800000607967	0.99812752008438	-0.057672496885061	73.000000000000	0.0000000000000
0.13199999928474	0.99801254272461	-0.059464547783136	73.000000000000	0.0000000000000
0.13600000739098	0.99789452552795	-0.061255831271410	73.000000000000	0.0000000000000
0.14000000059605	0.99777358770370	-0.063046351075172	73.000000000000	0.0000000000000
0.14399999380112	0.99764949083328	-0.064836107194424	73.000000000000	0.0000000000000
0.14800000190735	0.99752235412598	-0.066625110805035	73.000000000000	0.0000000000000
0.15199999511242	0.99739223718643	-0.068413354456425	73.000000000000	0.0000000000000
0.15600000321865	0.99725914001465	-0.070200838148594	73.000000000000	0.0000000000000
0.15999999642372	0.99712318181992	-0.071987606585026	73.000000000000	0.0000000000000
0.16400000452995	0.99698424339294	-0.073773637413979	73.000000000000	0.0000000000000
0.16799999773502	0.99684250354767	-0.075558952987194	73.000000000000	0.0000000000000
0.17200000584126	0.99669790267944	-0.077343568205833	73.000000000000	0.0000000000000
0.17599999904633	0.99655050039291	-0.079127483069897	73.000000000000	0.0000000000000
0.18000000715256	0.99640029668808	-0.080910727381706	73.000000000000	0.0000000000000
0.18400000035763	0.99624717235565	-0.082693308591843	73.000000000000	0.0000000000000
0.18799999356270	0.99609136581421	-0.084475256502628	73.000000000000	0.0000000000000
0.19200000166893	0.99593287706375	-0.086256563663483	73.000000000000	0.0000000000000
0.19599999487400	0.99577158689499	-0.088037274777889	73.000000000000	0.0000000000000
0.20000000298023	0.99560755491257	-0.089817412197590	73.000000000000	0.0000000000000
0.20399999618530	0.99544090032578	-0.091596968472004	73.000000000000	0.0000000000000
0.20800000429153	0.99527150392532	-0.093375995755196	73.000000000000	0.0000000000000
0.21199999749660	0.99509936571121	-0.095154494047165	73.000000000000	0.0000000000000
0.21600000560284	0.99492460489273	-0.096932500600815	73.000000000000	0.0000000000000
0.21999999880791	0.99474716186523	-0.098710030317307	73.000000000000	0.0000000000000
0.22400000691414	0.99456715583801	-0.10048712044954	73.000000000000	0.0000000000000
0.22800000011921	0.99438446760178	-0.10226376354694	73.000000000000	0.0000000000000
0.23199999332428	0.99419909715652	-0.10404001921415	73.000000000000	0.0000000000000
0.23600000143051	0.99401110410690	-0.10581588745117	73.000000000000	0.0000000000000
0.23999999463558	0.99382048845291	-0.10759140551090	73.000000000000	0.0000000000000
0.24400000274181	0.99362707138062	-0.10936659574509	73.000000000000	0.0000000000000
0.24799999594688	0.99343115091324	-0.11114147305489	73.000000000000	0.0000000000000
0.25200000405312	0.99323254823685	-0.11291607469320	73.000000000000	0.0000000000000
0.25600001215935	0.99303126335144	-0.11469041556120	73.000000000000	0.0000000000000
0.25999999046326	0.99282723665237	-0.11646451056004	73.000000000000	0.0000000000000
0.26399999856949	0.99262058734894	-0.11823839694262	73.000000000000	0.0000000000000
0.26800000667572	0.99241125583649	-0.12001208961010	73.000000000000	0.0000000000000
0.27200001478195	0.99219912290573	-0.12178561091423	73.000000000000	0.0000000000000
0.27599999308586	0.99198442697525	-0.12355898320675	73.000000000000	0.0000000000000
0.28000000119209	0.99176681041718	-0.12533220648766	73.000000000000	0.0000000000000
0.28400000929832	0.99154651165009	-0.12710532546043	73.000000000000	0.0000000000000
0.28799998760223	0.99132341146469	-0.12887834012508	73.000000000000	0.0000000000000
0.29199999570847	0.99109745025635	-0.13065128028393	73.000000000000	0.0000000000000
0.29600000381470	0.99086886644363	-0.13242416083813	73.000000000000	0.0000000000000
0.30000001192093	0.99063724279404	-0.13419698178768	73.000000000000	0.0000000000000
0.30399999022484	0.99040293693542	-0.13596978783607	73.000000000000	0.0000000000000
0.30799999833107	0.99016547203064	-0.13774253427982	73.000000000000	0.0000000000000
0.31200000643730	0.98992526531219	-0.13951526582241	73.000000000000	0.0000000000000
0.31600001454353	0.98968213796616	-0.14128799736500	73.000000000000	0.0000000000000
0.31999999284744	0.98943591117859	-0.14306071400642	73.000000000000	0.0000000000000
0.32400000095367	0.98918676376343	-0.14483344554901	73.000000000000	0.0000000000000
0.32800000905991	0.98893457651138	-0.14660619199276	73.000000000000	0.0000000000000
0.33199998736382	0.98867928981781	-0.14837892353535	73.000000000000	0.0000000000000
0.33599999547005	0.98842102289200	-0.15015166997910	73.000000000000	0.0000000000000
0.34000000357628	0.98815959692001	-0.15192441642284	73.000000000000	0.0000000000000
0.34400001168251	0.98789495229721	-0.15369719266891	73.000000000000	0.0000000000000
0.34799998998642	0.98762708902359	-0.15546993911266	73.000000000000	0.0000000000000
0.35199999809265	0.98735612630844	-0.15724271535873	73.000000000000	0.0000000000000
0.35600000619888	0.98708194494247	-0.15901544690132	73.000000000000	0.0000000000000
0.36000001430511	0.98680436611176	-0.16078814864159	73.000000000000	0.0000000000000
0.36399999260902	0.98652350902557	-0.16256083548069	73.000000000000	0.0000000000000
0.36800000071526	0.98623937368393	-0.16433346271515	73.000000000000	0.0000000000000
0.37200000882149	0.98595178127289	-0.16610601544380	73.000000000000	0.0000000000000
0.37599998712540	0.98566079139709	-0.16787850856781	73.000000000000	0.0000000000000
0.37999999523163	0.98536652326584	-0.16965088248253	73.000000000000	0.0000000000000
0.38400000333786	0.98506873846054	-0.17142316699028	73.000000000000	0.0000000000000
0.38800001144409	0.98476743698120	-0.17319527268410	73.000000000000	0.0000000000000
0.39199998974800	0.98446267843246	-0.17496727406979	73.000000000000	0.0000000000000
0.39599999785423	0.98415440320969	-0.17673903703690	73.000000000000	0.0000000000000
0.40000000596046	0.98384243249893	-0.17851060628891	73.000000000000	0.0000000000000
0.40400001406670	0.98352712392807	-0.18028192222118	73.000000000000	0.0000000000000
0.40799999237061	0.98320806026459	-0.18205298483372	73.000000000000	0.0000000000000
0.41200000047684	0.98288536071777	-0.18382374942303	73.000000000000	0.0000000000000
0.41600000858307	0.98255908489227	-0.18559420108795	73.000000000000	0.0000000000000
0.41999998688698	0.98222917318344	-0.18736428022385	73.000000000000	0.0000000000000
0.42399999499321	0.98189556598663	-0.18913394212723	73.000000000000	0.0000000000000
0.42800000309944	0.98155814409256	-0.19090321660042	73.000000000000	0.0000000000000
0.43200001120567	0.98121714591980	-0.19267198443413	73.000000000000	0.0000000000000
0.43599998950958	0.98087239265442	-0.19444029033184	73.000000000000	0.0000000000000
0.43999999761581	0.98052382469177	-0.19620802998543	73.000000000000	0.0000000000000
0.44400000572205	0.98017162084579	-0.19797521829605	73.000000000000	0.0000000000000
0.44800001382828	0.97981554269791	-0.19974178075790	73.000000000000	0.0000000000000
0.45199999213219	0.97945582866669	-0.20150770246983	73.000000000000	0.0000000000000
0.45600000023842	0.97909235954285	-0.20327293872833	73.000000000000	0.0000000000000
0.46000000834465	0.97872507572174	-0.20503744482994	73.000000000000	0.0000000000000
0.46399998664856	0.97835409641266	-0.20680119097233	73.000000000000	0.0000000000000
0.46799999475479	0.97797930240631	-0.20856411755085	73.000000000000	0.0000000000000
0.47200000286102	0.97760075330734	-0.21032620966434	73.000000000000	0.0000000000000
0.47600001096725	0.97721844911575	-0.21208742260933	73.000000000000	0.0000000000000
0.47999998927116	0.97683244943619	-0.21384771168232	73.000000000000	0.0000000000000
0.48399999737740	0.97644257545471	-0.21560703217983	73.000000000000	0.0000000000000
0.48800000548363	0.97604912519455	-0.21736535429955	73.000000000000	0.0000000000000
0.49200001358986	0.97565186023712	-0.21912264823914	73.000000000000	0.0000000000000
0.49599999189377	0.97525084018707	-0.22087885439396	73.000000000000	0.0000000000000
0.50000000000000	0.97484630346298	-0.22263398766518	73.000000000000	0.0000000000000
0.50400000810623	0.97443801164627	-0.22438792884350	73.000000000000	0.0000000000000
0.50800001621246	0.97402602434158	-0.22614067792892	73.000000000000	0.0000000000000
0.51200002431870	0.97361046075821	-0.22789226472378	73.000000000000	0.0000000000000
0.51599997282028	0.97319126129150	-0.22964257001877	73.000000000000	0.0000000000000
0.51999998092651	0.97276836633682	-0.23139159381390	73.000000000000	0.0000000000000
0.52399998903275	0.97234201431274	-0.23313930630684	73.000000000000	0.0000000000000
0.52799999713898	0.97191208600998	-0.23488570749760	73.000000000000	0.0000000000000
0.53200000524521	0.97147864103317	-0.23663070797920	73.000000000000	0.0000000000000
0.53600001335144	0.97104173898697	-0.23837430775166	73.000000000000	0.0000000000000
0.54000002145767	0.97060132026672	-0.24011653661728	73.000000000000	0.0000000000000
0.54400002956390	0.97015756368637	-0.24185724556446	73.000000000000	0.0000000000000
0.54799997806549	0.96971035003662	-0.24359653890133	73.000000000000	0.0000000000000
0.55199998617172	0.96925985813141	-0.24533437192440	73.000000000000	0.0000000000000
0.55599999427795	0.96880596876144	-0.24707067012787	73.000000000000	0.0000000000000
0.56000000238419	0.96834880113602	-0.24880544841290	73.000000000000	0.0000000000000
0.56400001049042	0.96788835525513	-0.25053864717484	73.000000000000	0.0000000000000
0.56800001859665	0.96742457151413	-0.25227037072182	73.000000000000	0.0000000000000
0.57200002670288	0.96695774793625	-0.25400048494339	73.000000000000	0.0000000000000
0.57599997520447	0.96648776531219	-0.25572904944420	73.000000000000	0.0000000000000
0.57999998331070	0.96601462364197	-0.25745600461960	73.000000000000	0.0000000000000
0.58399999141693	0.96553826332092	-0.25918135046959	73.000000000000	0.0000000000000
0.58799999952316	0.96505898237228	-0.26090514659882	73.000000000000	0.0000000000000
0.59200000762939	0.96457672119141	-0.26262739300728	73.000000000000	0.0000000000000
0.59600001573563	0.96409142017365	-0.26434800028801	73.000000000000	0.0000000000000
0.60000002384186	0.96360313892365	-0.26606699824333	73.000000000000	0.0000000000000
0.60399997234344	0.96311199665070	-0.26778444647789	73.000000000000	0.0000000000000
0.60799998044968	0.96261793375015	-0.26950025558472	73.000000000000	0.0000000000000
0.61199998855591	0.96212100982666	-0.27121457457542	73.000000000000	0.0000000000000
0.61599999666214	0.96162128448486	-0.27292725443840	73.000000000000	0.0000000000000
0.62000000476837	0.96111881732941	-0.27463838458061	73.000000000000	0.0000000000000
0.62400001287460	0.96061360836029	-0.27634802460670	73.000000000000	0.0000000000000
0.62800002098083	0.96010565757751	-0.27805614471436	73.000000000000	0.0000000000000
0.63200002908707	0.95959502458572	-0.27976265549660	73.000000000000	0.0000000000000
0.63599997758865	0.95908176898956	-0.28146773576736	73.000000000000	0.0000000000000
0.63999998569489	0.95856583118439	-0.28317126631737	73.000000000000	0.0000000000000
0.64399999380112	0.95804727077484	-0.28487345576286	73.000000000000	0.0000000000000
0.64800000190735	0.95752614736557	-0.28657415509224	73.000000000000	0.0000000000000
0.65200001001358	0.95700246095657	-0.28827342391014	73.000000000000	0.0000000000000
0.65600001811981	0.95647621154785	-0.28997129201889	73.000000000000	0.0000000000000
0.66000002622604	0.95594751834869	-0.29166781902313	73.000000000000	0.0000000000000
0.66399997472763	0.95541620254517	-0.29336300492287	73.000000000000	0.0000000000000
0.66799998283386	0.95488244295120	-0.29505687952042	73.000000000000	0.0000000000000
0.67199999094009	0.95434612035751	-0.29674947261810	73.000000000000	0.0000000000000
0.67599999904633	0.95380735397339	-0.29844078421593	73.000000000000	0.0000000000000
0.68000000715256	0.95326626300812	-0.30013090372086	73.000000000000	0.0000000000000
0.68400001525879	0.95272266864777	-0.30181974172592	73.000000000000	0.0000000000000
0.68800002336502	0.95217663049698	-0.30350753664970	73.000000000000	0.0000000000000
0.69199997186661	0.95162808895111	-0.30519413948059	73.000000000000	0.0000000000000
0.69599997997284	0.95107710361481	-0.30687960982323	73.000000000000	0.0000000000000
0.69999998807907	0.95052373409271	-0.30856400728226	73.000000000000	0.0000000000000
0.70399999618530	0.94996798038483	-0.31024742126465	73.000000000000	0.0000000000000
0.70800000429153	0.94940978288651	-0.31192976236343	73.000000000000	0.0000000000000
0.71200001239777	0.94884902238846	-0.31361114978790	73.000000000000	0.0000000000000
0.71600002050400	0.94828587770462	-0.31529158353806	73.000000000000	0.0000000000000
0.72000002861023	0.94772028923035	-0.31697106361389	73.000000000000	0.0000000000000
0.72399997711182	0.94715219736099	-0.31864967942238	73.000000000000	0.0000000000000
0.72799998521805	0.94658160209656	-0.32032740116119	73.000000000000	0.0000000000000
0.73199999332428	0.94600850343704	-0.32200425863266	73.000000000000	0.0000000000000
0.73600000143051	0.94543290138245	-0.32368037104607	73.000000000000	0.0000000000000
0.74000000953674	0.94485479593277	-0.32535567879677	73.000000000000	0.0000000000000
0.74400001764297	0.94427400827408	-0.32703024148941	73.000000000000	0.0000000000000
0.74800002574921	0.94369077682495	-0.32870402932167	73.000000000000	0.0000000000000
0.75199997425079	0.94310486316681	-0.33037713170052	73.000000000000	0.0000000000000
0.75599998235703	0.94251626729965	-0.33204954862595	73.000000000000	0.0000000000000
0.75999999046326	0.94192516803741	-0.33372128009796	73.000000000000	0.0000000000000
0.76399999856949	0.94133120775223	-0.33539235591888	73.000000000000	0.0000000000000
0.76800000667572	0.94073456525803	-0.33706277608871	73.000000000000	0.0000000000000
0.77200001478195	0.94013518095016	-0.33873263001442	73.000000000000	0.0000000000000
0.77600002288818	0.93953299522400	-0.34040185809135	73.000000000000	0.0000000000000
0.77999997138977	0.93892800807953	-0.34207043051720	73.000000000000	0.0000000000000
0.78399997949600	0.93832010030746	-0.34373852610588	73.000000000000	0.0000000000000
0.78799998760223	0.93770933151245	-0.34540593624115	73.000000000000	0.0000000000000
0.79199999570847	0.93709570169449	-0.34707283973694	73.000000000000	0.0000000000000
0.79600000381470	0.93647897243500	-0.34873917698860	73.000000000000	0.0000000000000
0.80000001192093	0.93585926294327	-0.35040491819382	73.000000000000	0.0000000000000
0.80400002002716	0.93523651361465	-0.35207009315491	73.000000000000	0.0000000000000
0.80800002813339	0.93461078405380	-0.35373470187187	73.000000000000	0.0000000000000
0.81199997663498	0.93398171663284	-0.35539874434471	73.000000000000	0.0000000000000
0.81599998474121	0.93334960937500	-0.35706222057343	73.000000000000	0.0000000000000
0.81999999284744	0.93271440267563	-0.35872507095337	73.000000000000	0.0000000000000
0.82400000095367	0.93207579851151	-0.36038735508919	73.000000000000	0.0000000000000
0.82800000905991	0.93143391609192	-0.36204901337624	73.000000000000	0.0000000000000
0.83200001716614	0.93078869581223	-0.36371004581451	73.000000000000	0.0000000000000
0.83600002527237	0.93014019727707	-0.36537042260170	73.000000000000	0.0000000000000
0.83999997377396	0.92948818206787	-0.36703011393547	73.000000000000	0.0000000000000
0.84399998188019	0.92883282899857	-0.36868917942047	73.000000000000	0.0000000000000
0.84799998998642	0.92817389965057	-0.37034749984741	73.000000000000	0.0000000000000
0.85199999809265	0.92751151323318	-0.37200507521629	73.000000000000	0.0000000000000
0.85600000619888	0.92684555053711	-0.37366190552711	73.000000000000	0.0000000000000
0.86000001430511	0.92617595195770	-0.37531793117523	73.000000000000	0.0000000000000
0.86400002241135	0.92550277709961	-0.37697309255600	73.000000000000	0.0000000000000
0.86799997091293	0.92482596635818	-0.37862747907639	73.000000000000	0.0000000000000
0.87199997901917	0.92414546012878	-0.38028088212013	73.000000000000	0.0000000000000
0.87599998712540	0.92346131801605	-0.38193342089653	73.000000000000	0.0000000000000
0.87999999523163	0.92277342081070	-0.38358494639397	73.000000000000	0.0000000000000
0.88400000333786	0.92208164930344	-0.38523551821709	73.000000000000	0.0000000000000
0.88800001144409	0.92138612270355	-0.38688495755196	73.000000000000	0.0000000000000
0.89200001955032	0.92068684101105	-0.38853335380554	73.000000000000	0.0000000000000
0.89600002765656	0.91998368501663	-0.39018061757088	73.000000000000	0.0000000000000
0.89999997615814	0.91927671432495	-0.39182668924332	73.000000000000	0.0000000000000
0.90399998426437	0.91856580972672	-0.39347150921822	73.000000000000	0.0000000000000
0.90799999237061	0.91785109043121	-0.39511507749557	73.000000000000	0.0000000000000
0.91200000047684	0.91713249683380	-0.39675730466843	73.000000000000	0.0000000000000
0.91600000858307	0.91641002893448	-0.39839819073677	73.000000000000	0.0000000000000
0.92000001668930	0.91568356752396	-0.40003761649132	73.000000000000	0.0000000000000
0.92400002479553	0.91495317220688	-0.40167561173439	73.000000000000	0.0000000000000
0.92799997329712	0.91421890258789	-0.40331202745438	73.000000000000	0.0000000000000
0.93199998140335	0.91348069906235	-0.40494692325592	73.000000000000	0.0000000000000
0.93599998950958	0.91273862123489	-0.40658020973206	73.000000000000	0.0000000000000
0.93999999761581	0.91199260950089	-0.40821176767349	73.000000000000	0.0000000000000
0.94400000572205	0.91124272346497	-0.40984165668488	73.000000000000	0.0000000000000
0.94800001382828	0.91048890352249	-0.41146975755692	73.000000000000	0.0000000000000
0.95200002193451	0.90973114967346	-0.41309607028961	73.000000000000	0.0000000000000
0.95599997043610	0.90896958112717	-0.41472044587135	73.000000000000	0.0000000000000
0.95999997854233	0.90820407867432	-0.41634294390678	73.000000000000	0.0000000000000
0.96399998664856	0.90743482112885	-0.41796350479126	73.000000000000	0.0000000000000
0.96799999475479	0.90666168928146	-0.41958200931549	73.000000000000	0.0000000000000
0.97200000286102	0.90588468313217	-0.42119860649109	73.000000000000	0.0000000000000
0.97600001096725	0.90510398149490	-0.42281296849251	73.000000000000	0.0000000000000
0.98000001907349	0.90431940555573	-0.42442536354065	73.000000000000	0.0000000000000
0.98400002717972	0.90353119373322	-0.42603546380997	73.000000000000	0.0000000000000
0.98799997568130	0.90273934602737	-0.42764317989349	73.000000000000	0.0000000000000
0.99199998378754	0.90194380283356	-0.42924857139587	73.000000000000	0.0000000000000
0.99599999189377	0.90114456415176	-0.43085202574730	73.000000000000	0.0000000000000
1.0000000000000	0.90034168958664	-0.43245306611061	73.000000000000	0.0000000000000
1.0039999485016	0.89953541755676	-0.43405136466026	73.000000000000	0.0000000000000
1.0080000162125	0.89872539043427	-0.43564763665199	73.000000000000	0.0000000000000
1.0119999647141	0.89791190624237	-0.43724161386490	73.000000000000	0.0000000000000
1.0160000324249	0.89709508419037	-0.43883273005486	73.000000000000	0.0000000000000
1.0199999809265	0.89627498388290	-0.44042107462883	73.000000000000	0.0000000000000
1.0240000486374	0.89545130729675	-0.44200748205185	73.000000000000	0.0000000000000
1.0279999971390	0.89462417364120	-0.44359147548676	73.000000000000	0.0000000000000
1.0319999456406	0.89379388093948	-0.44517272710800	73.000000000000	0.0000000000000
1.0360000133514	0.89296019077301	-0.44675162434578	73.000000000000	0.0000000000000
1.0399999618530	0.89212363958359	-0.44832730293274	73.000000000000	0.0000000000000
1.0440000295639	0.89128363132477	-0.44990104436874	73.000000000000	0.0000000000000
1.0479999780655	0.89044058322906	-0.45147204399109	73.000000000000	0.0000000000000
1.0520000457764	0.88959455490112	-0.45304027199745	73.000000000000	0.0000000000000
1.0559999942780	0.88874536752701	-0.45460614562035	73.000000000000	0.0000000000000
1.0599999427795	0.88789319992065	-0.45616933703423	73.000000000000	0.0000000000000
1.0640000104904	0.88703829050064	-0.45772978663445	73.000000000000	0.0000000000000
1.0679999589920	0.88618016242981	-0.45928791165352	73.000000000000	0.0000000000000
1.0720000267029	0.88531929254532	-0.46084335446358	73.000000000000	0.0000000000000
1.0759999752045	0.88445568084717	-0.46239605545998	73.000000000000	0.0000000000000
1.0800000429153	0.88358914852142	-0.46394652128220	73.000000000000	0.0000000000000
1.0839999914169	0.88271987438202	-0.46549427509308	73.000000000000	0.0000000000000
1.0880000591278	0.88184791803360	-0.46703937649727	73.000000000000	0.0000000000000
1.0920000076294	0.88097357749939	-0.46858188509941	73.000000000000	0.0000000000000
1.0959999561310	0.88009607791901	-0.47012257575989	73.000000000000	0.0000000000000
1.1000000238419	0.87921649217606	-0.47165971994400	73.000000000000	0.0000000000000
1.1039999723434	0.87833392620087	-0.47319513559341	73.000000000000	0.0000000000000
1.1080000400543	0.87744891643524	-0.47472792863846	73.000000000000	0.0000000000000
1.1119999885559	0.87656152248383	-0.47625812888145	73.000000000000	0.0000000000000
1.1160000562668	0.87567162513733	-0.47778621315956	73.000000000000	0.0000000000000
1.1200000047684	0.87477880716324	-0.47931253910065	73.000000000000	0.0000000000000
1.1239999532700	0.87388384342194	-0.48083585500717	73.000000000000	0.0000000000000
1.1280000209808	0.87298667430878	-0.48235660791397	73.000000000000	0.0000000000000
1.1319999694824	0.87208676338196	-0.48387548327446	73.000000000000	0.0000000000000
1.1360000371933	0.87118464708328	-0.48539212346077	73.000000000000	0.0000000000000
1.1399999856949	0.87027996778488	-0.48690667748451	73.000000000000	0.0000000000000
1.1440000534058	0.86937302350998	-0.48841902613640	73.000000000000	0.0000000000000
1.1480000019073	0.86846357584000	-0.48992928862572	73.000000000000	0.0000000000000
1.1519999504089	0.86755174398422	-0.49143746495247	73.000000000000	0.0000000000000
1.1560000181198	0.86663752794266	-0.49294364452362	73.000000000000	0.0000000000000
1.1599999666214	0.86572086811066	-0.49444785714149	73.000000000000	0.0000000000000
1.1640000343323	0.86480182409286	-0.49595010280609	73.000000000000	0.0000000000000
1.1679999828339	0.86388051509857	-0.49745047092438	73.000000000000	0.0000000000000
1.1720000505447	0.86295664310455	-0.49894890189171	73.000000000000	0.0000000000000
1.1759999990463	0.86203032732010	-0.50044554471970	73.000000000000	0.0000000000000
1.1799999475479	0.86110150814056	-0.50194036960602	73.000000000000	0.0000000000000
1.1840000152588	0.86017018556595	-0.50343340635300	73.000000000000	0.0000000000000
1.1879999637604	0.85923647880554	-0.50492477416992	73.000000000000	0.0000000000000
1.1920000314713	0.85830026865005	-0.50641441345215	73.000000000000	0.0000000000000
1.1959999799728	0.85736131668091	-0.50790238380432	73.000000000000	0.0000000000000
1.2000000476837	0.85641974210739	-0.50938868522644	73.000000000000	0.0000000000000
1.2039999961853	0.85547560453415	-0.51087343692780	73.000000000000	0.0000000000000
1.2079999446869	0.85452872514725	-0.51235651969910	73.000000000000	0.0000000000000
1.2120000123978	0.85357916355133	-0.51383811235428	73.000000000000	0.0000000000000
1.2159999608994	0.85262691974640	-0.51531809568405	73.000000000000	0.0000000000000
1.2200000286102	0.85167193412781	-0.51679658889771	73.000000000000	0.0000000000000
1.2239999771118	0.85071396827698	-0.51827359199524	73.000000000000	0.0000000000000
1.2280000448227	0.84975308179855	-0.51974910497665	73.000000000000	0.0000000000000
1.2319999933243	0.84878921508789	-0.52122312784195	73.000000000000	0.0000000000000
1.2359999418259	0.84782236814499	-0.52269572019577	73.000000000000	0.0000000000000
1.2400000095367	0.84685248136520	-0.52416676282883	73.000000000000	0.0000000000000
1.2439999580383	0.84587943553925	-0.52563637495041	73.000000000000	0.0000000000000
1.2480000257492	0.84490329027176	-0.52710455656052	73.000000000000	0.0000000000000
1.2519999742508	0.84392386674881	-0.52857124805450	73.000000000000	0.0000000000000
1.2560000419617	0.84294110536575	-0.53003650903702	73.000000000000	0.0000000000000
1.2599999904633	0.84195494651794	-0.53150022029877	73.000000000000	0.0000000000000
1.2640000581741	0.84096544981003	-0.53296250104904	73.000000000000	0.0000000000000
1.2680000066757	0.83997243642807	-0.53442323207855	73.000000000000	0.0000000000000
1.2719999551773	0.83897590637207	-0.53588247299194	73.000000000000	0.0000000000000
1.2760000228882	0.83797574043274	-0.53734010457993	73.000000000000	0.0000000000000
1.2799999713898	0.83697193861008	-0.53879612684250	73.000000000000	0.0000000000000
1.2840000391006	0.83596432209015	-0.54025059938431	73.000000000000	0.0000000000000
1.2879999876022	0.83495295047760	-0.54170334339142	73.000000000000	0.0000000000000
1.2920000553131	0.83393782377243	-0.54315447807312	73.000000000000	0.0000000000000
1.2960000038147	0.83291864395142	-0.54460376501083	73.000000000000	0.0000000000000
1.2999999523163	0.83189553022385	-0.54605126380920	73.000000000000	0.0000000000000
1.3040000200272	0.83086836338043	-0.54749697446823	73.000000000000	0.0000000000000
1.3079999685287	0.82983714342117	-0.54894071817398	73.000000000000	0.0000000000000
1.3120000362396	0.82880175113678	-0.55038273334503	73.000000000000	0.0000000000000
1.3159999847412	0.82776212692261	-0.55182248353958	73.000000000000	0.0000000000000
1.3200000524521	0.82671827077866	-0.55326026678085	73.000000000000	0.0000000000000
1.3240000009537	0.82567018270493	-0.55469584465027	73.000000000000	0.0000000000000
1.3279999494553	0.82461762428284	-0.55612933635712	73.000000000000	0.0000000000000
1.3320000171661	0.82356077432632	-0.55756050348282	73.000000000000	0.0000000000000
1.3359999656677	0.82249951362610	-0.55898916721344	73.000000000000	0.0000000000000
1.3400000333786	0.82143372297287	-0.56041550636292	73.000000000000	0.0000000000000
1.3439999818802	0.82036346197128	-0.56183922290802	73.000000000000	0.0000000000000
1.3480000495911	0.81928861141205	-0.56326031684875	73.000000000000	0.0000000000000
1.3519999980927	0.81820929050446	-0.56467872858047	73.000000000000	0.0000000000000
1.3559999465942	0.81712543964386	-0.56609439849854	73.000000000000	0.0000000000000
1.3600000143051	0.81603670120239	-0.56750708818436	73.000000000000	0.0000000000000
1.3639999628067	0.81494367122650	-0.56891685724258	73.000000000000	0.0000000000000
1.3680000305176	0.81384581327438	-0.57032352685928	73.000000000000	0.0000000000000
1.3719999790192	0.81274330615997	-0.57172697782516	73.000000000000	0.0000000000000
1.3760000467300	0.81163626909256	-0.57312715053558	73.000000000000	0.0000000000000
1.3799999952316	0.81052440404892	-0.57452404499054	73.000000000000	0.0000000000000
1.3839999437332	0.80940800905228	-0.57591730356216	73.000000000000	0.0000000000000
1.3880000114441	0.80828696489334	-0.57730704545975	73.000000000000	0.0000000000000
1.3919999599457	0.80716127157211	-0.57869303226471	73.000000000000	0.0000000000000
1.3960000276566	0.80603080987930	-0.58007526397705	73.000000000000	0.0000000000000
1.3999999761581	0.80489599704742	-0.58145368099213	73.000000000000	0.0000000000000
1.4040000438690	0.80375653505325	-0.58282798528671	73.000000000000	0.0000000000000
1.4079999923706	0.80261260271072	-0.58419817686081	73.000000000000	0.0000000000000
1.4119999408722	0.80146408081055	-0.58556425571442	73.000000000000	0.0000000000000
1.4160000085831	0.80031120777130	-0.58692586421967	73.000000000000	0.0000000000000
1.4199999570847	0.79915362596512	-0.58828318119049	73.000000000000	0.0000000000000
1.4240000247955	0.79799211025238	-0.58963596820831	73.000000000000	0.0000000000000
1.4279999732971	0.79682600498199	-0.59098416566849	73.000000000000	0.0000000000000
1.4320000410080	0.79565584659576	-0.59232765436172	73.000000000000	0.0000000000000
1.4359999895096	0.79448121786118	-0.59366625547409	73.000000000000	0.0000000000000
1.4400000572205	0.79330283403397	-0.59500008821487	73.000000000000	0.0000000000000
1.4440000057220	0.79212021827698	-0.59632885456085	73.000000000000	0.0000000000000
1.4479999542236	0.79093360900879	-0.59765255451202	73.000000000000	0.0000000000000
1.4520000219345	0.78974306583405	-0.59897118806839	73.000000000000	0.0000000000000
1.4559999704361	0.78854876756668	-0.60028457641602	73.000000000000	0.0000000000000
1.4600000381470	0.78735089302063	-0.60159265995026	73.000000000000	0.0000000000000
1.4639999866486	0.78614920377731	-0.60289525985718	73.000000000000	0.0000000000000
1.4680000543594	0.78494411706924	-0.60419255495071	73.000000000000	0.0000000000000
1.4720000028610	0.78373545408249	-0.60548418760300	73.000000000000	0.0000000000000
1.4759999513626	0.78252357244492	-0.60677039623260	73.000000000000	0.0000000000000
1.4800000190735	0.78130829334259	-0.60805094242096	73.000000000000	0.0000000000000
1.4839999675751	0.78009015321732	-0.60932582616806	73.000000000000	0.0000000000000
1.4880000352859	0.77886885404587	-0.61059492826462	73.000000000000	0.0000000000000
1.4919999837875	0.77764457464218	-0.61185818910599	73.000000000000	0.0000000000000
1.4960000514984	0.77641755342484	-0.61311578750610	73.000000000000	0.0000000000000
1.5000000000000	0.77518790960312	-0.61436748504639	73.000000000000	0.0000000000000
1.5039999485016	0.77395564317703	-0.61561340093613	73.000000000000	0.0000000000000
1.5080000162125	0.77272093296051	-0.61685329675674	73.000000000000	0.0000000000000
1.5119999647141	0.77148389816284	-0.61808735132217	73.000000000000	0.0000000000000
1.5160000324249	0.77024459838867	-0.61931556463242	73.000000000000	0.0000000000000
1.5199999809265	0.76900315284729	-0.62053775787354	73.000000000000	0.0000000000000
1.5240000486374	0.76775991916656	-0.62175405025482	73.000000000000	0.0000000000000
1.5279999971390	0.76651465892792	-0.62296450138092	73.000000000000	0.0000000000000
1.5319999456406	0.76526761054993	-0.62416899204254	73.000000000000	0.0000000000000
1.5360000133514	0.76401907205582	-0.62536764144897	73.000000000000	0.0000000000000
1.5399999618530	0.76276898384094	-0.62656038999557	73.000000000000	0.0000000000000
1.5440000295639	0.76151734590530	-0.62774741649628	73.000000000000	0.0000000000000
1.5479999780655	0.76026457548141	-0.62892848253250	73.000000000000	0.0000000000000
1.5520000457764	0.75901049375534	-0.63010394573212	73.000000000000	0.0000000000000
1.5559999942780	0.75775551795959	-0.63127356767654	73.000000000000	0.0000000000000
1.5599999427795	0.75649929046631	-0.63243758678436	73.000000000000	0.0000000000000
1.5640000104904	0.75524234771729	-0.63359594345093	73.000000000000	0.0000000000000
1.5679999589920	0.75398457050323	-0.63474887609482	73.000000000000	0.0000000000000
1.5720000267029	0.75272613763809	-0.63589626550674	73.000000000000	0.0000000000000
1.5759999752045	0.75146710872650	-0.63703817129135	73.000000000000	0.0000000000000
1.5800000429153	0.75020748376846	-0.63817477226257	73.000000000000	0.0000000000000
1.5839999914169	0.74894750118256	-0.63930612802505	73.000000000000	0.0000000000000
1.5880000591278	0.74768728017807	-0.64043235778809	73.000000000000	0.0000000000000
1.5920000076294	0.74642646312714	-0.64155334234238	73.000000000000	0.0000000000000
1.5959999561310	0.74516576528549	-0.64266949892044	73.000000000000	0.0000000000000
1.6000000238419	0.74390465021133	-0.64378064870834	73.000000000000	0.0000000000000
1.6039999723434	0.74264341592789	-0.64488697052002	73.000000000000	0.0000000000000
1.6080000400543	0.74138242006302	-0.64598852396011	73.000000000000	0.0000000000000
1.6119999885559	0.74012112617493	-0.64708560705185	73.000000000000	0.0000000000000
1.6160000562668	0.73885989189148	-0.64817804098129	73.000000000000	0.0000000000000
1.6200000047684	0.73759883642197	-0.64926606416702	73.000000000000	0.0000000000000
1.6239999532700	0.73633772134781	-0.65034991502762	73.000000000000	0.0000000000000
1.6280000209808	0.73507678508759	-0.65142941474915	73.000000000000	0.0000000000000
1.6319999694824	0.73381602764130	-0.65250498056412	73.000000000000	0.0000000000000
1.6360000371933	0.73255527019501	-0.65357649326324	73.000000000000	0.0000000000000
1.6399999856949	0.73129481077194	-0.65464413166046	73.000000000000	0.0000000000000
1.6440000534058	0.73003423213959	-0.65570795536041	73.000000000000	0.0000000000000
1.6480000019073	0.72877365350723	-0.65676826238632	73.000000000000	0.0000000000000
1.6519999504089	0.72751349210739	-0.65782493352890	73.000000000000	0.0000000000000
1.6560000181198	0.72625297307968	-0.65887820720673	73.000000000000	0.0000000000000
1.6599999666214	0.72499257326126	-0.65992820262909	73.000000000000	0.0000000000000
1.6640000343323	0.72373217344284	-0.66097491979599	73.000000000000	0.0000000000000
1.6679999828339	0.72247159481049	-0.66201847791672	73.000000000000	0.0000000000000
1.6720000505447	0.72121089696884	-0.66305899620056	73.000000000000	0.0000000000000
1.6759999990463	0.71995007991791	-0.66409665346146	73.000000000000	0.0000000000000
1.6799999475479	0.71868872642517	-0.66513144969940	73.000000000000	0.0000000000000
1.6840000152588	0.71742713451385	-0.66616338491440	73.000000000000	0.0000000000000
1.6879999637604	0.71616488695145	-0.66719281673431	73.000000000000	0.0000000000000
1.6920000314713	0.71490222215652	-0.66821944713593	73.000000000000	0.0000000000000
1.6959999799728	0.71363884210587	-0.66924363374710	73.000000000000	0.0000000000000
1.7000000476837	0.71237474679947	-0.67026549577713	73.000000000000	0.0000000000000
1.7039999961853	0.71110975742340	-0.67128479480743	73.000000000000	0.0000000000000
1.7079999446869	0.70984369516373	-0.67230176925659	73.000000000000	0.0000000000000
1.7120000123978	0.70857661962509	-0.67331647872925	73.000000000000	0.0000000000000
1.7159999608994	0.70730817317963	-0.67432886362076	73.000000000000	0.0000000000000
1.7200000286102	0.70603847503662	-0.67533904314041	73.000000000000	0.0000000000000
1.7239999771118	0.70476698875427	-0.67634707689285	73.000000000000	0.0000000000000
1.7280000448227	0.70349413156509	-0.67735284566879	73.000000000000	0.0000000000000
1.7319999933243	0.70221936702728	-0.67835646867752	73.000000000000	0.0000000000000
1.7359999418259	0.70094269514084	-0.67935788631439	73.000000000000	0.0000000000000
1.7400000095367	0.69966393709183	-0.68035721778870	73.000000000000	0.0000000000000
1.7439999580383	0.69838309288025	-0.68135422468185	73.000000000000	0.0000000000000
1.7480000257492	0.69709956645966	-0.68234896659851	73.000000000000	0.0000000000000
1.7519999742508	0.69581371545792	-0.68334168195724	73.000000000000	0.0000000000000
1.7560000419617	0.69452518224716	-0.68433189392090	73.000000000000	0.0000000000000
1.7599999904633	0.69323360919952	-0.68531972169876	73.000000000000	0.0000000000000
1.7640000581741	0.69193929433823	-0.68630516529083	73.000000000000	0.0000000000000
1.7680000066757	0.69064170122147	-0.68728810548782	73.000000000000	0.0000000000000
1.7719999551773	0.68934059143066	-0.68826848268509	73.000000000000	0.0000000000000
1.7760000228882	0.68803620338440	-0.68924617767334	73.000000000000	0.0000000000000
1.7799999713898	0.68672817945480	-0.69022107124329	73.000000000000	0.0000000000000
1.7840000391006	0.68541646003723	-0.69119304418564	73.000000000000	0.0000000000000
1.7879999876022	0.68410050868988	-0.69216197729111	73.000000000000	0.0000000000000
1.7920000553131	0.68278086185455	-0.69312781095505	73.000000000000	0.0000000000000
1.7960000038147	0.68145680427551	-0.69409024715424	73.000000000000	0.0000000000000
1.7999999523163	0.68012863397598	-0.69504922628403	73.000000000000	0.0000000000000
1.8040000200272	0.67879569530487	-0.69600462913513	73.000000000000	0.0000000000000
1.8079999685287	0.67745834589005	-0.69695621728897	73.000000000000	0.0000000000000
1.8120000362396	0.67611634731293	-0.69790375232697	73.000000000000	0.0000000000000
1.8159999847412	0.67476952075958	-0.69884711503983	73.000000000000	0.0000000000000
1.8200000524521	0.67341768741608	-0.69978612661362	73.000000000000	0.0000000000000
1.8240000009537	0.67206090688705	-0.70072054862976	73.000000000000	0.0000000000000
1.8279999494553	0.67069894075394	-0.70165014266968	73.000000000000	0.0000000000000
1.8320000171661	0.66933178901672	-0.70257467031479	73.000000000000	0.0000000000000
1.8359999656677	0.66795951128006	-0.70349377393723	73.000000000000	0.0000000000000
1.8400000333786	0.66658180952072	-0.70440745353699	73.000000000000	0.0000000000000
1.8439999818802	0.66519886255264	-0.70531535148621	73.000000000000	0.0000000000000
1.8480000495911	0.66381043195724	-0.70621711015701	73.000000000000	0.0000000000000
1.8519999980927	0.66241663694382	-0.70711266994476	73.000000000000	0.0000000000000
1.8559999465942	0.66101729869843	-0.70800155401230	73.000000000000	0.0000000000000
1.8600000143051	0.65961253643036	-0.70888358354568	73.000000000000	0.0000000000000
1.8639999628067	0.65820246934891	-0.70975846052170	73.000000000000	0.0000000000000
1.8680000305176	0.65678679943085	-0.71062588691711	73.000000000000	0.0000000000000
1.8719999790192	0.65536576509476	-0.71148556470871	73.000000000000	0.0000000000000
1.8760000467300	0.65393942594528	-0.71233707666397	73.000000000000	0.0000000000000
1.8799999952316	0.65250766277313	-0.71318036317825	73.000000000000	0.0000000000000
1.8839999437332	0.65107077360153	-0.71401500701904	73.000000000000	0.0000000000000
1.8880000114441	0.64962869882584	-0.71484065055847	73.000000000000	0.0000000000000
1.8919999599457	0.64818161725998	-0.71565705537796	73.000000000000	0.0000000000000
1.8960000276566	0.64672970771790	-0.71646392345428	73.000000000000	0.0000000000000
1.8999999761581	0.64527285099030	-0.71726089715958	73.000000000000	0.0000000000000
1.9040000438690	0.64381140470505	-0.71804773807526	73.000000000000	0.0000000000000
1.9079999923706	0.64234548807144	-0.71882396936417	73.000000000000	0.0000000000000
1.9119999408722	0.64087527990341	-0.71958935260773	73.000000000000	0.0000000000000
1.9160000085831	0.63940101861954	-0.72034382820129	73.000000000000	0.0000000000000
1.9199999570847	0.63792276382446	-0.72108674049377	73.000000000000	0.0000000000000
1.9240000247955	0.63644069433212	-0.72181802988052	73.000000000000	0.0000000000000
1.9279999732971	0.63495522737503	-0.72253727912903	73.000000000000	0.0000000000000
1.9320000410080	0.63346666097641	-0.72324436903000	73.000000000000	0.0000000000000
1.9359999895096	0.63197511434555	-0.72393876314163	73.000000000000	0.0000000000000
1.9400000572205	0.63048064708710	-0.72462040185928	73.000000000000	0.0000000000000
1.9440000057220	0.62898397445679	-0.72528898715973	73.000000000000	0.0000000000000
1.9479999542236	0.62748545408249	-0.72594416141510	73.000000000000	0.0000000000000
1.9520000219345	0.62598490715027	-0.72658580541611	73.000000000000	0.0000000000000
1.9559999704361	0.62448310852051	-0.72721350193024	73.000000000000	0.0000000000000
1.9600000381470	0.62298029661179	-0.72782719135284	73.000000000000	0.0000000000000
1.9639999866486	0.62147670984268	-0.72842663526535	73.000000000000	0.0000000000000
1.9680000543594	0.61997282505035	-0.72901147603989	73.000000000000	0.0000000000000
1.9720000028610	0.61846923828125	-0.72958177328110	73.000000000000	0.0000000000000
1.9759999513626	0.61696583032608	-0.73013705015182	73.000000000000	0.0000000000000
1.9800000190735	0.61546343564987	-0.73067730665207	73.000000000000	0.0000000000000
1.9839999675751	0.61396247148514	-0.73120254278183	73.000000000000	0.0000000000000
1.9880000352859	0.61246323585510	-0.73171228170395	73.000000000000	0.0000000000000
1.9919999837875	0.61096632480621	-0.73220664262772	73.000000000000	0.0000000000000
1.9960000514984	0.60947185754776	-0.73268544673920	73.000000000000	0.0000000000000
2.0000000000000	0.60798078775406	-0.73314851522446	73.000000000000	0.0000000000000
2.0039999485016	0.60649329423904	-0.73359584808350	73.000000000000	0.0000000000000
2.0079998970032	0.60500973463058	-0.73402738571167	73.000000000000	0.0000000000000
2.0120000839233	0.60353088378906	-0.73444312810898	73.000000000000	0.0000000000000
2.0160000324249	0.60205721855164	-0.73484307527542	73.000000000000	0.0000000000000
2.0199999809265	0.60058921575546	-0.73522710800171	73.000000000000	0.0000000000000
2.0239999294281	0.59912711381912	-0.73559528589249	73.000000000000	0.0000000000000
2.0280001163483	0.59767186641693	-0.73594766855240	73.000000000000	0.0000000000000
2.0320000648499	0.59622359275818	-0.73628419637680	73.000000000000	0.0000000000000
2.0360000133514	0.59478294849396	-0.73660522699356	73.000000000000	0.0000000000000
2.0399999618530	0.59335082769394	-0.73691064119339	73.000000000000	0.0000000000000
2.0439999103546	0.59192717075348	-0.73720049858093	73.000000000000	0.0000000000000
2.0480000972748	0.59051269292831	-0.73747509717941	73.000000000000	0.0000000000000
2.0520000457764	0.58910834789276	-0.73773449659348	73.000000000000	0.0000000000000
2.0559999942780	0.58771401643753	-0.73797881603241	73.000000000000	0.0000000000000
2.0599999427795	0.58633041381836	-0.73820847272873	73.000000000000	0.0000000000000
2.0639998912811	0.58495837450027	-0.73842346668243	73.000000000000	0.0000000000000
2.0680000782013	0.58359795808792	-0.73862421512604	73.000000000000	0.0000000000000
2.0720000267029	0.58225011825562	-0.73881083726883	73.000000000000	0.0000000000000
2.0759999752045	0.58091485500336	-0.73898369073868	73.000000000000	0.0000000000000
2.0799999237061	0.57959318161011	-0.73914307355881	73.000000000000	0.0000000000000
2.0840001106262	0.57828533649445	-0.73928928375244	73.000000000000	0.0000000000000
2.0880000591278	0.57699179649353	-0.73942267894745	73.000000000000	0.0000000000000
2.0920000076294	0.57571315765381	-0.73954367637634	73.000000000000	0.0000000000000
2.0959999561310	0.57444941997528	-0.73965251445770	73.000000000000	0.0000000000000
2.0999999046326	0.57320165634155	-0.73974984884262	73.000000000000	0.0000000000000
2.1040000915527	0.57197022438049	-0.73983585834503	73.000000000000	0.0000000000000
2.1080000400543	0.57075500488281	-0.73991107940674	73.000000000000	0.0000000000000
2.1119999885559	0.56955701112747	-0.73997604846954	73.000000000000	0.0000000000000
2.1159999370575	0.56837618350983	-0.74003118276596	73.000000000000	0.0000000000000
2.1199998855591	0.56721329689026	-0.74007695913315	73.000000000000	0.0000000000000
2.1240000724792	0.56606835126877	-0.74011391401291	73.000000000000	0.0000000000000
2.1280000209808	0.56494218111038	-0.74014264345169	73.000000000000	0.0000000000000
2.1319999694824	0.56383460760117	-0.74016356468201	73.000000000000	0.0000000000000
2.1359999179840	0.56274622678757	-0.74017733335495	73.000000000000	0.0000000000000
2.1400001049042	0.56167721748352	-0.74018448591232	73.000000000000	0.0000000000000
2.1440000534058	0.56062787771225	-0.74018561840057	73.000000000000	0.0000000000000
2.1480000019073	0.55959850549698	-0.74018144607544	73.000000000000	0.0000000000000
2.1519999504089	0.55858939886093	-0.74017244577408	73.000000000000	0.0000000000000
2.1559998989105	0.55760055780411	-0.74015933275223	73.000000000000	0.0000000000000
2.1600000858307	0.55663239955902	-0.74014276266098	73.000000000000	0.0000000000000
2.1640000343323	0.55568504333496	-0.74012327194214	73.000000000000	0.0000000000000
2.1679999828339	0.55475842952728	-0.74010163545609	73.000000000000	0.0000000000000
2.1719999313354	0.55385285615921	-0.74007838964462	73.000000000000	0.0000000000000
2.1760001182556	0.55296850204468	-0.74005436897278	73.000000000000	0.0000000000000
2.1800000667572	0.55210518836975	-0.74003016948700	73.000000000000	0.0000000000000
2.1840000152588	0.55126303434372	-0.74000644683838	73.000000000000	0.0000000000000
2.1879999637604	0.55044239759445	-0.73998403549194	73.000000000000	0.0000000000000
2.1919999122620	0.54964286088943	-0.73996347188950	73.000000000000	0.0000000000000
2.1960000991821	0.54886460304260	-0.73994559049606	73.000000000000	0.0000000000000
2.2000000476837	0.54810744524002	-0.73993086814880	73.000000000000	0.0000000000000
2.2039999961853	0.54737132787704	-0.73992025852203	73.000000000000	0.0000000000000
2.2079999446869	0.54665642976761	-0.73991441726685	73.000000000000	0.0000000000000
2.2119998931885	0.54596209526062	-0.73991388082504	73.000000000000	0.0000000000000
2.2160000801086	0.54528868198395	-0.73991942405701	73.000000000000	0.0000000000000
2.2200000286102	0.54463571310043	-0.73993188142776	73.000000000000	0.0000000000000
2.2239999771118	0.54400300979614	-0.73995178937912	73.000000000000	0.0000000000000
2.2279999256134	0.54339033365250	-0.73997980356216	73.000000000000	0.0000000000000
2.2320001125336	0.54279762506485	-0.74001663923264	73.000000000000	0.0000000000000
2.2360000610352	0.54222422838211	-0.74006295204163	73.000000000000	0.0000000000000
2.2400000095367	0.54167014360428	-0.74011951684952	73.000000000000	0.0000000000000
2.2439999580383	0.54113489389420	-0.74018687009811	73.000000000000	0.0000000000000
2.2479999065399	0.54061824083328	-0.74026560783386	73.000000000000	0.0000000000000
2.2520000934601	0.54011958837509	-0.74035644531250	73.000000000000	0.0000000000000
2.2560000419617	0.53963863849640	-0.74045991897583	73.000000000000	0.0000000000000
2.2599999904633	0.53917515277863	-0.74057674407959	73.000000000000	0.0000000000000
2.2639999389648	0.53872835636139	-0.74070733785629	73.000000000000	0.0000000000000
2.2679998874664	0.53829801082611	-0.74085241556168	73.000000000000	0.0000000000000
2.2720000743866	0.53788369894028	-0.74101245403290	73.000000000000	0.0000000000000
2.2760000228882	0.53748452663422	-0.74118793010712	73.000000000000	0.0000000000000
2.2799999713898	0.53710019588470	-0.74137943983078	73.000000000000	0.0000000000000
2.2839999198914	0.53673017024994	-0.74158751964569	73.000000000000	0.0000000000000
2.2880001068115	0.53637379407883	-0.74181252717972	73.000000000000	0.0000000000000
2.2920000553131	0.53603053092957	-0.74205511808395	73.000000000000	0.0000000000000
2.2960000038147	0.53569966554642	-0.74231529235840	73.000000000000	0.0000000000000
2.2999999523163	0.53538072109222	-0.74259400367737	73.000000000000	0.0000000000000
2.3039999008179	0.53507310152054	-0.74289125204086	73.000000000000	0.0000000000000
2.3080000877380	0.53477597236633	-0.74320763349533	73.000000000000	0.0000000000000
2.3120000362396	0.53448861837387	-0.74354332685471	73.000000000000	0.0000000000000
2.3159999847412	0.53421050310135	-0.74389868974686	73.000000000000	0.0000000000000
2.3199999332428	0.53394097089767	-0.74427413940430	73.000000000000	0.0000000000000
2.3239998817444	0.53367930650711	-0.74466973543167	73.000000000000	0.0000000000000
2.3280000686646	0.53342467546463	-0.74508583545685	73.000000000000	0.0000000000000
2.3320000171661	0.53317642211914	-0.74552267789841	73.000000000000	0.0000000000000
2.3359999656677	0.53293383121490	-0.74598026275635	73.000000000000	0.0000000000000
2.3399999141693	0.53269624710083	-0.74645900726318	73.000000000000	0.0000000000000
2.3440001010895	0.53246271610260	-0.74695891141891	73.000000000000	0.0000000000000
2.3480000495911	0.53223264217377	-0.74748009443283	73.000000000000	0.0000000000000
2.3519999980927	0.53200513124466	-0.74802261590958	73.000000000000	0.0000000000000
2.3559999465942	0.53177970647812	-0.74858647584915	73.000000000000	0.0000000000000
2.3599998950958	0.53155553340912	-0.74917179346085	73.000000000000	0.0000000000000
2.3640000820160	0.53133159875870	-0.74977856874466	73.000000000000	0.0000000000000
2.3680000305176	0.53110754489899	-0.75040662288666	73.000000000000	0.0000000000000
2.3719999790192	0.53088235855103	-0.75105613470078	73.000000000000	0.0000000000000
2.3759999275208	0.53065544366837	-0.75172674655914	73.000000000000	0.0000000000000
2.3800001144409	0.53042590618134	-0.75241851806641	73.000000000000	0.0000000000000
2.3840000629425	0.53019303083420	-0.75313121080399	73.000000000000	0.0000000000000
2.3880000114441	0.52995634078979	-0.75386470556259	73.000000000000	0.0000000000000
2.3919999599457	0.52971494197845	-0.75461882352829	73.000000000000	0.0000000000000
2.3959999084473	0.52946805953979	-0.75539332628250	73.000000000000	0.0000000000000
2.4000000953674	0.52921503782272	-0.75618785619736	73.000000000000	0.0000000000000
2.4040000438690	0.52895516157150	-0.75700235366821	73.000000000000	0.0000000000000
2.4079999923706	0.52868783473969	-0.75783634185791	73.000000000000	0.0000000000000
2.4119999408722	0.52841252088547	-0.75868958234787	73.000000000000	0.0000000000000
2.4159998893738	0.52812832593918	-0.75956159830093	73.000000000000	0.0000000000000
2.4200000762939	0.52783471345901	-0.76045221090317	73.000000000000	0.0000000000000
2.4240000247955	0.52753102779388	-0.76136088371277	73.000000000000	0.0000000000000
2.4279999732971	0.52721691131592	-0.76228731870651	73.000000000000	0.0000000000000
2.4319999217987	0.52689146995544	-0.76323091983795	73.000000000000	0.0000000000000
2.4360001087189	0.52655410766602	-0.76419144868851	73.000000000000	0.0000000000000
2.4400000572205	0.52620476484299	-0.76516819000244	73.000000000000	0.0000000000000
2.4440000057220	0.52584230899811	-0.76616084575653	73.000000000000	0.0000000000000
2.4479999542236	0.52546656131744	-0.76716876029968	73.000000000000	0.0000000000000
2.4519999027252	0.52507698535919	-0.76819145679474	73.000000000000	0.0000000000000
2.4560000896454	0.52467328310013	-0.76922839879990	73.000000000000	0.0000000000000
2.4600000381470	0.52425467967987	-0.77027910947800	73.000000000000	0.0000000000000
2.4639999866486	0.52382129430771	-0.77134293317795	73.000000000000	0.0000000000000
2.4679999351501	0.52337199449539	-0.77241915464401	73.000000000000	0.0000000000000
2.4719998836517	0.52290689945221	-0.77350741624832	73.000000000000	0.0000000000000
2.4760000705719	0.52242565155029	-0.77460694313049	73.000000000000	0.0000000000000
2.4800000190735	0.52192777395248	-0.77571719884872	73.000000000000	0.0000000000000
2.4839999675751	0.52141314744949	-0.77683752775192	73.000000000000	0.0000000000000
2.4879999160767	0.52088141441345	-0.77796721458435	73.000000000000	0.0000000000000
2.4920001029968	0.52033239603043	-0.77910578250885	73.000000000000	0.0000000000000
2.4960000514984	0.51976567506790	-0.78025245666504	73.000000000000	0.0000000000000
2.5000000000000	0.51918125152588	-0.78140658140182	73.000000000000	0.0000000000000
2.5039999485016	0.51857888698578	-0.78256756067276	73.000000000000	0.0000000000000
2.5079998970032	0.51795864105225	-0.78373473882675	73.000000000000	0.0000000000000
2.5120000839233	0.51732003688812	-0.78490740060806	73.000000000000	0.0000000000000
2.5160000324249	0.51666313409805	-0.78608494997025	73.000000000000	0.0000000000000
2.5199999809265	0.51598823070526	-0.78726661205292	73.000000000000	0.0000000000000
2.5239999294281	0.51529473066330	-0.78845185041428	73.000000000000	0.0000000000000
2.5280001163483	0.51458293199539	-0.78963994979858	73.000000000000	0.0000000000000
2.5320000648499	0.51385271549225	-0.79083025455475	73.000000000000	0.0000000000000
2.5360000133514	0.51310443878174	-0.79202216863632	73.000000000000	0.0000000000000
2.5399999618530	0.51233774423599	-0.79321503639221	73.000000000000	0.0000000000000
2.5439999103546	0.51155298948288	-0.79440820217133	73.000000000000	0.0000000000000
2.5480000972748	0.51075029373169	-0.79560101032257	73.000000000000	0.0000000000000
2.5520000457764	0.50992971658707	-0.79679286479950	73.000000000000	0.0000000000000
2.5559999942780	0.50909143686295	-0.79798316955566	73.000000000000	0.0000000000000
2.5599999427795	0.50823551416397	-0.79917138814926	73.000000000000	0.0000000000000
2.5639998912811	0.50736248493195	-0.80035674571991	73.000000000000	0.0000000000000
2.5680000782013	0.50647228956223	-0.80153894424438	73.000000000000	0.0000000000000
2.5720000267029	0.50556504726410	-0.80271720886230	73.000000000000	0.0000000000000
2.5759999752045	0.50464135408401	-0.80389100313187	73.000000000000	0.0000000000000
2.5799999237061	0.50370126962662	-0.80506014823914	73.000000000000	0.0000000000000
2.5840001106262	0.50274544954300	-0.80622357130051	73.000000000000	0.0000000000000
2.5880000591278	0.50177389383316	-0.80738115310669	73.000000000000	0.0000000000000
2.5920000076294	0.50078696012497	-0.80853241682053	73.000000000000	0.0000000000000
2.5959999561310	0.49978512525558	-0.80967664718628	73.000000000000	0.0000000000000
2.5999999046326	0.49876877665520	-0.81081360578537	73.000000000000	0.0000000000000
2.6040000915527	0.49773809313774	-0.81194275617599	73.000000000000	0.0000000000000
2.6080000400543	0.49669387936592	-0.81306380033493	73.000000000000	0.0000000000000
2.6119999885559	0.49563592672348	-0.81417638063431	73.000000000000	0.0000000000000
2.6159999370575	0.49456524848938	-0.81527996063232	73.000000000000	0.0000000000000
2.6199998855591	0.49348193407059	-0.81637424230576	73.000000000000	0.0000000000000
2.6240000724792	0.49238666892052	-0.81745910644531	73.000000000000	0.0000000000000
2.6280000209808	0.49127969145775	-0.81853395700455	73.000000000000	0.0000000000000
2.6319999694824	0.49016162753105	-0.81959873437881	73.000000000000	0.0000000000000
2.6359999179840	0.48903265595436	-0.82065302133560	73.000000000000	0.0000000000000
2.6400001049042	0.48789367079735	-0.82169669866562	73.000000000000	0.0000000000000
2.6440000534058	0.48674502968788	-0.82272946834564	73.000000000000	0.0000000000000
2.6480000019073	0.48558694124222	-0.82375115156174	73.000000000000	0.0000000000000
2.6519999504089	0.48442012071609	-0.82476162910461	73.000000000000	0.0000000000000
2.6559998989105	0.48324501514435	-0.82576072216034	73.000000000000	0.0000000000000
2.6600000858307	0.48206216096878	-0.82674825191498	73.000000000000	0.0000000000000
2.6640000343323	0.48087221384048	-0.82772415876389	73.000000000000	0.0000000000000
2.6679999828339	0.47967508435249	-0.82868838310242	73.000000000000	0.0000000000000
2.6719999313354	0.47847169637680	-0.82964086532593	73.000000000000	0.0000000000000
2.6760001182556	0.47726267576218	-0.83058142662048	73.000000000000	0.0000000000000
2.6800000667572	0.47604802250862	-0.83151018619537	73.000000000000	0.0000000000000
2.6840000152588	0.47482851147652	-0.83242714405060	73.000000000000	0.0000000000000
2.6879999637604	0.47360470890999	-0.83333224058151	73.000000000000	0.0000000000000
2.6919999122620	0.47237694263458	-0.83422553539276	73.000000000000	0.0000000000000
2.6960000991821	0.47114562988281	-0.83510708808899	73.000000000000	0.0000000000000
2.7000000476837	0.46991136670113	-0.83597695827484	73.000000000000	0.0000000000000
2.7039999961853	0.46867436170578	-0.83683538436890	73.000000000000	0.0000000000000
2.7079999446869	0.46743527054787	-0.83768218755722	73.000000000000	0.0000000000000
2.7119998931885	0.46619424223900	-0.83851772546768	73.000000000000	0.0000000000000
2.7160000801086	0.46495202183723	-0.83934217691422	73.000000000000	0.0000000000000
2.7200000286102	0.46370896697044	-0.84015548229218	73.000000000000	0.0000000000000
2.7239999771118	0.46246513724327	-0.84095805883408	73.000000000000	0.0000000000000
2.7279999256134	0.46122109889984	-0.84174990653992	73.000000000000	0.0000000000000
2.7320001125336	0.45997720956802	-0.84253132343292	73.000000000000	0.0000000000000
2.7360000610352	0.45873379707336	-0.84330254793167	73.000000000000	0.0000000000000
2.7400000095367	0.45749136805534	-0.84406381845474	73.000000000000	0.0000000000000
2.7439999580383	0.45625001192093	-0.84481531381607	73.000000000000	0.0000000000000
2.7479999065399	0.45501002669334	-0.84555727243423	73.000000000000	0.0000000000000
2.7520000934601	0.45377182960510	-0.84628999233246	73.000000000000	0.0000000000000
2.7560000419617	0.45253568887711	-0.84701371192932	73.000000000000	0.0000000000000
2.7599999904633	0.45130172371864	-0.84772884845734	73.000000000000	0.0000000000000
2.7639999389648	0.45007017254829	-0.84843558073044	73.000000000000	0.0000000000000
2.7679998874664	0.44884139299393	-0.84913426637650	73.000000000000	0.0000000000000
2.7720000743866	0.44761562347412	-0.84982508420944	73.000000000000	0.0000000000000
2.7760000228882	0.44639298319817	-0.85050845146179	73.000000000000	0.0000000000000
2.7799999713898	0.44517332315445	-0.85118454694748	73.000000000000	0.0000000000000
2.7839999198914	0.44395732879639	-0.85185384750366	73.000000000000	0.0000000000000
2.7880001068115	0.44274485111237	-0.85251659154892	73.000000000000	0.0000000000000
2.7920000553131	0.44153603911400	-0.85317319631577	73.000000000000	0.0000000000000
2.7960000038147	0.44033080339432	-0.85382384061813	73.000000000000	0.0000000000000
2.7999999523163	0.43912953138351	-0.85446888208389	73.000000000000	0.0000000000000
2.8039999008179	0.43793240189552	-0.85510861873627	73.000000000000	0.0000000000000
2.8080000877380	0.43673890829086	-0.85574346780777	73.000000000000	0.0000000000000
2.8120000362396	0.43554964661598	-0.85637372732162	73.000000000000	0.0000000000000
2.8159999847412	0.43436405062675	-0.85699951648712	73.000000000000	0.0000000000000
2.8199999332428	0.43318295478821	-0.85762137174606	73.000000000000	0.0000000000000
2.8239998817444	0.43200558423996	-0.85823947191238	73.000000000000	0.0000000000000
2.8280000686646	0.43083211779594	-0.85885423421860	73.000000000000	0.0000000000000
2.8320000171661	0.42966267466545	-0.85946577787399	73.000000000000	0.0000000000000
2.8359999656677	0.42849725484848	-0.86007446050644	73.000000000000	0.0000000000000
2.8399999141693	0.42733541131020	-0.86068063974380	73.000000000000	0.0000000000000
2.8440001010895	0.42617741227150	-0.86128455400467	73.000000000000	0.0000000000000
2.8480000495911	0.42502301931381	-0.86188638210297	73.000000000000	0.0000000000000
2.8519999980927	0.42387220263481	-0.86248642206192	73.000000000000	0.0000000000000
2.8559999465942	0.42272442579269	-0.86308503150940	73.000000000000	0.0000000000000
2.8599998950958	0.42158040404320	-0.86368221044540	73.000000000000	0.0000000000000
2.8640000820160	0.42043915390968	-0.86427831649780	73.000000000000	0.0000000000000
2.8680000305176	0.41930091381073	-0.86487364768982	73.000000000000	0.0000000000000
2.8719999790192	0.41816553473473	-0.86546820402145	73.000000000000	0.0000000000000
2.8759999275208	0.41703277826309	-0.86606228351593	73.000000000000	0.0000000000000
2.8800001144409	0.41590237617493	-0.86665606498718	73.000000000000	0.0000000000000
2.8840000629425	0.41477447748184	-0.86724966764450	73.000000000000	0.0000000000000
2.8880000114441	0.41364854574203	-0.86784338951111	73.000000000000	0.0000000000000
2.8919999599457	0.41252431273460	-0.86843717098236	73.000000000000	0.0000000000000
2.8959999084473	0.41140204668045	-0.86903125047684	73.000000000000	0.0000000000000
2.9000000953674	0.41028106212616	-0.86962574720383	73.000000000000	0.0000000000000
2.9040000438690	0.40916132926941	-0.87022048234940	73.000000000000	0.0000000000000
2.9079999923706	0.40804257988930	-0.87081605195999	73.000000000000	0.0000000000000
2.9119999408722	0.40692484378815	-0.87141215801239	73.000000000000	0.0000000000000
2.9159998893738	0.40580776333809	-0.87200897932053	73.000000000000	0.0000000000000
2.9200000762939	0.40469062328339	-0.87260651588440	73.000000000000	0.0000000000000
2.9240000247955	0.40357407927513	-0.87320470809937	73.000000000000	0.0000000000000
2.9279999732971	0.40245765447617	-0.87380379438400	73.000000000000	0.0000000000000
2.9319999217987	0.40134048461914	-0.87440377473831	73.000000000000	0.0000000000000
2.9360001087189	0.40022328495979	-0.87500441074371	73.000000000000	0.0000000000000
2.9400000572205	0.39910501241684	-0.87560582160950	73.000000000000	0.0000000000000
2.9440000057220	0.39798590540886	-0.87620812654495	73.000000000000	0.0000000000000
2.9479999542236	0.39686599373817	-0.87681096792221	73.000000000000	0.0000000000000
2.9519999027252	0.39574462175369	-0.87741446495056	73.000000000000	0.0000000000000
2.9560000896454	0.39462175965309	-0.87801849842072	73.000000000000	0.0000000000000
2.9600000381470	0.39349731802940	-0.87862300872803	73.000000000000	0.0000000000000
2.9639999866486	0.39237084984779	-0.87922799587250	73.000000000000	0.0000000000000
2.9679999351501	0.39124265313148	-0.87983322143555	73.000000000000	0.0000000000000
2.9719998836517	0.39011180400848	-0.88043874502182	73.000000000000	0.0000000000000
2.9760000705719	0.38897913694382	-0.88104408979416	73.000000000000	0.0000000000000
2.9800000190735	0.38784331083298	-0.88164979219437	73.000000000000	0.0000000000000
2.9839999675751	0.38670542836189	-0.88225483894348	73.000000000000	0.0000000000000
2.9879999160767	0.38556423783302	-0.88285994529724	73.000000000000	0.0000000000000
2.9920001029968	0.38442048430443	-0.88346433639526	73.000000000000	0.0000000000000
2.9960000514984	0.38327407836914	-0.88406795263290	73.000000000000	0.0000000000000
3.0000000000000	0.38212370872498	-0.88467115163803	73.000000000000	0.0000000000000
3.0039999485016	0.38097098469734	-0.88527292013168	73.000000000000	0.0000000000000
3.0079998970032	0.37981411814690	-0.88587391376495	73.000000000000	0.0000000000000
3.0120000839233	0.37865391373634	-0.88647365570068	73.000000000000	0.0000000000000
3.0160000324249	0.37749111652374	-0.88707143068314	73.000000000000	0.0000000000000
3.0199999809265	0.37632396817207	-0.88766795396805	73.000000000000	0.0000000000000
3.0239999294281	0.37515410780907	-0.88826215267181	73.000000000000	0.0000000000000
3.0280001163483	0.37398022413254	-0.88885456323624	73.000000000000	0.0000000000000
3.0320000648499	0.37280264496803	-0.88944470882416	73.000000000000	0.0000000000000
3.0360000133514	0.37162166833878	-0.89003223180771	73.000000000000	0.0000000000000
3.0399999618530	0.37043741345406	-0.89061713218689	73.000000000000	0.0000000000000
3.0439999103546	0.36924922466278	-0.89119929075241	73.000000000000	0.0000000000000
3.0480000972748	0.36805757880211	-0.89177846908569	73.000000000000	0.0000000000000
3.0520000457764	0.36686238646507	-0.89235436916351	73.000000000000	0.0000000000000
3.0559999942780	0.36566361784935	-0.89292705059052	73.000000000000	0.0000000000000
3.0599999427795	0.36446207761765	-0.89349585771561	73.000000000000	0.0000000000000
3.0639998912811	0.36325728893280	-0.89406085014343	73.000000000000	0.0000000000000
3.0680000782013	0.36204880475998	-0.89462220668793	73.000000000000	0.0000000000000
3.0720000267029	0.36083698272705	-0.89517945051193	73.000000000000	0.0000000000000
3.0759999752045	0.35962271690369	-0.89573228359222	73.000000000000	0.0000000000000
3.0799999237061	0.35840505361557	-0.89628082513809	73.000000000000	0.0000000000000
3.0840001106262	0.35718533396721	-0.89682459831238	73.000000000000	0.0000000000000
3.0880000591278	0.35596221685410	-0.89736396074295	73.000000000000	0.0000000000000
3.0920000076294	0.35473695397377	-0.89789831638336	73.000000000000	0.0000000000000
3.0959999561310	0.35350957512856	-0.89842754602432	73.000000000000	0.0000000000000
3.0999999046326	0.35227957367897	-0.89895182847977	73.000000000000	0.0000000000000
3.1040000915527	0.35104706883430	-0.89947110414505	73.000000000000	0.0000000000000
3.1080000400543	0.34981328248978	-0.89998489618301	73.000000000000	0.0000000000000
3.1119999885559	0.34857821464539	-0.90049314498901	73.000000000000	0.0000000000000
3.1159999370575	0.34734106063843	-0.90099602937698	73.000000000000	0.0000000000000
3.1199998855591	0.34610223770142	-0.90149354934692	73.000000000000	0.0000000000000
3.1240000724792	0.34486263990402	-0.90198528766632	73.000000000000	0.0000000000000
3.1280000209808	0.34362223744392	-0.90247124433517	73.000000000000	0.0000000000000
3.1319999694824	0.34238070249557	-0.90295171737671	73.000000000000	0.0000000000000
3.1359999179840	0.34113845229149	-0.90342634916306	73.000000000000	0.0000000000000
3.1400001049042	0.33989593386650	-0.90389525890350	73.000000000000	0.0000000000000
3.1440000534058	0.33865368366241	-0.90435808897018	73.000000000000	0.0000000000000
3.1480000019073	0.33741080760956	-0.90481555461884	73.000000000000	0.0000000000000
3.1519999504089	0.33616870641708	-0.90526694059372	73.000000000000	0.0000000000000
3.1559998989105	0.33492612838745	-0.90571290254593	73.000000000000	0.0000000000000
3.1600000858307	0.33368477225304	-0.90615290403366	73.000000000000	0.0000000000000
3.1640000343323	0.33244433999062	-0.90658718347549	73.000000000000	0.0000000000000
3.1679999828339	0.33120441436768	-0.90701615810394	73.000000000000	0.0000000000000
3.1719999313354	0.32996591925621	-0.90743923187256	73.000000000000	0.0000000000000
3.1760001182556	0.32872894406319	-0.90785694122314	73.000000000000	0.0000000000000
3.1800000667572	0.32749265432358	-0.90826952457428	73.000000000000	0.0000000000000
3.1840000152588	0.32625889778137	-0.90867668390274	73.000000000000	0.0000000000000
3.1879999637604	0.32502678036690	-0.90907853841782	73.000000000000	0.0000000000000
3.1919999122620	0.32379686832428	-0.90947532653809	73.000000000000	0.0000000000000
3.1960000991821	0.32256874442101	-0.90986722707748	73.000000000000	0.0000000000000
3.2000000476837	0.32134342193604	-0.91025424003601	73.000000000000	0.0000000000000
3.2039999961853	0.32012003660202	-0.91063678264618	73.000000000000	0.0000000000000
3.2079999446869	0.31889954209328	-0.91101467609406	73.000000000000	0.0000000000000
3.2119998931885	0.31768247485161	-0.91138797998428	73.000000000000	0.0000000000000
3.2160000801086	0.31646755337715	-0.91175734996796	73.000000000000	0.0000000000000
3.2200000286102	0.31525576114655	-0.91212254762650	73.000000000000	0.0000000000000
3.2239999771118	0.31404712796211	-0.91248399019241	73.000000000000	0.0000000000000
3.2279999256134	0.31284132599831	-0.91284179687500	73.000000000000	0.0000000000000
3.2320001125336	0.31163927912712	-0.91319596767426	73.000000000000	0.0000000000000
3.2360000610352	0.31044062972069	-0.91354686021805	73.000000000000	0.0000000000000
3.2400000095367	0.30924543738365	-0.91389459371567	73.000000000000	0.0000000000000
3.2439999580383	0.30805379152298	-0.91423928737640	73.000000000000	0.0000000000000
3.2479999065399	0.30686482787132	-0.91458171606064	73.000000000000	0.0000000000000
3.2520000934601	0.30568042397499	-0.91492122411728	73.000000000000	0.0000000000000
3.2560000419617	0.30449885129929	-0.91525864601135	73.000000000000	0.0000000000000
3.2599999904633	0.30332151055336	-0.91559380292892	73.000000000000	0.0000000000000
3.2639999389648	0.30214756727219	-0.91592711210251	73.000000000000	0.0000000000000
3.2679998874664	0.30097669363022	-0.91625893115997	73.000000000000	0.0000000000000
3.2720000743866	0.29980972409248	-0.91658902168274	73.000000000000	0.0000000000000
3.2760000228882	0.29864680767059	-0.91691786050797	73.000000000000	0.0000000000000
3.2799999713898	0.29748663306236	-0.91724574565887	73.000000000000	0.0000000000000
3.2839999198914	0.29633012413979	-0.91757261753082	73.000000000000	0.0000000000000
3.2880001068115	0.29517689347267	-0.91789895296097	73.000000000000	0.0000000000000
3.2920000553131	0.29402703046799	-0.91822481155396	73.000000000000	0.0000000000000
3.2960000038147	0.29288008809090	-0.91855037212372	73.000000000000	0.0000000000000
3.2999999523163	0.29173654317856	-0.91887575387955	73.000000000000	0.0000000000000
3.3039999008179	0.29059556126595	-0.91920131444931	73.000000000000	0.0000000000000
3.3080000877380	0.28945806622505	-0.91952687501907	73.000000000000	0.0000000000000
3.3120000362396	0.28832277655602	-0.91985321044922	73.000000000000	0.0000000000000
3.3159999847412	0.28719007968903	-0.92017990350723	73.000000000000	0.0000000000000
3.3199999332428	0.28606012463570	-0.92050731182098	73.000000000000	0.0000000000000
3.3239998817444	0.28493195772171	-0.92083573341370	73.000000000000	0.0000000000000
3.3280000686646	0.28380650281906	-0.92116504907608	73.000000000000	0.0000000000000
3.3320000171661	0.28268247842789	-0.92149567604065	73.000000000000	0.0000000000000
3.3359999656677	0.28156030178070	-0.92182749509811	73.000000000000	0.0000000000000
3.3399999141693	0.28043994307518	-0.92216062545776	73.000000000000	0.0000000000000
3.3440001010895	0.27932104468346	-0.92249518632889	73.000000000000	0.0000000000000
3.3480000495911	0.27820312976837	-0.92283135652542	73.000000000000	0.0000000000000
3.3519999980927	0.27708661556244	-0.92316919565201	73.000000000000	0.0000000000000
3.3559999465942	0.27597022056580	-0.92350882291794	73.000000000000	0.0000000000000
3.3599998950958	0.27485474944115	-0.92385011911392	73.000000000000	0.0000000000000
3.3640000820160	0.27373978495598	-0.92419320344925	73.000000000000	0.0000000000000
3.3680000305176	0.27262443304062	-0.92453831434250	73.000000000000	0.0000000000000
3.3719999790192	0.27150952816010	-0.92488521337509	73.000000000000	0.0000000000000
3.3759999275208	0.27039420604706	-0.92523396015167	73.000000000000	0.0000000000000
3.3800001144409	0.26927843689919	-0.92558455467224	73.000000000000	0.0000000000000
3.3840000629425	0.26816168427467	-0.92593717575073	73.000000000000	0.0000000000000
3.3880000114441	0.26704442501068	-0.92629158496857	73.000000000000	0.0000000000000
3.3919999599457	0.26592576503754	-0.92664772272110	73.000000000000	0.0000000000000
3.3959999084473	0.26480555534363	-0.92700582742691	73.000000000000	0.0000000000000
3.4000000953674	0.26368385553360	-0.92736548185349	73.000000000000	0.0000000000000
3.4040000438690	0.26256036758423	-0.92772692441940	73.000000000000	0.0000000000000
3.4079999923706	0.26143482327461	-0.92808991670609	73.000000000000	0.0000000000000
3.4119999408722	0.26030698418617	-0.92845439910889	73.000000000000	0.0000000000000
3.4159998893738	0.25917655229568	-0.92882019281387	73.000000000000	0.0000000000000
3.4200000762939	0.25804388523102	-0.92918729782104	73.000000000000	0.0000000000000
3.4240000247955	0.25690814852715	-0.92955547571182	73.000000000000	0.0000000000000
3.4279999732971	0.25576961040497	-0.92992460727692	73.000000000000	0.0000000000000
3.4319999217987	0.25462740659714	-0.93029463291168	73.000000000000	0.0000000000000
3.4360001087189	0.25348237156868	-0.93066543340683	73.000000000000	0.0000000000000
3.4400000572205	0.25233355164528	-0.93103682994843	73.000000000000	0.0000000000000
3.4440000057220	0.25118082761765	-0.93140852451324	73.000000000000	0.0000000000000
3.4479999542236	0.25002470612526	-0.93178027868271	73.000000000000	0.0000000000000
3.4519999027252	0.24886412918568	-0.93215221166611	73.000000000000	0.0000000000000
3.4560000896454	0.24769999086857	-0.93252378702164	73.000000000000	0.0000000000000
3.4600000381470	0.24653106927872	-0.93289506435394	73.000000000000	0.0000000000000
3.4639999866486	0.24535806477070	-0.93326574563980	73.000000000000	0.0000000000000
3.4679999351501	0.24418060481548	-0.93363553285599	73.000000000000	0.0000000000000
3.4719998836517	0.24299888312817	-0.93400436639786	73.000000000000	0.0000000000000
3.4760000705719	0.24181218445301	-0.93437170982361	73.000000000000	0.0000000000000
3.4800000190735	0.24062114953995	-0.93473762273788	73.000000000000	0.0000000000000
3.4839999675751	0.23942500352859	-0.93510180711746	73.000000000000	0.0000000000000
3.4879999160767	0.23822438716888	-0.93546402454376	73.000000000000	0.0000000000000
3.4920001029968	0.23701879382133	-0.93582409620285	73.000000000000	0.0000000000000
3.4960000514984	0.23580865561962	-0.93618166446686	73.000000000000	0.0000000000000
3.5000000000000	0.23459340631962	-0.93653649091721	73.000000000000	0.0000000000000
3.5039999485016	0.23337349295616	-0.93688839673996	73.000000000000	0.0000000000000
3.5079998970032	0.23214887082577	-0.93723702430725	73.000000000000	0.0000000000000
3.5120000839233	0.23091949522495	-0.93758225440979	73.000000000000	0.0000000000000
3.5160000324249	0.22968529164791	-0.93792378902435	73.000000000000	0.0000000000000
3.5199999809265	0.22844670712948	-0.93826144933701	73.000000000000	0.0000000000000
3.5239999294281	0.22720326483250	-0.93859481811523	73.000000000000	0.0000000000000
3.5280001163483	0.22595535218716	-0.93892389535904	73.000000000000	0.0000000000000
3.5320000648499	0.22470292448997	-0.93924832344055	73.000000000000	0.0000000000000
3.5360000133514	0.22344644367695	-0.93956792354584	73.000000000000	0.0000000000000
3.5399999618530	0.22218564152718	-0.93988245725632	73.000000000000	0.0000000000000
3.5439999103546	0.22092069685459	-0.94019162654877	73.000000000000	0.0000000000000
3.5480000972748	0.21965184807777	-0.94049531221390	73.000000000000	0.0000000000000
3.5520000457764	0.21837927401066	-0.94079327583313	73.000000000000	0.0000000000000
3.5559999942780	0.21710298955441	-0.94108539819717	73.000000000000	0.0000000000000
3.5599999427795	0.21582341194153	-0.94137144088745	73.000000000000	0.0000000000000
3.5639998912811	0.21454052627087	-0.94165116548538	73.000000000000	0.0000000000000
3.5680000782013	0.21325434744358	-0.94192451238632	73.000000000000	0.0000000000000
3.5720000267029	0.21196532249451	-0.94219124317169	73.000000000000	0.0000000000000
3.5759999752045	0.21067386865616	-0.94245111942291	73.000000000000	0.0000000000000
3.5799999237061	0.20937956869602	-0.94270414113998	73.000000000000	0.0000000000000
3.5840001106262	0.20808334648609	-0.94295018911362	73.000000000000	0.0000000000000
3.5880000591278	0.20678472518921	-0.94318902492523	73.000000000000	0.0000000000000
3.5920000076294	0.20548418164253	-0.94342058897018	73.000000000000	0.0000000000000
3.5959999561310	0.20418217778206	-0.94364488124847	73.000000000000	0.0000000000000
3.5999999046326	0.20287896692753	-0.94386172294617	73.000000000000	0.0000000000000
3.6040000915527	0.20157454907894	-0.94407099485397	73.000000000000	0.0000000000000
3.6080000400543	0.20026941597462	-0.94427269697189	73.000000000000	0.0000000000000
3.6119999885559	0.19896335899830	-0.94446676969528	73.000000000000	0.0000000000000
3.6159999370575	0.19765709340572	-0.94465321302414	73.000000000000	0.0000000000000
3.6199998855591	0.19635064899921	-0.94483184814453	73.000000000000	0.0000000000000
3.6240000724792	0.19504448771477	-0.94500279426575	73.000000000000	0.0000000000000
3.6280000209808	0.19373844563961	-0.94516611099243	73.000000000000	0.0000000000000
3.6319999694824	0.19243320822716	-0.94532155990601	73.000000000000	0.0000000000000
3.6359999179840	0.19112883508205	-0.94546943902969	73.000000000000	0.0000000000000
3.6400001049042	0.18982559442520	-0.94560962915421	73.000000000000	0.0000000000000
3.6440000534058	0.18852372467518	-0.94574224948883	73.000000000000	0.0000000000000
3.6480000019073	0.18722331523895	-0.94586730003357	73.000000000000	0.0000000000000
3.6519999504089	0.18592506647110	-0.94598495960236	73.000000000000	0.0000000000000
3.6559998989105	0.18462900817394	-0.94609510898590	73.000000000000	0.0000000000000
3.6600000858307	0.18333497643471	-0.94619810581207	73.000000000000	0.0000000000000
3.6640000343323	0.18204347789288	-0.94629389047623	73.000000000000	0.0000000000000
3.6679999828339	0.18075500428677	-0.94638264179230	73.000000000000	0.0000000000000
3.6719999313354	0.17946937680244	-0.94646441936493	73.000000000000	0.0000000000000
3.6760001182556	0.17818710207939	-0.94653946161270	73.000000000000	0.0000000000000
3.6800000667572	0.17690798640251	-0.94660770893097	73.000000000000	0.0000000000000
3.6840000152588	0.17563258111477	-0.94666963815689	73.000000000000	0.0000000000000
3.6879999637604	0.17436088621616	-0.94672513008118	73.000000000000	0.0000000000000
3.6919999122620	0.17309322953224	-0.94677466154099	73.000000000000	0.0000000000000
3.6960000991821	0.17182935774326	-0.94681811332703	73.000000000000	0.0000000000000
3.7000000476837	0.17057009041309	-0.94685584306717	73.000000000000	0.0000000000000
3.7039999961853	0.16931496560574	-0.94688802957535	73.000000000000	0.0000000000000
3.7079999446869	0.16806474328041	-0.94691473245621	73.000000000000	0.0000000000000
3.7119998931885	0.16681878268719	-0.94693636894226	73.000000000000	0.0000000000000
3.7160000801086	0.16557757556438	-0.94695305824280	73.000000000000	0.0000000000000
3.7200000286102	0.16434140503407	-0.94696521759033	73.000000000000	0.0000000000000
3.7239999771118	0.16311009228230	-0.94697260856628	73.000000000000	0.0000000000000
3.7279999256134	0.16188392043114	-0.94697588682175	73.000000000000	0.0000000000000
3.7320001125336	0.16066245734692	-0.94697517156601	73.000000000000	0.0000000000000
3.7360000610352	0.15944643318653	-0.94697052240372	73.000000000000	0.0000000000000
3.7400000095367	0.15823523700237	-0.94696247577667	73.000000000000	0.0000000000000
3.7439999580383	0.15702956914902	-0.94695097208023	73.000000000000	0.0000000000000
3.7479999065399	0.15582856535912	-0.94693648815155	73.000000000000	0.0000000000000
3.7520000934601	0.15463317930698	-0.94691908359528	73.000000000000	0.0000000000000
3.7560000419617	0.15344251692295	-0.94689917564392	73.000000000000	0.0000000000000
3.7599999904633	0.15225730836391	-0.94687676429749	73.000000000000	0.0000000000000
3.7639999389648	0.15107692778111	-0.94685226678848	73.000000000000	0.0000000000000
3.7679998874664	0.14990182220936	-0.94682574272156	73.000000000000	0.0000000000000
3.7720000743866	0.14873158931732	-0.94679760932922	73.000000000000	0.0000000000000
3.7760000228882	0.14756605029106	-0.94676792621613	73.000000000000	0.0000000000000
3.7799999713898	0.14640541374683	-0.94673699140549	73.000000000000	0.0000000000000
3.7839999198914	0.14524927735329	-0.94670492410660	73.000000000000	0.0000000000000
3.7880001068115	0.14409813284874	-0.94667202234268	73.000000000000	0.0000000000000
3.7920000553131	0.14295105636120	-0.94663834571838	73.000000000000	0.0000000000000
3.7960000038147	0.14180855453014	-0.94660419225693	73.000000000000	0.0000000000000
3.7999999523163	0.14067016541958	-0.94656980037689	73.000000000000	0.0000000000000
3.8039999008179	0.13953547179699	-0.94653522968292	73.000000000000	0.0000000000000
3.8080000877380	0.13840493559837	-0.94650053977966	73.000000000000	0.0000000000000
3.8120000362396	0.13727785646915	-0.94646602869034	73.000000000000	0.0000000000000
3.8159999847412	0.13615453243256	-0.94643181562424	73.000000000000	0.0000000000000
3.8199999332428	0.13503424823284	-0.94639807939529	73.000000000000	0.0000000000000
3.8239998817444	0.13391724228859	-0.94636476039886	73.000000000000	0.0000000000000
3.8280000686646	0.13280306756496	-0.94633215665817	73.000000000000	0.0000000000000
3.8320000171661	0.13169170916080	-0.94630014896393	73.000000000000	0.0000000000000
3.8359999656677	0.13058273494244	-0.94626903533936	73.000000000000	0.0000000000000
3.8399999141693	0.12947614490986	-0.94623875617981	73.000000000000	0.0000000000000
3.8440001010895	0.12837193906307	-0.94620943069458	73.000000000000	0.0000000000000
3.8480000495911	0.12726917862892	-0.94618105888367	73.000000000000	0.0000000000000
3.8519999980927	0.12616810202599	-0.94615364074707	73.000000000000	0.0000000000000
3.8559999465942	0.12506847083569	-0.94612717628479	73.000000000000	0.0000000000000
3.8599998950958	0.12397006154060	-0.94610184431076	73.000000000000	0.0000000000000
3.8640000820160	0.12287262827158	-0.94607746601105	73.000000000000	0.0000000000000
3.8680000305176	0.12177591770887	-0.94605404138565	73.000000000000	0.0000000000000
3.8719999790192	0.12067970633507	-0.94603157043457	73.000000000000	0.0000000000000
3.8759999275208	0.11958375573158	-0.94600999355316	73.000000000000	0.0000000000000
3.8800001144409	0.11848780512810	-0.94598931074142	73.000000000000	0.0000000000000
3.8840000629425	0.11739186197519	-0.94596934318542	73.000000000000	0.0000000000000
3.8880000114441	0.11629541963339	-0.94594985246658	73.000000000000	0.0000000000000
3.8919999599457	0.11519850045443	-0.94593119621277	73.000000000000	0.0000000000000
3.8959999084473	0.11410059779882	-0.94591283798218	73.000000000000	0.0000000000000
3.9000000953674	0.11300216615200	-0.94589489698410	73.000000000000	0.0000000000000
3.9040000438690	0.11190225929022	-0.94587695598602	73.000000000000	0.0000000000000
3.9079999923706	0.11080133169889	-0.94585925340652	73.000000000000	0.0000000000000
3.9119999408722	0.10969844460487	-0.94584137201309	73.000000000000	0.0000000000000
3.9159998893738	0.10859403014183	-0.94582301378250	73.000000000000	0.0000000000000
3.9200000762939	0.10748805850744	-0.94580435752869	73.000000000000	0.0000000000000
3.9240000247955	0.10638006031513	-0.94578498601913	73.000000000000	0.0000000000000
3.9279999732971	0.10526956617832	-0.94576478004456	73.000000000000	0.0000000000000
3.9319999217987	0.10415744781494	-0.94574338197708	73.000000000000	0.0000000000000
3.9360001087189	0.10304234176874	-0.94572085142136	73.000000000000	0.0000000000000
3.9400000572205	0.10192534327507	-0.94569665193558	73.000000000000	0.0000000000000
3.9440000057220	0.10080575942993	-0.94567072391510	73.000000000000	0.0000000000000
3.9479999542236	0.099683351814747	-0.94564294815063	73.000000000000	0.0000000000000
3.9519999027252	0.098558306694031	-0.94561278820038	73.000000000000	0.0000000000000
3.9560000896454	0.097430616617203	-0.94558012485504	73.000000000000	0.0000000000000
3.9600000381470	0.096300266683102	-0.94554471969604	73.000000000000	0.0000000000000
3.9639999866486	0.095166787505150	-0.94550645351410	73.000000000000	0.0000000000000
3.9679999351501	0.094030842185020	-0.94546484947205	73.000000000000	0.0000000000000
3.9719998836517	0.092892184853554	-0.94541978836060	73.000000000000	0.0000000000000
3.9760000705719	0.091750577092171	-0.94537091255188	73.000000000000	0.0000000000000
3.9800000190735	0.090606458485126	-0.94531804323196	73.000000000000	0.0000000000000
3.9839999675751	0.089459590613842	-0.94526070356369	73.000000000000	0.0000000000000
3.9879999160767	0.088309980928898	-0.94519907236099	73.000000000000	0.0000000000000
3.9920001029968	0.087158031761646	-0.94513243436813	73.000000000000	0.0000000000000
3.9960000514984	0.086003571748734	-0.94506078958511	73.000000000000	0.0000000000000
4.0000000000000	0.084846764802933	-0.94498389959335	73.000000000000	0.0000000000000
