#Parameters = {D=30; L=50}
#"Frequency / GHz"	"S1,1 (D=30) [Re]"	"S1,1 (D=30) [Im]"	"Ref.Imp. [Re]"	"Ref.Imp. [Im]"
#---------------------------------------------------------------------------------------
0.0000000000000	0.99957925081253	-0.0000000000000	73.000000000000	0.0000000000000
0.0040000001899898	0.99957817792892	-0.0017818112391979	73.000000000000	0.0000000000000
0.0080000003799796	0.99957513809204	-0.0035637086257339	73.000000000000	0.0000000000000
0.012000000104308	0.99957019090652	-0.0053457776084542	73.000000000000	0.0000000000000
0.016000000759959	0.99956309795380	-0.0071281031705439	73.000000000000	0.0000000000000
0.019999999552965	0.99955391883850	-0.0089107677340508	73.000000000000	0.0000000000000
0.024000000208616	0.99954271316528	-0.010693852789700	73.000000000000	0.0000000000000
0.028000000864267	0.99952924251556	-0.012477437034249	73.000000000000	0.0000000000000
0.032000001519918	0.99951374530792	-0.014261594973505	73.000000000000	0.0000000000000
0.035999998450279	0.99949598312378	-0.016046397387981	73.000000000000	0.0000000000000
0.039999999105930	0.99947583675385	-0.017831912264228	73.000000000000	0.0000000000000
0.043999999761581	0.99945348501205	-0.019618203863502	73.000000000000	0.0000000000000
0.048000000417233	0.99942862987518	-0.021405328065157	73.000000000000	0.0000000000000
0.052000001072884	0.99940127134323	-0.023193340748549	73.000000000000	0.0000000000000
0.056000001728535	0.99937146902084	-0.024982288479805	73.000000000000	0.0000000000000
0.059999998658895	0.99933886528015	-0.026772212237120	73.000000000000	0.0000000000000
0.064000003039837	0.99930369853973	-0.028563145548105	73.000000000000	0.0000000000000
0.068000003695488	0.99926567077637	-0.030355120077729	73.000000000000	0.0000000000000
0.071999996900558	0.99922472238541	-0.032148160040379	73.000000000000	0.0000000000000
0.075999997556210	0.99918073415756	-0.033942274749279	73.000000000000	0.0000000000000
0.079999998211861	0.99913370609283	-0.035737473517656	73.000000000000	0.0000000000000
0.083999998867512	0.99908363819122	-0.037533767521381	73.000000000000	0.0000000000000
0.087999999523163	0.99903017282486	-0.039331138134003	73.000000000000	0.0000000000000
0.092000000178814	0.99897330999374	-0.041129585355520	73.000000000000	0.0000000000000
0.096000000834465	0.99891316890717	-0.042929083108902	73.000000000000	0.0000000000000
0.10000000149012	0.99884927272797	-0.044729597866535	73.000000000000	0.0000000000000
0.10400000214577	0.99878180027008	-0.046531099826097	73.000000000000	0.0000000000000
0.10800000280142	0.99871063232422	-0.048333559185266	73.000000000000	0.0000000000000
0.11200000345707	0.99863570928574	-0.050136920064688	73.000000000000	0.0000000000000
0.11599999666214	0.99855685234070	-0.051941126585007	73.000000000000	0.0000000000000
0.11999999731779	0.99847418069839	-0.053746126592159	73.000000000000	0.0000000000000
0.12399999797344	0.99838721752167	-0.055551853030920	73.000000000000	0.0000000000000
0.12800000607967	0.99829638004303	-0.057358227670193	73.000000000000	0.0000000000000
0.13199999928474	0.99820125102997	-0.059165190905333	73.000000000000	0.0000000000000
0.13600000739098	0.99810189008713	-0.060972649604082	73.000000000000	0.0000000000000
0.14000000059605	0.99799829721451	-0.062780521810055	73.000000000000	0.0000000000000
0.14399999380112	0.99789041280746	-0.064588725566864	73.000000000000	0.0000000000000
0.14800000190735	0.99777805805206	-0.066397145390511	73.000000000000	0.0000000000000
0.15199999511242	0.99766141176224	-0.068205729126930	73.000000000000	0.0000000000000
0.15600000321865	0.99754023551941	-0.070014335215092	73.000000000000	0.0000000000000
0.15999999642372	0.99741476774216	-0.071822896599770	73.000000000000	0.0000000000000
0.16400000452995	0.99728477001190	-0.073631294071674	73.000000000000	0.0000000000000
0.16799999773502	0.99715030193329	-0.075439445674419	73.000000000000	0.0000000000000
0.17200000584126	0.99701136350632	-0.077247224748135	73.000000000000	0.0000000000000
0.17599999904633	0.99686801433563	-0.079054549336433	73.000000000000	0.0000000000000
0.18000000715256	0.99672013521194	-0.080861322581768	73.000000000000	0.0000000000000
0.18400000035763	0.99656790494919	-0.082667417824268	73.000000000000	0.0000000000000
0.18799999356270	0.99641138315201	-0.084472782909870	73.000000000000	0.0000000000000
0.19200000166893	0.99625045061111	-0.086277276277542	73.000000000000	0.0000000000000
0.19599999487400	0.99608516693115	-0.088080838322639	73.000000000000	0.0000000000000
0.20000000298023	0.99591559171677	-0.089883364737034	73.000000000000	0.0000000000000
0.20399999618530	0.99574178457260	-0.091684773564339	73.000000000000	0.0000000000000
0.20800000429153	0.99556398391724	-0.093484990298748	73.000000000000	0.0000000000000
0.21199999749660	0.99538213014603	-0.095283932983875	73.000000000000	0.0000000000000
0.21600000560284	0.99519610404968	-0.097081534564495	73.000000000000	0.0000000000000
0.21999999880791	0.99500644207001	-0.098877742886543	73.000000000000	0.0000000000000
0.22400000691414	0.99481254816055	-0.10067246854305	73.000000000000	0.0000000000000
0.22800000011921	0.99461525678635	-0.10246570408344	73.000000000000	0.0000000000000
0.23199999332428	0.99441397190094	-0.10425736010075	73.000000000000	0.0000000000000
0.23600000143051	0.99420946836472	-0.10604742914438	73.000000000000	0.0000000000000
0.23999999463558	0.99400120973587	-0.10783584415913	73.000000000000	0.0000000000000
0.24400000274181	0.99378961324692	-0.10962262004614	73.000000000000	0.0000000000000
0.24799999594688	0.99357485771179	-0.11140771210194	73.000000000000	0.0000000000000
0.25200000405312	0.99335670471191	-0.11319110542536	73.000000000000	0.0000000000000
0.25600001215935	0.99313569068909	-0.11497282981873	73.000000000000	0.0000000000000
0.25999999046326	0.99291157722473	-0.11675284802914	73.000000000000	0.0000000000000
0.26399999856949	0.99268436431885	-0.11853118240833	73.000000000000	0.0000000000000
0.26800000667572	0.99245458841324	-0.12030787765980	73.000000000000	0.0000000000000
0.27200001478195	0.99222201108932	-0.12208292633295	73.000000000000	0.0000000000000
0.27599999308586	0.99198675155640	-0.12385638803244	73.000000000000	0.0000000000000
0.28000000119209	0.99174892902374	-0.12562829256058	73.000000000000	0.0000000000000
0.28400000929832	0.99150878190994	-0.12739863991737	73.000000000000	0.0000000000000
0.28799998760223	0.99126625061035	-0.12916754186153	73.000000000000	0.0000000000000
0.29199999570847	0.99102121591568	-0.13093505799770	73.000000000000	0.0000000000000
0.29600000381470	0.99077409505844	-0.13270121812820	73.000000000000	0.0000000000000
0.30000001192093	0.99052476882935	-0.13446608185768	73.000000000000	0.0000000000000
0.30399999022484	0.99027341604233	-0.13622975349426	73.000000000000	0.0000000000000
0.30799999833107	0.99001985788345	-0.13799227774143	73.000000000000	0.0000000000000
0.31200000643730	0.98976433277130	-0.13975377380848	73.000000000000	0.0000000000000
0.31600001454353	0.98950690031052	-0.14151431620121	73.000000000000	0.0000000000000
0.31999999284744	0.98924744129181	-0.14327396452427	73.000000000000	0.0000000000000
0.32400000095367	0.98898601531982	-0.14503282308578	73.000000000000	0.0000000000000
0.32800000905991	0.98872280120850	-0.14679099619389	73.000000000000	0.0000000000000
0.33199998736382	0.98845756053925	-0.14854854345322	73.000000000000	0.0000000000000
0.33599999547005	0.98819065093994	-0.15030556917191	73.000000000000	0.0000000000000
0.34000000357628	0.98792165517807	-0.15206219255924	73.000000000000	0.0000000000000
0.34400001168251	0.98765075206757	-0.15381845831871	73.000000000000	0.0000000000000
0.34799998998642	0.98737800121307	-0.15557450056076	73.000000000000	0.0000000000000
0.35199999809265	0.98710322380066	-0.15733039379120	73.000000000000	0.0000000000000
0.35600000619888	0.98682653903961	-0.15908621251583	73.000000000000	0.0000000000000
0.36000001430511	0.98654776811600	-0.16084204614162	73.000000000000	0.0000000000000
0.36399999260902	0.98626697063446	-0.16259796917439	73.000000000000	0.0000000000000
0.36800000071526	0.98598396778107	-0.16435407102108	73.000000000000	0.0000000000000
0.37200000882149	0.98569887876511	-0.16611044108868	73.000000000000	0.0000000000000
0.37599998712540	0.98541146516800	-0.16786710917950	73.000000000000	0.0000000000000
0.37999999523163	0.98512172698975	-0.16962417960167	73.000000000000	0.0000000000000
0.38400000333786	0.98482960462570	-0.17138163745403	73.000000000000	0.0000000000000
0.38800001144409	0.98453497886658	-0.17313961684704	73.000000000000	0.0000000000000
0.39199998974800	0.98423784971237	-0.17489811778069	73.000000000000	0.0000000000000
0.39599999785423	0.98393797874451	-0.17665718495846	73.000000000000	0.0000000000000
0.40000000596046	0.98363536596298	-0.17841684818268	73.000000000000	0.0000000000000
0.40400001406670	0.98332983255386	-0.18017713725567	73.000000000000	0.0000000000000
0.40799999237061	0.98302149772644	-0.18193806707859	73.000000000000	0.0000000000000
0.41200000047684	0.98271006345749	-0.18369963765144	73.000000000000	0.0000000000000
0.41600000858307	0.98239547014236	-0.18546184897423	73.000000000000	0.0000000000000
0.41999998688698	0.98207759857178	-0.18722473084927	73.000000000000	0.0000000000000
0.42399999499321	0.98175644874573	-0.18898822367191	73.000000000000	0.0000000000000
0.42800000309944	0.98143178224564	-0.19075232744217	73.000000000000	0.0000000000000
0.43200001120567	0.98110359907150	-0.19251698255539	73.000000000000	0.0000000000000
0.43599998950958	0.98077178001404	-0.19428220391273	73.000000000000	0.0000000000000
0.43999999761581	0.98043614625931	-0.19604791700840	73.000000000000	0.0000000000000
0.44400000572205	0.98009669780731	-0.19781404733658	73.000000000000	0.0000000000000
0.44800001382828	0.97975337505341	-0.19958057999611	73.000000000000	0.0000000000000
0.45199999213219	0.97940605878830	-0.20134744048119	73.000000000000	0.0000000000000
0.45600000023842	0.97905457019806	-0.20311453938484	73.000000000000	0.0000000000000
0.46000000834465	0.97869902849197	-0.20488178730011	73.000000000000	0.0000000000000
0.46399998664856	0.97833931446075	-0.20664916932583	73.000000000000	0.0000000000000
0.46799999475479	0.97797518968582	-0.20841649174690	73.000000000000	0.0000000000000
0.47200000286102	0.97760677337646	-0.21018375456333	73.000000000000	0.0000000000000
0.47600001096725	0.97723382711411	-0.21195079386234	73.000000000000	0.0000000000000
0.47999998927116	0.97685664892197	-0.21371757984161	73.000000000000	0.0000000000000
0.48399999737740	0.97647488117218	-0.21548391878605	73.000000000000	0.0000000000000
0.48800000548363	0.97608852386475	-0.21724975109100	73.000000000000	0.0000000000000
0.49200001358986	0.97569781541824	-0.21901500225067	73.000000000000	0.0000000000000
0.49599999189377	0.97530263662338	-0.22077950835228	73.000000000000	0.0000000000000
0.50000000000000	0.97490262985229	-0.22254312038422	73.000000000000	0.0000000000000
0.50400000810623	0.97449821233749	-0.22430583834648	73.000000000000	0.0000000000000
0.50800001621246	0.97408932447433	-0.22606746852398	73.000000000000	0.0000000000000
0.51200002431870	0.97367590665817	-0.22782790660858	73.000000000000	0.0000000000000
0.51599997282028	0.97325807809830	-0.22958709299564	73.000000000000	0.0000000000000
0.51999998092651	0.97283571958542	-0.23134484887123	73.000000000000	0.0000000000000
0.52399998903275	0.97240900993347	-0.23310108482838	73.000000000000	0.0000000000000
0.52799999713898	0.97197782993317	-0.23485574126244	73.000000000000	0.0000000000000
0.53200000524521	0.97154253721237	-0.23660871386528	73.000000000000	0.0000000000000
0.53600001335144	0.97110289335251	-0.23835985362530	73.000000000000	0.0000000000000
0.54000002145767	0.97065913677216	-0.24010914564133	73.000000000000	0.0000000000000
0.54400002956390	0.97021132707596	-0.24185642600060	73.000000000000	0.0000000000000
0.54799997806549	0.96975940465927	-0.24360166490078	73.000000000000	0.0000000000000
0.55199998617172	0.96930372714996	-0.24534478783607	73.000000000000	0.0000000000000
0.55599999427795	0.96884417533875	-0.24708575010300	73.000000000000	0.0000000000000
0.56000000238419	0.96838098764420	-0.24882446229458	73.000000000000	0.0000000000000
0.56400001049042	0.96791404485703	-0.25056087970734	73.000000000000	0.0000000000000
0.56800001859665	0.96744370460510	-0.25229495763779	73.000000000000	0.0000000000000
0.57200002670288	0.96696990728378	-0.25402665138245	73.000000000000	0.0000000000000
0.57599997520447	0.96649283170700	-0.25575596094131	73.000000000000	0.0000000000000
0.57999998331070	0.96601259708405	-0.25748285651207	73.000000000000	0.0000000000000
0.58399999141693	0.96552932262421	-0.25920730829239	73.000000000000	0.0000000000000
0.58799999952316	0.96504306793213	-0.26092934608459	73.000000000000	0.0000000000000
0.59200000762939	0.96455389261246	-0.26264896988869	73.000000000000	0.0000000000000
0.59600001573563	0.96406209468842	-0.26436617970467	73.000000000000	0.0000000000000
0.60000002384186	0.96356755495071	-0.26608100533485	73.000000000000	0.0000000000000
0.60399997234344	0.96307069063187	-0.26779350638390	73.000000000000	0.0000000000000
0.60799998044968	0.96257132291794	-0.26950368285179	73.000000000000	0.0000000000000
0.61199998855591	0.96206974983215	-0.27121162414551	73.000000000000	0.0000000000000
0.61599999666214	0.96156573295593	-0.27291727066040	73.000000000000	0.0000000000000
0.62000000476837	0.96105980873108	-0.27462080121040	73.000000000000	0.0000000000000
0.62400001287460	0.96055185794830	-0.27632233500481	73.000000000000	0.0000000000000
0.62800002098083	0.96004182100296	-0.27802178263664	73.000000000000	0.0000000000000
0.63200002908707	0.95952993631363	-0.27971932291985	73.000000000000	0.0000000000000
0.63599997758865	0.95901632308960	-0.28141501545906	73.000000000000	0.0000000000000
0.63999998569489	0.95850098133087	-0.28310900926590	73.000000000000	0.0000000000000
0.64399999380112	0.95798385143280	-0.28480136394501	73.000000000000	0.0000000000000
0.64800000190735	0.95746511220932	-0.28649213910103	73.000000000000	0.0000000000000
0.65200001001358	0.95694482326508	-0.28818151354790	73.000000000000	0.0000000000000
0.65600001811981	0.95642292499542	-0.28986954689026	73.000000000000	0.0000000000000
0.66000002622604	0.95589941740036	-0.29155638813972	73.000000000000	0.0000000000000
0.66399997472763	0.95537453889847	-0.29324203729630	73.000000000000	0.0000000000000
0.66799998283386	0.95484793186188	-0.29492673277855	73.000000000000	0.0000000000000
0.67199999094009	0.95431977510452	-0.29661056399345	73.000000000000	0.0000000000000
0.67599999904633	0.95379006862640	-0.29829356074333	73.000000000000	0.0000000000000
0.68000000715256	0.95325887203217	-0.29997593164444	73.000000000000	0.0000000000000
0.68400001525879	0.95272606611252	-0.30165776610374	73.000000000000	0.0000000000000
0.68800002336502	0.95219159126282	-0.30333915352821	73.000000000000	0.0000000000000
0.69199997186661	0.95165538787842	-0.30502015352249	73.000000000000	0.0000000000000
0.69599997997284	0.95111745595932	-0.30670088529587	73.000000000000	0.0000000000000
0.69999998807907	0.95057761669159	-0.30838146805763	73.000000000000	0.0000000000000
0.70399999618530	0.95003592967987	-0.31006199121475	73.000000000000	0.0000000000000
0.70800000429153	0.94949221611023	-0.31174251437187	73.000000000000	0.0000000000000
0.71200001239777	0.94894653558731	-0.31342315673828	73.000000000000	0.0000000000000
0.71600002050400	0.94839853048325	-0.31510394811630	73.000000000000	0.0000000000000
0.72000002861023	0.94784837961197	-0.31678494811058	73.000000000000	0.0000000000000
0.72399997711182	0.94729584455490	-0.31846627593040	73.000000000000	0.0000000000000
0.72799998521805	0.94674086570740	-0.32014787197113	73.000000000000	0.0000000000000
0.73199999332428	0.94618326425552	-0.32182988524437	73.000000000000	0.0000000000000
0.73600000143051	0.94562292098999	-0.32351225614548	73.000000000000	0.0000000000000
0.74000000953674	0.94505977630615	-0.32519507408142	73.000000000000	0.0000000000000
0.74400001764297	0.94449371099472	-0.32687833905220	73.000000000000	0.0000000000000
0.74800002574921	0.94392448663712	-0.32856202125549	73.000000000000	0.0000000000000
0.75199997425079	0.94335222244263	-0.33024609088898	73.000000000000	0.0000000000000
0.75599998235703	0.94277656078339	-0.33193063735962	73.000000000000	0.0000000000000
0.75999999046326	0.94219738245010	-0.33361557126045	73.000000000000	0.0000000000000
0.76399999856949	0.94161486625671	-0.33530083298683	73.000000000000	0.0000000000000
0.76800000667572	0.94102841615677	-0.33698645234108	73.000000000000	0.0000000000000
0.77200001478195	0.94043821096420	-0.33867228031158	73.000000000000	0.0000000000000
0.77600002288818	0.93984425067902	-0.34035834670067	73.000000000000	0.0000000000000
0.77999997138977	0.93924611806870	-0.34204450249672	73.000000000000	0.0000000000000
0.78399997949600	0.93864387273788	-0.34373071789742	73.000000000000	0.0000000000000
0.78799998760223	0.93803739547729	-0.34541687369347	73.000000000000	0.0000000000000
0.79199999570847	0.93742668628693	-0.34710294008255	73.000000000000	0.0000000000000
0.79600000381470	0.93681138753891	-0.34878870844841	73.000000000000	0.0000000000000
0.80000001192093	0.93619185686111	-0.35047417879105	73.000000000000	0.0000000000000
0.80400002002716	0.93556767702103	-0.35215920209885	73.000000000000	0.0000000000000
0.80800002813339	0.93493884801865	-0.35384359955788	73.000000000000	0.0000000000000
0.81199997663498	0.93430531024933	-0.35552728176117	73.000000000000	0.0000000000000
0.81599998474121	0.93366712331772	-0.35721021890640	73.000000000000	0.0000000000000
0.81999999284744	0.93302410840988	-0.35889211297035	73.000000000000	0.0000000000000
0.82400000095367	0.93237644433975	-0.36057293415070	73.000000000000	0.0000000000000
0.82800000905991	0.93172389268875	-0.36225250363350	73.000000000000	0.0000000000000
0.83200001716614	0.93106645345688	-0.36393073201180	73.000000000000	0.0000000000000
0.83600002527237	0.93040436506271	-0.36560735106468	73.000000000000	0.0000000000000
0.83999997377396	0.92973732948303	-0.36728239059448	73.000000000000	0.0000000000000
0.84399998188019	0.92906570434570	-0.36895561218262	73.000000000000	0.0000000000000
0.84799998998642	0.92838925123215	-0.37062686681747	73.000000000000	0.0000000000000
0.85199999809265	0.92770808935165	-0.37229606509209	73.000000000000	0.0000000000000
0.85600000619888	0.92702239751816	-0.37396305799484	73.000000000000	0.0000000000000
0.86000001430511	0.92633205652237	-0.37562769651413	73.000000000000	0.0000000000000
0.86400002241135	0.92563724517822	-0.37728998064995	73.000000000000	0.0000000000000
0.86799997091293	0.92493802309036	-0.37894961237907	73.000000000000	0.0000000000000
0.87199997901917	0.92423444986343	-0.38060653209686	73.000000000000	0.0000000000000
0.87599998712540	0.92352670431137	-0.38226071000099	73.000000000000	0.0000000000000
0.87999999523163	0.92281478643417	-0.38391199707985	73.000000000000	0.0000000000000
0.88400000333786	0.92209887504578	-0.38556024432182	73.000000000000	0.0000000000000
0.88800001144409	0.92137908935547	-0.38720548152924	73.000000000000	0.0000000000000
0.89200001955032	0.92065548896790	-0.38884758949280	73.000000000000	0.0000000000000
0.89600002765656	0.91992831230164	-0.39048644900322	73.000000000000	0.0000000000000
0.89999997615814	0.91919761896133	-0.39212208986282	73.000000000000	0.0000000000000
0.90399998426437	0.91846346855164	-0.39375442266464	73.000000000000	0.0000000000000
0.90799999237061	0.91772633790970	-0.39538344740868	73.000000000000	0.0000000000000
0.91200000047684	0.91698592901230	-0.39700913429260	73.000000000000	0.0000000000000
0.91600000858307	0.91624271869659	-0.39863145351410	73.000000000000	0.0000000000000
0.92000001668930	0.91549670696259	-0.40025037527084	73.000000000000	0.0000000000000
0.92400002479553	0.91474795341492	-0.40186592936516	73.000000000000	0.0000000000000
0.92799997329712	0.91399681568146	-0.40347820520401	73.000000000000	0.0000000000000
0.93199998140335	0.91324335336685	-0.40508714318275	73.000000000000	0.0000000000000
0.93599998950958	0.91248756647110	-0.40669283270836	73.000000000000	0.0000000000000
0.93999999761581	0.91172987222672	-0.40829533338547	73.000000000000	0.0000000000000
0.94400000572205	0.91097009181976	-0.40989470481873	73.000000000000	0.0000000000000
0.94800001382828	0.91020858287811	-0.41149097681046	73.000000000000	0.0000000000000
0.95200002193451	0.90944534540176	-0.41308426856995	73.000000000000	0.0000000000000
0.95599997043610	0.90868049860001	-0.41467469930649	73.000000000000	0.0000000000000
0.95999997854233	0.90791428089142	-0.41626232862473	73.000000000000	0.0000000000000
0.96399998664856	0.90714663267136	-0.41784724593163	73.000000000000	0.0000000000000
0.96799999475479	0.90637773275375	-0.41942968964577	73.000000000000	0.0000000000000
0.97200000286102	0.90560781955719	-0.42100948095322	73.000000000000	0.0000000000000
0.97600001096725	0.90483665466309	-0.42258712649345	73.000000000000	0.0000000000000
0.98000001907349	0.90406429767609	-0.42416256666183	73.000000000000	0.0000000000000
0.98400002717972	0.90329092741013	-0.42573630809784	73.000000000000	0.0000000000000
0.98799997568130	0.90251666307449	-0.42730796337128	73.000000000000	0.0000000000000
0.99199998378754	0.90174150466919	-0.42887753248215	73.000000000000	0.0000000000000
0.99599999189377	0.90096533298492	-0.43044596910477	73.000000000000	0.0000000000000
1.0000000000000	0.90018832683563	-0.43201285600662	73.000000000000	0.0000000000000
1.0039999485016	0.89941024780273	-0.43357858061790	73.000000000000	0.0000000000000
1.0080000162125	0.89863121509552	-0.43514329195023	73.000000000000	0.0000000000000
1.0119999647141	0.89785128831863	-0.43670690059662	73.000000000000	0.0000000000000
1.0160000324249	0.89707040786743	-0.43826946616173	73.000000000000	0.0000000000000
1.0199999809265	0.89628839492798	-0.43983143568039	73.000000000000	0.0000000000000
1.0240000486374	0.89550507068634	-0.44139322638512	73.000000000000	0.0000000000000
1.0279999971390	0.89472085237503	-0.44295400381088	73.000000000000	0.0000000000000
1.0319999456406	0.89393508434296	-0.44451498985291	73.000000000000	0.0000000000000
1.0360000133514	0.89314794540405	-0.44607582688332	73.000000000000	0.0000000000000
1.0399999618530	0.89235937595367	-0.44763645529747	73.000000000000	0.0000000000000
1.0440000295639	0.89156907796860	-0.44919726252556	73.000000000000	0.0000000000000
1.0479999780655	0.89077705144882	-0.45075824856758	73.000000000000	0.0000000000000
1.0520000457764	0.88998275995255	-0.45232015848160	73.000000000000	0.0000000000000
1.0559999942780	0.88918697834015	-0.45388138294220	73.000000000000	0.0000000000000
1.0599999427795	0.88838875293732	-0.45544344186783	73.000000000000	0.0000000000000
1.0640000104904	0.88758802413940	-0.45700639486313	73.000000000000	0.0000000000000
1.0679999589920	0.88678467273712	-0.45857009291649	73.000000000000	0.0000000000000
1.0720000267029	0.88597893714905	-0.46013370156288	73.000000000000	0.0000000000000
1.0759999752045	0.88517028093338	-0.46169793605804	73.000000000000	0.0000000000000
1.0800000429153	0.88435840606689	-0.46326324343681	73.000000000000	0.0000000000000
1.0839999914169	0.88354337215424	-0.46482902765274	73.000000000000	0.0000000000000
1.0880000591278	0.88272488117218	-0.46639567613602	73.000000000000	0.0000000000000
1.0920000076294	0.88190299272537	-0.46796226501465	73.000000000000	0.0000000000000
1.0959999561310	0.88107717037201	-0.46952995657921	73.000000000000	0.0000000000000
1.1000000238419	0.88024765253067	-0.47109788656235	73.000000000000	0.0000000000000
1.1039999723434	0.87941390275955	-0.47266626358032	73.000000000000	0.0000000000000
1.1080000400543	0.87857615947723	-0.47423464059830	73.000000000000	0.0000000000000
1.1119999885559	0.87773358821869	-0.47580376267433	73.000000000000	0.0000000000000
1.1160000562668	0.87688672542572	-0.47737270593643	73.000000000000	0.0000000000000
1.1200000047684	0.87603515386581	-0.47894179821014	73.000000000000	0.0000000000000
1.1239999532700	0.87517863512039	-0.48051089048386	73.000000000000	0.0000000000000
1.1280000209808	0.87431704998016	-0.48207959532738	73.000000000000	0.0000000000000
1.1319999694824	0.87345057725906	-0.48364791274071	73.000000000000	0.0000000000000
1.1360000371933	0.87257879972458	-0.48521572351456	73.000000000000	0.0000000000000
1.1399999856949	0.87170183658600	-0.48678281903267	73.000000000000	0.0000000000000
1.1440000534058	0.87081927061081	-0.48834893107414	73.000000000000	0.0000000000000
1.1480000019073	0.86993134021759	-0.48991405963898	73.000000000000	0.0000000000000
1.1519999504089	0.86903798580170	-0.49147787690163	73.000000000000	0.0000000000000
1.1560000181198	0.86813908815384	-0.49304026365280	73.000000000000	0.0000000000000
1.1599999666214	0.86723440885544	-0.49460101127625	73.000000000000	0.0000000000000
1.1640000343323	0.86632430553436	-0.49615994095802	73.000000000000	0.0000000000000
1.1679999828339	0.86540853977203	-0.49771675467491	73.000000000000	0.0000000000000
1.1720000505447	0.86448717117310	-0.49927133321762	73.000000000000	0.0000000000000
1.1759999990463	0.86356031894684	-0.50082349777222	73.000000000000	0.0000000000000
1.1799999475479	0.86262774467468	-0.50237309932709	73.000000000000	0.0000000000000
1.1840000152588	0.86168986558914	-0.50391983985901	73.000000000000	0.0000000000000
1.1879999637604	0.86074650287628	-0.50546348094940	73.000000000000	0.0000000000000
1.1920000314713	0.85979783535004	-0.50700396299362	73.000000000000	0.0000000000000
1.1959999799728	0.85884392261505	-0.50854104757309	73.000000000000	0.0000000000000
1.2000000476837	0.85788482427597	-0.51007455587387	73.000000000000	0.0000000000000
1.2039999961853	0.85692095756531	-0.51160436868668	73.000000000000	0.0000000000000
1.2079999446869	0.85595202445984	-0.51313024759293	73.000000000000	0.0000000000000
1.2120000123978	0.85497856140137	-0.51465213298798	73.000000000000	0.0000000000000
1.2159999608994	0.85400044918060	-0.51616996526718	73.000000000000	0.0000000000000
1.2200000286102	0.85301792621613	-0.51768338680267	73.000000000000	0.0000000000000
1.2239999771118	0.85203129053116	-0.51919251680374	73.000000000000	0.0000000000000
1.2280000448227	0.85104054212570	-0.52069711685181	73.000000000000	0.0000000000000
1.2319999933243	0.85004603862762	-0.52219724655151	73.000000000000	0.0000000000000
1.2359999418259	0.84904795885086	-0.52369272708893	73.000000000000	0.0000000000000
1.2400000095367	0.84804636240005	-0.52518337965012	73.000000000000	0.0000000000000
1.2439999580383	0.84704172611237	-0.52666956186295	73.000000000000	0.0000000000000
1.2480000257492	0.84603399038315	-0.52815085649490	73.000000000000	0.0000000000000
1.2519999742508	0.84502345323563	-0.52962750196457	73.000000000000	0.0000000000000
1.2560000419617	0.84401029348373	-0.53109937906265	73.000000000000	0.0000000000000
1.2599999904633	0.84299486875534	-0.53256660699844	73.000000000000	0.0000000000000
1.2640000581741	0.84197729825974	-0.53402918577194	73.000000000000	0.0000000000000
1.2680000066757	0.84095770120621	-0.53548729419708	73.000000000000	0.0000000000000
1.2719999551773	0.83993649482727	-0.53694081306458	73.000000000000	0.0000000000000
1.2760000228882	0.83891367912292	-0.53839004039764	73.000000000000	0.0000000000000
1.2799999713898	0.83788967132568	-0.53983491659164	73.000000000000	0.0000000000000
1.2840000391006	0.83686435222626	-0.54127562046051	73.000000000000	0.0000000000000
1.2879999876022	0.83583790063858	-0.54271239042282	73.000000000000	0.0000000000000
1.2920000553131	0.83481079339981	-0.54414528608322	73.000000000000	0.0000000000000
1.2960000038147	0.83378303050995	-0.54557460546494	73.000000000000	0.0000000000000
1.2999999523163	0.83275455236435	-0.54700028896332	73.000000000000	0.0000000000000
1.3040000200272	0.83172577619553	-0.54842275381088	73.000000000000	0.0000000000000
1.3079999685287	0.83069658279419	-0.54984217882156	73.000000000000	0.0000000000000
1.3120000362396	0.82966721057892	-0.55125874280930	73.000000000000	0.0000000000000
1.3159999847412	0.82863771915436	-0.55267262458801	73.000000000000	0.0000000000000
1.3200000524521	0.82760798931122	-0.55408400297165	73.000000000000	0.0000000000000
1.3240000009537	0.82657819986343	-0.55549329519272	73.000000000000	0.0000000000000
1.3279999494553	0.82554847002029	-0.55690062046051	73.000000000000	0.0000000000000
1.3320000171661	0.82451874017715	-0.55830627679825	73.000000000000	0.0000000000000
1.3359999656677	0.82348871231079	-0.55971044301987	73.000000000000	0.0000000000000
1.3400000333786	0.82245874404907	-0.56111341714859	73.000000000000	0.0000000000000
1.3439999818802	0.82142871618271	-0.56251549720764	73.000000000000	0.0000000000000
1.3480000495911	0.82039839029312	-0.56391686201096	73.000000000000	0.0000000000000
1.3519999980927	0.81936776638031	-0.56531774997711	73.000000000000	0.0000000000000
1.3559999465942	0.81833648681641	-0.56671833992004	73.000000000000	0.0000000000000
1.3600000143051	0.81730490922928	-0.56811898946762	73.000000000000	0.0000000000000
1.3639999628067	0.81627255678177	-0.56951993703842	73.000000000000	0.0000000000000
1.3680000305176	0.81523913145065	-0.57092118263245	73.000000000000	0.0000000000000
1.3719999790192	0.81420487165451	-0.57232314348221	73.000000000000	0.0000000000000
1.3760000467300	0.81316906213760	-0.57372587919235	73.000000000000	0.0000000000000
1.3799999952316	0.81213194131851	-0.57512956857681	73.000000000000	0.0000000000000
1.3839999437332	0.81109309196472	-0.57653450965881	73.000000000000	0.0000000000000
1.3880000114441	0.81005215644836	-0.57794064283371	73.000000000000	0.0000000000000
1.3919999599457	0.80900907516479	-0.57934832572937	73.000000000000	0.0000000000000
1.3960000276566	0.80796343088150	-0.58075743913651	73.000000000000	0.0000000000000
1.3999999761581	0.80691498517990	-0.58216834068298	73.000000000000	0.0000000000000
1.4040000438690	0.80586332082748	-0.58358079195023	73.000000000000	0.0000000000000
1.4079999923706	0.80480843782425	-0.58499497175217	73.000000000000	0.0000000000000
1.4119999408722	0.80374974012375	-0.58641099929810	73.000000000000	0.0000000000000
1.4160000085831	0.80268710851669	-0.58782875537872	73.000000000000	0.0000000000000
1.4199999570847	0.80162006616592	-0.58924823999405	73.000000000000	0.0000000000000
1.4240000247955	0.80054843425751	-0.59066951274872	73.000000000000	0.0000000000000
1.4279999732971	0.79947191476822	-0.59209257364273	73.000000000000	0.0000000000000
1.4320000410080	0.79839009046555	-0.59351712465286	73.000000000000	0.0000000000000
1.4359999895096	0.79730254411697	-0.59494310617447	73.000000000000	0.0000000000000
1.4400000572205	0.79620933532715	-0.59637057781219	73.000000000000	0.0000000000000
1.4440000057220	0.79510992765427	-0.59779924154282	73.000000000000	0.0000000000000
1.4479999542236	0.79400396347046	-0.59922891855240	73.000000000000	0.0000000000000
1.4520000219345	0.79289132356644	-0.60065943002701	73.000000000000	0.0000000000000
1.4559999704361	0.79177159070969	-0.60209071636200	73.000000000000	0.0000000000000
1.4600000381470	0.79064470529556	-0.60352230072021	73.000000000000	0.0000000000000
1.4639999866486	0.78951036930084	-0.60495412349701	73.000000000000	0.0000000000000
1.4680000543594	0.78836810588837	-0.60638576745987	73.000000000000	0.0000000000000
1.4720000028610	0.78721803426743	-0.60781717300415	73.000000000000	0.0000000000000
1.4759999513626	0.78605991601944	-0.60924786329269	73.000000000000	0.0000000000000
1.4800000190735	0.78489345312119	-0.61067765951157	73.000000000000	0.0000000000000
1.4839999675751	0.78371858596802	-0.61210608482361	73.000000000000	0.0000000000000
1.4880000352859	0.78253531455994	-0.61353284120560	73.000000000000	0.0000000000000
1.4919999837875	0.78134322166443	-0.61495769023895	73.000000000000	0.0000000000000
1.4960000514984	0.78014254570007	-0.61638027429581	73.000000000000	0.0000000000000
1.5000000000000	0.77893304824829	-0.61780023574829	73.000000000000	0.0000000000000
1.5039999485016	0.77771472930908	-0.61921715736389	73.000000000000	0.0000000000000
1.5080000162125	0.77648776769638	-0.62063062191010	73.000000000000	0.0000000000000
1.5119999647141	0.77525186538696	-0.62204045057297	73.000000000000	0.0000000000000
1.5160000324249	0.77400726079941	-0.62344622612000	73.000000000000	0.0000000000000
1.5199999809265	0.77275407314301	-0.62484741210938	73.000000000000	0.0000000000000
1.5240000486374	0.77149242162704	-0.62624406814575	73.000000000000	0.0000000000000
1.5279999971390	0.77022224664688	-0.62763553857803	73.000000000000	0.0000000000000
1.5319999456406	0.76894372701645	-0.62902158498764	73.000000000000	0.0000000000000
1.5360000133514	0.76765722036362	-0.63040190935135	73.000000000000	0.0000000000000
1.5399999618530	0.76636254787445	-0.63177615404129	73.000000000000	0.0000000000000
1.5440000295639	0.76506054401398	-0.63314419984818	73.000000000000	0.0000000000000
1.5479999780655	0.76375079154968	-0.63450562953949	73.000000000000	0.0000000000000
1.5520000457764	0.76243382692337	-0.63586032390594	73.000000000000	0.0000000000000
1.5559999942780	0.76111006736755	-0.63720786571503	73.000000000000	0.0000000000000
1.5599999427795	0.75977957248688	-0.63854819536209	73.000000000000	0.0000000000000
1.5640000104904	0.75844275951385	-0.63988113403320	73.000000000000	0.0000000000000
1.5679999589920	0.75709974765778	-0.64120650291443	73.000000000000	0.0000000000000
1.5720000267029	0.75575107336044	-0.64252424240112	73.000000000000	0.0000000000000
1.5759999752045	0.75439697504044	-0.64383411407471	73.000000000000	0.0000000000000
1.5800000429153	0.75303792953491	-0.64513623714447	73.000000000000	0.0000000000000
1.5839999914169	0.75167381763458	-0.64643049240112	73.000000000000	0.0000000000000
1.5880000591278	0.75030559301376	-0.64771682024002	73.000000000000	0.0000000000000
1.5920000076294	0.74893331527710	-0.64899522066116	73.000000000000	0.0000000000000
1.5959999561310	0.74755722284317	-0.65026587247849	73.000000000000	0.0000000000000
1.6000000238419	0.74617773294449	-0.65152877569199	73.000000000000	0.0000000000000
1.6039999723434	0.74479532241821	-0.65278404951096	73.000000000000	0.0000000000000
1.6080000400543	0.74340993165970	-0.65403175354004	73.000000000000	0.0000000000000
1.6119999885559	0.74202215671539	-0.65527230501175	73.000000000000	0.0000000000000
1.6160000562668	0.74063241481781	-0.65650558471680	73.000000000000	0.0000000000000
1.6200000047684	0.73924064636230	-0.65773206949234	73.000000000000	0.0000000000000
1.6239999532700	0.73784703016281	-0.65895193815231	73.000000000000	0.0000000000000
1.6280000209808	0.73645228147507	-0.66016548871994	73.000000000000	0.0000000000000
1.6319999694824	0.73505610227585	-0.66137290000916	73.000000000000	0.0000000000000
1.6360000371933	0.73365885019302	-0.66257464885712	73.000000000000	0.0000000000000
1.6399999856949	0.73226058483124	-0.66377103328705	73.000000000000	0.0000000000000
1.6440000534058	0.73086160421371	-0.66496235132217	73.000000000000	0.0000000000000
1.6480000019073	0.72946190834045	-0.66614907979965	73.000000000000	0.0000000000000
1.6519999504089	0.72806149721146	-0.66733157634735	73.000000000000	0.0000000000000
1.6560000181198	0.72666013240814	-0.66851019859314	73.000000000000	0.0000000000000
1.6599999666214	0.72525823116302	-0.66968548297882	73.000000000000	0.0000000000000
1.6640000343323	0.72385531663895	-0.67085778713226	73.000000000000	0.0000000000000
1.6679999828339	0.72245156764984	-0.67202740907669	73.000000000000	0.0000000000000
1.6720000505447	0.72104668617249	-0.67319500446320	73.000000000000	0.0000000000000
1.6759999990463	0.71964043378830	-0.67436093091965	73.000000000000	0.0000000000000
1.6799999475479	0.71823275089264	-0.67552542686462	73.000000000000	0.0000000000000
1.6840000152588	0.71682298183441	-0.67668896913528	73.000000000000	0.0000000000000
1.6879999637604	0.71541100740433	-0.67785215377808	73.000000000000	0.0000000000000
1.6920000314713	0.71399676799774	-0.67901515960693	73.000000000000	0.0000000000000
1.6959999799728	0.71257907152176	-0.68017846345901	73.000000000000	0.0000000000000
1.7000000476837	0.71115827560425	-0.68134230375290	73.000000000000	0.0000000000000
1.7039999961853	0.70973330736160	-0.68250691890717	73.000000000000	0.0000000000000
1.7079999446869	0.70830398797989	-0.68367272615433	73.000000000000	0.0000000000000
1.7120000123978	0.70686948299408	-0.68484002351761	73.000000000000	0.0000000000000
1.7159999608994	0.70542925596237	-0.68600881099701	73.000000000000	0.0000000000000
1.7200000286102	0.70398277044296	-0.68717944622040	73.000000000000	0.0000000000000
1.7239999771118	0.70252907276154	-0.68835180997849	73.000000000000	0.0000000000000
1.7280000448227	0.70106768608093	-0.68952625989914	73.000000000000	0.0000000000000
1.7319999933243	0.69959789514542	-0.69070267677307	73.000000000000	0.0000000000000
1.7359999418259	0.69811868667603	-0.69188106060028	73.000000000000	0.0000000000000
1.7400000095367	0.69662928581238	-0.69306141138077	73.000000000000	0.0000000000000
1.7439999580383	0.69512915611267	-0.69424343109131	73.000000000000	0.0000000000000
1.7480000257492	0.69361716508865	-0.69542694091797	73.000000000000	0.0000000000000
1.7519999742508	0.69209265708923	-0.69661194086075	73.000000000000	0.0000000000000
1.7560000419617	0.69055473804474	-0.69779783487320	73.000000000000	0.0000000000000
1.7599999904633	0.68900263309479	-0.69898426532745	73.000000000000	0.0000000000000
1.7640000581741	0.68743532896042	-0.70017093420029	73.000000000000	0.0000000000000
1.7680000066757	0.68585216999054	-0.70135712623596	73.000000000000	0.0000000000000
1.7719999551773	0.68425190448761	-0.70254236459732	73.000000000000	0.0000000000000
1.7760000228882	0.68263441324234	-0.70372611284256	73.000000000000	0.0000000000000
1.7799999713898	0.68099814653397	-0.70490747690201	73.000000000000	0.0000000000000
1.7840000391006	0.67934292554855	-0.70608568191528	73.000000000000	0.0000000000000
1.7879999876022	0.67766767740250	-0.70726001262665	73.000000000000	0.0000000000000
1.7920000553131	0.67597162723541	-0.70842927694321	73.000000000000	0.0000000000000
1.7960000038147	0.67425429821014	-0.70959270000458	73.000000000000	0.0000000000000
1.7999999523163	0.67251485586166	-0.71074914932251	73.000000000000	0.0000000000000
1.8040000200272	0.67075300216675	-0.71189749240875	73.000000000000	0.0000000000000
1.8079999685287	0.66896802186966	-0.71303653717041	73.000000000000	0.0000000000000
1.8120000362396	0.66715925931931	-0.71416503190994	73.000000000000	0.0000000000000
1.8159999847412	0.66532659530640	-0.71528166532516	73.000000000000	0.0000000000000
1.8200000524521	0.66346949338913	-0.71638524532318	73.000000000000	0.0000000000000
1.8240000009537	0.66158765554428	-0.71747410297394	73.000000000000	0.0000000000000
1.8279999494553	0.65968090295792	-0.71854692697525	73.000000000000	0.0000000000000
1.8320000171661	0.65774923563004	-0.71960222721100	73.000000000000	0.0000000000000
1.8359999656677	0.65579241514206	-0.72063839435577	73.000000000000	0.0000000000000
1.8400000333786	0.65381062030792	-0.72165393829346	73.000000000000	0.0000000000000
1.8439999818802	0.65180379152298	-0.72264719009399	73.000000000000	0.0000000000000
1.8480000495911	0.64977222681046	-0.72361642122269	73.000000000000	0.0000000000000
1.8519999980927	0.64771646261215	-0.72456032037735	73.000000000000	0.0000000000000
1.8559999465942	0.64563655853271	-0.72547680139542	73.000000000000	0.0000000000000
1.8600000143051	0.64353311061859	-0.72636455297470	73.000000000000	0.0000000000000
1.8639999628067	0.64140695333481	-0.72722160816193	73.000000000000	0.0000000000000
1.8680000305176	0.63925844430923	-0.72804653644562	73.000000000000	0.0000000000000
1.8719999790192	0.63708859682083	-0.72883749008179	73.000000000000	0.0000000000000
1.8760000467300	0.63489842414856	-0.72959291934967	73.000000000000	0.0000000000000
1.8799999952316	0.63268870115280	-0.73031121492386	73.000000000000	0.0000000000000
1.8839999437332	0.63046085834503	-0.73099070787430	73.000000000000	0.0000000000000
1.8880000114441	0.62821567058563	-0.73162984848022	73.000000000000	0.0000000000000
1.8919999599457	0.62595498561859	-0.73222714662552	73.000000000000	0.0000000000000
1.8960000276566	0.62367999553680	-0.73278105258942	73.000000000000	0.0000000000000
1.8999999761581	0.62139195203781	-0.73329025506973	73.000000000000	0.0000000000000
1.9040000438690	0.61909300088882	-0.73375320434570	73.000000000000	0.0000000000000
1.9079999923706	0.61678457260132	-0.73416882753372	73.000000000000	0.0000000000000
1.9119999408722	0.61446863412857	-0.73453575372696	73.000000000000	0.0000000000000
1.9160000085831	0.61214709281921	-0.73485285043716	73.000000000000	0.0000000000000
1.9199999570847	0.60982179641724	-0.73511910438538	73.000000000000	0.0000000000000
1.9240000247955	0.60749500989914	-0.73533356189728	73.000000000000	0.0000000000000
1.9279999732971	0.60516864061356	-0.73549520969391	73.000000000000	0.0000000000000
1.9320000410080	0.60284513235092	-0.73560339212418	73.000000000000	0.0000000000000
1.9359999895096	0.60052680969238	-0.73565739393234	73.000000000000	0.0000000000000
1.9400000572205	0.59821599721909	-0.73565685749054	73.000000000000	0.0000000000000
1.9440000057220	0.59591507911682	-0.73560094833374	73.000000000000	0.0000000000000
1.9479999542236	0.59362661838531	-0.73548972606659	73.000000000000	0.0000000000000
1.9520000219345	0.59135293960571	-0.73532283306122	73.000000000000	0.0000000000000
1.9559999704361	0.58909672498703	-0.73510020971298	73.000000000000	0.0000000000000
1.9600000381470	0.58686071634293	-0.73482191562653	73.000000000000	0.0000000000000
1.9639999866486	0.58464741706848	-0.73448818922043	73.000000000000	0.0000000000000
1.9680000543594	0.58245921134949	-0.73409932851791	73.000000000000	0.0000000000000
1.9720000028610	0.58029901981354	-0.73365581035614	73.000000000000	0.0000000000000
1.9759999513626	0.57816934585571	-0.73315829038620	73.000000000000	0.0000000000000
1.9800000190735	0.57607299089432	-0.73260754346848	73.000000000000	0.0000000000000
1.9839999675751	0.57401227951050	-0.73200428485870	73.000000000000	0.0000000000000
1.9880000352859	0.57199007272720	-0.73134988546371	73.000000000000	0.0000000000000
1.9919999837875	0.57000899314880	-0.73064517974854	73.000000000000	0.0000000000000
1.9960000514984	0.56807118654251	-0.72989165782928	73.000000000000	0.0000000000000
2.0000000000000	0.56617939472198	-0.72909075021744	73.000000000000	0.0000000000000
2.0039999485016	0.56433606147766	-0.72824406623840	73.000000000000	0.0000000000000
2.0079998970032	0.56254339218140	-0.72735339403152	73.000000000000	0.0000000000000
2.0120000839233	0.56080377101898	-0.72642058134079	73.000000000000	0.0000000000000
2.0160000324249	0.55911952257156	-0.72544747591019	73.000000000000	0.0000000000000
2.0199999809265	0.55749243497849	-0.72443622350693	73.000000000000	0.0000000000000
2.0239999294281	0.55592501163483	-0.72338932752609	73.000000000000	0.0000000000000
2.0280001163483	0.55441868305206	-0.72230887413025	73.000000000000	0.0000000000000
2.0320000648499	0.55297553539276	-0.72119736671448	73.000000000000	0.0000000000000
2.0360000133514	0.55159741640091	-0.72005742788315	73.000000000000	0.0000000000000
2.0399999618530	0.55028551816940	-0.71889179944992	73.000000000000	0.0000000000000
2.0439999103546	0.54904156923294	-0.71770316362381	73.000000000000	0.0000000000000
2.0480000972748	0.54786670207977	-0.71649432182312	73.000000000000	0.0000000000000
2.0520000457764	0.54676234722137	-0.71526837348938	73.000000000000	0.0000000000000
2.0559999942780	0.54572951793671	-0.71402817964554	73.000000000000	0.0000000000000
2.0599999427795	0.54476892948151	-0.71277689933777	73.000000000000	0.0000000000000
2.0639998912811	0.54388141632080	-0.71151757240295	73.000000000000	0.0000000000000
2.0680000782013	0.54306751489639	-0.71025347709656	73.000000000000	0.0000000000000
2.0720000267029	0.54232776165009	-0.70898783206940	73.000000000000	0.0000000000000
2.0759999752045	0.54166257381439	-0.70772373676300	73.000000000000	0.0000000000000
2.0799999237061	0.54107135534286	-0.70646458864212	73.000000000000	0.0000000000000
2.0840001106262	0.54055494070053	-0.70521378517151	73.000000000000	0.0000000000000
2.0880000591278	0.54011273384094	-0.70397436618805	73.000000000000	0.0000000000000
2.0920000076294	0.53974419832230	-0.70274984836578	73.000000000000	0.0000000000000
2.0959999561310	0.53944903612137	-0.70154333114624	73.000000000000	0.0000000000000
2.0999999046326	0.53922629356384	-0.70035821199417	73.000000000000	0.0000000000000
2.1040000915527	0.53907507658005	-0.69919770956039	73.000000000000	0.0000000000000
2.1080000400543	0.53899461030960	-0.69806486368179	73.000000000000	0.0000000000000
2.1119999885559	0.53898358345032	-0.69696295261383	73.000000000000	0.0000000000000
2.1159999370575	0.53904032707214	-0.69589495658875	73.000000000000	0.0000000000000
2.1199998855591	0.53916370868683	-0.69486391544342	73.000000000000	0.0000000000000
2.1240000724792	0.53935199975967	-0.69387286901474	73.000000000000	0.0000000000000
2.1280000209808	0.53960299491882	-0.69292443990707	73.000000000000	0.0000000000000
2.1319999694824	0.53991526365280	-0.69202160835266	73.000000000000	0.0000000000000
2.1359999179840	0.54028624296188	-0.69116687774658	73.000000000000	0.0000000000000
2.1400001049042	0.54071390628815	-0.69036287069321	73.000000000000	0.0000000000000
2.1440000534058	0.54119592905045	-0.68961197137833	73.000000000000	0.0000000000000
2.1480000019073	0.54172980785370	-0.68891650438309	73.000000000000	0.0000000000000
2.1519999504089	0.54231268167496	-0.68827879428864	73.000000000000	0.0000000000000
2.1559998989105	0.54294222593307	-0.68770056962967	73.000000000000	0.0000000000000
2.1600000858307	0.54361552000046	-0.68718397617340	73.000000000000	0.0000000000000
2.1640000343323	0.54432946443558	-0.68673068284988	73.000000000000	0.0000000000000
2.1679999828339	0.54508137702942	-0.68634241819382	73.000000000000	0.0000000000000
2.1719999313354	0.54586803913116	-0.68602055311203	73.000000000000	0.0000000000000
2.1760001182556	0.54668641090393	-0.68576627969742	73.000000000000	0.0000000000000
2.1800000667572	0.54753309488297	-0.68558096885681	73.000000000000	0.0000000000000
2.1840000152588	0.54840528964996	-0.68546533584595	73.000000000000	0.0000000000000
2.1879999637604	0.54929941892624	-0.68542039394379	73.000000000000	0.0000000000000
2.1919999122620	0.55021226406097	-0.68544667959213	73.000000000000	0.0000000000000
2.1960000991821	0.55114048719406	-0.68554466962814	73.000000000000	0.0000000000000
2.2000000476837	0.55208086967468	-0.68571472167969	73.000000000000	0.0000000000000
2.2039999961853	0.55303013324738	-0.68595683574677	73.000000000000	0.0000000000000
2.2079999446869	0.55398470163345	-0.68627107143402	73.000000000000	0.0000000000000
2.2119998931885	0.55494165420532	-0.68665724992752	73.000000000000	0.0000000000000
2.2160000801086	0.55589759349823	-0.68711501359940	73.000000000000	0.0000000000000
2.2200000286102	0.55684918165207	-0.68764364719391	73.000000000000	0.0000000000000
2.2239999771118	0.55779331922531	-0.68824255466461	73.000000000000	0.0000000000000
2.2279999256134	0.55872696638107	-0.68891096115112	73.000000000000	0.0000000000000
2.2320001125336	0.55964684486389	-0.68964773416519	73.000000000000	0.0000000000000
2.2360000610352	0.56055021286011	-0.69045174121857	73.000000000000	0.0000000000000
2.2400000095367	0.56143403053284	-0.69132173061371	73.000000000000	0.0000000000000
2.2439999580383	0.56229561567307	-0.69225615262985	73.000000000000	0.0000000000000
2.2479999065399	0.56313204765320	-0.69325351715088	73.000000000000	0.0000000000000
2.2520000934601	0.56394082307816	-0.69431209564209	73.000000000000	0.0000000000000
2.2560000419617	0.56471925973892	-0.69542998075485	73.000000000000	0.0000000000000
2.2599999904633	0.56546527147293	-0.69660532474518	73.000000000000	0.0000000000000
2.2639999389648	0.56617623567581	-0.69783592224121	73.000000000000	0.0000000000000
2.2679998874664	0.56685012578964	-0.69911992549896	73.000000000000	0.0000000000000
2.2720000743866	0.56748497486115	-0.70045471191406	73.000000000000	0.0000000000000
2.2760000228882	0.56807899475098	-0.70183813571930	73.000000000000	0.0000000000000
2.2799999713898	0.56863009929657	-0.70326781272888	73.000000000000	0.0000000000000
2.2839999198914	0.56913697719574	-0.70474112033844	73.000000000000	0.0000000000000
2.2880001068115	0.56959819793701	-0.70625561475754	73.000000000000	0.0000000000000
2.2920000553131	0.57001209259033	-0.70780873298645	73.000000000000	0.0000000000000
2.2960000038147	0.57037782669067	-0.70939773321152	73.000000000000	0.0000000000000
2.2999999523163	0.57069408893585	-0.71102017164230	73.000000000000	0.0000000000000
2.3039999008179	0.57096046209335	-0.71267306804657	73.000000000000	0.0000000000000
2.3080000877380	0.57117569446564	-0.71435391902924	73.000000000000	0.0000000000000
2.3120000362396	0.57133948802948	-0.71605980396271	73.000000000000	0.0000000000000
2.3159999847412	0.57145166397095	-0.71778821945190	73.000000000000	0.0000000000000
2.3199999332428	0.57151162624359	-0.71953636407852	73.000000000000	0.0000000000000
2.3239998817444	0.57151925563812	-0.72130167484283	73.000000000000	0.0000000000000
2.3280000686646	0.57147455215454	-0.72308123111725	73.000000000000	0.0000000000000
2.3320000171661	0.57137799263000	-0.72487270832062	73.000000000000	0.0000000000000
2.3359999656677	0.57122975587845	-0.72667324542999	73.000000000000	0.0000000000000
2.3399999141693	0.57103013992310	-0.72848051786423	73.000000000000	0.0000000000000
2.3440001010895	0.57077974081039	-0.73029196262360	73.000000000000	0.0000000000000
2.3480000495911	0.57047927379608	-0.73210525512695	73.000000000000	0.0000000000000
2.3519999980927	0.57012963294983	-0.73391789197922	73.000000000000	0.0000000000000
2.3559999465942	0.56973159313202	-0.73572778701782	73.000000000000	0.0000000000000
2.3599998950958	0.56928646564484	-0.73753273487091	73.000000000000	0.0000000000000
2.3640000820160	0.56879502534866	-0.73933058977127	73.000000000000	0.0000000000000
2.3680000305176	0.56825906038284	-0.74111938476562	73.000000000000	0.0000000000000
2.3719999790192	0.56767934560776	-0.74289721250534	73.000000000000	0.0000000000000
2.3759999275208	0.56705749034882	-0.74466240406036	73.000000000000	0.0000000000000
2.3800001144409	0.56639504432678	-0.74641311168671	73.000000000000	0.0000000000000
2.3840000629425	0.56569337844849	-0.74814790487289	73.000000000000	0.0000000000000
2.3880000114441	0.56495451927185	-0.74986517429352	73.000000000000	0.0000000000000
2.3919999599457	0.56417959928513	-0.75156366825104	73.000000000000	0.0000000000000
2.3959999084473	0.56337076425552	-0.75324231386185	73.000000000000	0.0000000000000
2.4000000953674	0.56252974271774	-0.75489974021912	73.000000000000	0.0000000000000
2.4040000438690	0.56165814399719	-0.75653517246246	73.000000000000	0.0000000000000
2.4079999923706	0.56075787544250	-0.75814759731293	73.000000000000	0.0000000000000
2.4119999408722	0.55983066558838	-0.75973629951477	73.000000000000	0.0000000000000
2.4159998893738	0.55887848138809	-0.76130068302155	73.000000000000	0.0000000000000
2.4200000762939	0.55790305137634	-0.76284027099609	73.000000000000	0.0000000000000
2.4240000247955	0.55690634250641	-0.76435470581055	73.000000000000	0.0000000000000
2.4279999732971	0.55589002370834	-0.76584362983704	73.000000000000	0.0000000000000
2.4319999217987	0.55485600233078	-0.76730686426163	73.000000000000	0.0000000000000
2.4360001087189	0.55380594730377	-0.76874446868896	73.000000000000	0.0000000000000
2.4400000572205	0.55274176597595	-0.77015650272369	73.000000000000	0.0000000000000
2.4440000057220	0.55166512727737	-0.77154308557510	73.000000000000	0.0000000000000
2.4479999542236	0.55057728290558	-0.77290433645248	73.000000000000	0.0000000000000
2.4519999027252	0.54948049783707	-0.77424073219299	73.000000000000	0.0000000000000
2.4560000896454	0.54837584495544	-0.77555274963379	73.000000000000	0.0000000000000
2.4600000381470	0.54726499319077	-0.77684092521667	73.000000000000	0.0000000000000
2.4639999866486	0.54614913463593	-0.77810585498810	73.000000000000	0.0000000000000
2.4679999351501	0.54503011703491	-0.77934819459915	73.000000000000	0.0000000000000
2.4719998836517	0.54390853643417	-0.78056859970093	73.000000000000	0.0000000000000
2.4760000705719	0.54278618097305	-0.78176808357239	73.000000000000	0.0000000000000
2.4800000190735	0.54166376590729	-0.78294748067856	73.000000000000	0.0000000000000
2.4839999675751	0.54054254293442	-0.78410756587982	73.000000000000	0.0000000000000
2.4879999160767	0.53942316770554	-0.78524953126907	73.000000000000	0.0000000000000
2.4920001029968	0.53830695152283	-0.78637415170670	73.000000000000	0.0000000000000
2.4960000514984	0.53719455003738	-0.78748267889023	73.000000000000	0.0000000000000
2.5000000000000	0.53608614206314	-0.78857612609863	73.000000000000	0.0000000000000
2.5039999485016	0.53498286008835	-0.78965556621552	73.000000000000	0.0000000000000
2.5079998970032	0.53388506174088	-0.79072201251984	73.000000000000	0.0000000000000
2.5120000839233	0.53279316425323	-0.79177671670914	73.000000000000	0.0000000000000
2.5160000324249	0.53170740604401	-0.79282081127167	73.000000000000	0.0000000000000
2.5199999809265	0.53062808513641	-0.79385519027710	73.000000000000	0.0000000000000
2.5239999294281	0.52955520153046	-0.79488116502762	73.000000000000	0.0000000000000
2.5280001163483	0.52848917245865	-0.79589980840683	73.000000000000	0.0000000000000
2.5320000648499	0.52742958068848	-0.79691201448441	73.000000000000	0.0000000000000
2.5360000133514	0.52637666463852	-0.79791897535324	73.000000000000	0.0000000000000
2.5399999618530	0.52533012628555	-0.79892164468765	73.000000000000	0.0000000000000
2.5439999103546	0.52428972721100	-0.79992103576660	73.000000000000	0.0000000000000
2.5480000972748	0.52325505018234	-0.80091798305511	73.000000000000	0.0000000000000
2.5520000457764	0.52222609519958	-0.80191349983215	73.000000000000	0.0000000000000
2.5559999942780	0.52120196819305	-0.80290818214417	73.000000000000	0.0000000000000
2.5599999427795	0.52018231153488	-0.80390310287476	73.000000000000	0.0000000000000
2.5639998912811	0.51916676759720	-0.80489873886108	73.000000000000	0.0000000000000
2.5680000782013	0.51815456151962	-0.80589568614960	73.000000000000	0.0000000000000
2.5720000267029	0.51714527606964	-0.80689501762390	73.000000000000	0.0000000000000
2.5759999752045	0.51613807678223	-0.80789673328400	73.000000000000	0.0000000000000
2.5799999237061	0.51513230800629	-0.80890166759491	73.000000000000	0.0000000000000
2.5840001106262	0.51412725448608	-0.80990999937057	73.000000000000	0.0000000000000
2.5880000591278	0.51312208175659	-0.81092226505280	73.000000000000	0.0000000000000
2.5920000076294	0.51211613416672	-0.81193858385086	73.000000000000	0.0000000000000
2.5959999561310	0.51110863685608	-0.81295925378799	73.000000000000	0.0000000000000
2.5999999046326	0.51009911298752	-0.81398433446884	73.000000000000	0.0000000000000
2.6040000915527	0.50908625125885	-0.81501382589340	73.000000000000	0.0000000000000
2.6080000400543	0.50806933641434	-0.81604796648026	73.000000000000	0.0000000000000
2.6119999885559	0.50704795122147	-0.81708651781082	73.000000000000	0.0000000000000
2.6159999370575	0.50602149963379	-0.81812936067581	73.000000000000	0.0000000000000
2.6199998855591	0.50498843193054	-0.81917631626129	73.000000000000	0.0000000000000
2.6240000724792	0.50394886732101	-0.82022714614868	73.000000000000	0.0000000000000
2.6280000209808	0.50290167331696	-0.82128155231476	73.000000000000	0.0000000000000
2.6319999694824	0.50184661149979	-0.82233917713165	73.000000000000	0.0000000000000
2.6359999179840	0.50078231096268	-0.82339960336685	73.000000000000	0.0000000000000
2.6400001049042	0.49970903992653	-0.82446223497391	73.000000000000	0.0000000000000
2.6440000534058	0.49862587451935	-0.82552671432495	73.000000000000	0.0000000000000
2.6480000019073	0.49753251671791	-0.82659244537354	73.000000000000	0.0000000000000
2.6519999504089	0.49642822146416	-0.82765889167786	73.000000000000	0.0000000000000
2.6559998989105	0.49531289935112	-0.82872521877289	73.000000000000	0.0000000000000
2.6600000858307	0.49418631196022	-0.82979100942612	73.000000000000	0.0000000000000
2.6640000343323	0.49304765462875	-0.83085554838181	73.000000000000	0.0000000000000
2.6679999828339	0.49189716577530	-0.83191800117493	73.000000000000	0.0000000000000
2.6719999313354	0.49073466658592	-0.83297771215439	73.000000000000	0.0000000000000
2.6760001182556	0.48955976963043	-0.83403408527374	73.000000000000	0.0000000000000
2.6800000667572	0.48837259411812	-0.83508616685867	73.000000000000	0.0000000000000
2.6840000152588	0.48717308044434	-0.83613330125809	73.000000000000	0.0000000000000
2.6879999637604	0.48596122860909	-0.83717483282089	73.000000000000	0.0000000000000
2.6919999122620	0.48473784327507	-0.83820992708206	73.000000000000	0.0000000000000
2.6960000991821	0.48350211977959	-0.83923780918121	73.000000000000	0.0000000000000
2.7000000476837	0.48225498199463	-0.84025800228119	73.000000000000	0.0000000000000
2.7039999961853	0.48099619150162	-0.84126967191696	73.000000000000	0.0000000000000
2.7079999446869	0.47972661256790	-0.84227204322815	73.000000000000	0.0000000000000
2.7119998931885	0.47844624519348	-0.84326457977295	73.000000000000	0.0000000000000
2.7160000801086	0.47715571522713	-0.84424662590027	73.000000000000	0.0000000000000
2.7200000286102	0.47585564851761	-0.84521764516830	73.000000000000	0.0000000000000
2.7239999771118	0.47454625368118	-0.84617716073990	73.000000000000	0.0000000000000
2.7279999256134	0.47322830557823	-0.84712457656860	73.000000000000	0.0000000000000
2.7320001125336	0.47190257906914	-0.84805935621262	73.000000000000	0.0000000000000
2.7360000610352	0.47056916356087	-0.84898132085800	73.000000000000	0.0000000000000
2.7400000095367	0.46922922134399	-0.84988975524902	73.000000000000	0.0000000000000
2.7439999580383	0.46788337826729	-0.85078471899033	73.000000000000	0.0000000000000
2.7479999065399	0.46653211116791	-0.85166573524475	73.000000000000	0.0000000000000
2.7520000934601	0.46517646312714	-0.85253256559372	73.000000000000	0.0000000000000
2.7560000419617	0.46381697058678	-0.85338509082794	73.000000000000	0.0000000000000
2.7599999904633	0.46245464682579	-0.85422307252884	73.000000000000	0.0000000000000
2.7639999389648	0.46108970046043	-0.85504686832428	73.000000000000	0.0000000000000
2.7679998874664	0.45972341299057	-0.85585600137711	73.000000000000	0.0000000000000
2.7720000743866	0.45835652947426	-0.85665071010590	73.000000000000	0.0000000000000
2.7760000228882	0.45698967576027	-0.85743123292923	73.000000000000	0.0000000000000
2.7799999713898	0.45562353730202	-0.85819751024246	73.000000000000	0.0000000000000
2.7839999198914	0.45425903797150	-0.85894984006882	73.000000000000	0.0000000000000
2.7880001068115	0.45289671421051	-0.85968852043152	73.000000000000	0.0000000000000
2.7920000553131	0.45153748989105	-0.86041378974915	73.000000000000	0.0000000000000
2.7960000038147	0.45018163323402	-0.86112612485886	73.000000000000	0.0000000000000
2.7999999523163	0.44883021712303	-0.86182588338852	73.000000000000	0.0000000000000
2.8039999008179	0.44748371839523	-0.86251354217529	73.000000000000	0.0000000000000
2.8080000877380	0.44614222645760	-0.86318957805634	73.000000000000	0.0000000000000
2.8120000362396	0.44480723142624	-0.86385434865952	73.000000000000	0.0000000000000
2.8159999847412	0.44347849488258	-0.86450886726379	73.000000000000	0.0000000000000
2.8199999332428	0.44215688109398	-0.86515319347382	73.000000000000	0.0000000000000
2.8239998817444	0.44084256887436	-0.86578828096390	73.000000000000	0.0000000000000
2.8280000686646	0.43953594565392	-0.86641472578049	73.000000000000	0.0000000000000
2.8320000171661	0.43823730945587	-0.86703318357468	73.000000000000	0.0000000000000
2.8359999656677	0.43694689869881	-0.86764436960220	73.000000000000	0.0000000000000
2.8399999141693	0.43566510081291	-0.86824899911880	73.000000000000	0.0000000000000
2.8440001010895	0.43439188599586	-0.86884766817093	73.000000000000	0.0000000000000
2.8480000495911	0.43312767148018	-0.86944127082825	73.000000000000	0.0000000000000
2.8519999980927	0.43187198042870	-0.87003052234650	73.000000000000	0.0000000000000
2.8559999465942	0.43062534928322	-0.87061607837677	73.000000000000	0.0000000000000
2.8599998950958	0.42938768863678	-0.87119865417480	73.000000000000	0.0000000000000
2.8640000820160	0.42815834283829	-0.87177896499634	73.000000000000	0.0000000000000
2.8680000305176	0.42693760991096	-0.87235784530640	73.000000000000	0.0000000000000
2.8719999790192	0.42572548985481	-0.87293583154678	73.000000000000	0.0000000000000
2.8759999275208	0.42452126741409	-0.87351363897324	73.000000000000	0.0000000000000
2.8800001144409	0.42332482337952	-0.87409186363220	73.000000000000	0.0000000000000
2.8840000629425	0.42213585972786	-0.87467133998871	73.000000000000	0.0000000000000
2.8880000114441	0.42095407843590	-0.87525230646133	73.000000000000	0.0000000000000
2.8919999599457	0.41977894306183	-0.87583565711975	73.000000000000	0.0000000000000
2.8959999084473	0.41860976815224	-0.87642168998718	73.000000000000	0.0000000000000
2.9000000953674	0.41744619607925	-0.87701106071472	73.000000000000	0.0000000000000
2.9040000438690	0.41628801822662	-0.87760406732559	73.000000000000	0.0000000000000
2.9079999923706	0.41513425111771	-0.87820106744766	73.000000000000	0.0000000000000
2.9119999408722	0.41398474574089	-0.87880259752274	73.000000000000	0.0000000000000
2.9159998893738	0.41283860802650	-0.87940889596939	73.000000000000	0.0000000000000
2.9200000762939	0.41169494390488	-0.88002020120621	73.000000000000	0.0000000000000
2.9240000247955	0.41055363416672	-0.88063675165176	73.000000000000	0.0000000000000
2.9279999732971	0.40941369533539	-0.88125866651535	73.000000000000	0.0000000000000
2.9319999217987	0.40827453136444	-0.88188612461090	73.000000000000	0.0000000000000
2.9360001087189	0.40713560581207	-0.88251912593842	73.000000000000	0.0000000000000
2.9400000572205	0.40599614381790	-0.88315778970718	73.000000000000	0.0000000000000
2.9440000057220	0.40485540032387	-0.88380199670792	73.000000000000	0.0000000000000
2.9479999542236	0.40371271967888	-0.88445162773132	73.000000000000	0.0000000000000
2.9519999027252	0.40256756544113	-0.88510668277740	73.000000000000	0.0000000000000
2.9560000896454	0.40141949057579	-0.88576680421829	73.000000000000	0.0000000000000
2.9600000381470	0.40026766061783	-0.88643187284470	73.000000000000	0.0000000000000
2.9639999866486	0.39911121129990	-0.88710159063339	73.000000000000	0.0000000000000
2.9679999351501	0.39794972538948	-0.88777577877045	73.000000000000	0.0000000000000
2.9719998836517	0.39678314328194	-0.88845360279083	73.000000000000	0.0000000000000
2.9760000705719	0.39561057090759	-0.88913512229919	73.000000000000	0.0000000000000
2.9800000190735	0.39443138241768	-0.88981980085373	73.000000000000	0.0000000000000
2.9839999675751	0.39324486255646	-0.89050722122192	73.000000000000	0.0000000000000
2.9879999160767	0.39205160737038	-0.89119654893875	73.000000000000	0.0000000000000
2.9920001029968	0.39085051417351	-0.89188754558563	73.000000000000	0.0000000000000
2.9960000514984	0.38964131474495	-0.89257955551147	73.000000000000	0.0000000000000
3.0000000000000	0.38842332363129	-0.89327234029770	73.000000000000	0.0000000000000
3.0039999485016	0.38719755411148	-0.89396452903748	73.000000000000	0.0000000000000
3.0079998970032	0.38596251606941	-0.89465630054474	73.000000000000	0.0000000000000
3.0120000839233	0.38471916317940	-0.89534634351730	73.000000000000	0.0000000000000
3.0160000324249	0.38346612453461	-0.89603471755981	73.000000000000	0.0000000000000
3.0199999809265	0.38220471143723	-0.89671999216080	73.000000000000	0.0000000000000
3.0239999294281	0.38093400001526	-0.89740222692490	73.000000000000	0.0000000000000
3.0280001163483	0.37965410947800	-0.89808040857315	73.000000000000	0.0000000000000
3.0320000648499	0.37836575508118	-0.89875388145447	73.000000000000	0.0000000000000
3.0360000133514	0.37706837058067	-0.89942228794098	73.000000000000	0.0000000000000
3.0399999618530	0.37576255202293	-0.90008479356766	73.000000000000	0.0000000000000
3.0439999103546	0.37444859743118	-0.90074062347412	73.000000000000	0.0000000000000
3.0480000972748	0.37312644720078	-0.90138959884644	73.000000000000	0.0000000000000
3.0520000457764	0.37179636955261	-0.90203112363815	73.000000000000	0.0000000000000
3.0559999942780	0.37045955657959	-0.90266424417496	73.000000000000	0.0000000000000
3.0599999427795	0.36911550164223	-0.90328884124756	73.000000000000	0.0000000000000
3.0639998912811	0.36776542663574	-0.90390425920486	73.000000000000	0.0000000000000
3.0680000782013	0.36640885472298	-0.90451014041901	73.000000000000	0.0000000000000
3.0720000267029	0.36504706740379	-0.90510612726212	73.000000000000	0.0000000000000
3.0759999752045	0.36368003487587	-0.90569192171097	73.000000000000	0.0000000000000
3.0799999237061	0.36230906844139	-0.90626686811447	73.000000000000	0.0000000000000
3.0840001106262	0.36093419790268	-0.90683102607727	73.000000000000	0.0000000000000
3.0880000591278	0.35955592989922	-0.90738403797150	73.000000000000	0.0000000000000
3.0920000076294	0.35817515850067	-0.90792584419250	73.000000000000	0.0000000000000
3.0959999561310	0.35679280757904	-0.90845590829849	73.000000000000	0.0000000000000
3.0999999046326	0.35540902614594	-0.90897458791733	73.000000000000	0.0000000000000
3.1040000915527	0.35402432084084	-0.90948170423508	73.000000000000	0.0000000000000
3.1080000400543	0.35264015197754	-0.90997707843781	73.000000000000	0.0000000000000
3.1119999885559	0.35125660896301	-0.91046082973480	73.000000000000	0.0000000000000
3.1159999370575	0.34987393021584	-0.91093343496323	73.000000000000	0.0000000000000
3.1199998855591	0.34849345684052	-0.91139441728592	73.000000000000	0.0000000000000
3.1240000724792	0.34711548686028	-0.91184443235397	73.000000000000	0.0000000000000
3.1280000209808	0.34574055671692	-0.91228365898132	73.000000000000	0.0000000000000
3.1319999694824	0.34436938166618	-0.91271227598190	73.000000000000	0.0000000000000
3.1359999179840	0.34300291538239	-0.91313034296036	73.000000000000	0.0000000000000
3.1400001049042	0.34164148569107	-0.91353851556778	73.000000000000	0.0000000000000
3.1440000534058	0.34028485417366	-0.91393738985062	73.000000000000	0.0000000000000
3.1480000019073	0.33893409371376	-0.91432720422745	73.000000000000	0.0000000000000
3.1519999504089	0.33758983016014	-0.91470837593079	73.000000000000	0.0000000000000
3.1559998989105	0.33625277876854	-0.91508120298386	73.000000000000	0.0000000000000
3.1600000858307	0.33492228388786	-0.91544669866562	73.000000000000	0.0000000000000
3.1640000343323	0.33359941840172	-0.91580516099930	73.000000000000	0.0000000000000
3.1679999828339	0.33228400349617	-0.91615718603134	73.000000000000	0.0000000000000
3.1719999313354	0.33097627758980	-0.91650366783142	73.000000000000	0.0000000000000
3.1760001182556	0.32967728376389	-0.91684460639954	73.000000000000	0.0000000000000
3.1800000667572	0.32838645577431	-0.91718107461929	73.000000000000	0.0000000000000
3.1840000152588	0.32710438966751	-0.91751348972321	73.000000000000	0.0000000000000
3.1879999637604	0.32582995295525	-0.91784292459488	73.000000000000	0.0000000000000
3.1919999122620	0.32456427812576	-0.91816973686218	73.000000000000	0.0000000000000
3.1960000991821	0.32330700755119	-0.91849452257156	73.000000000000	0.0000000000000
3.2000000476837	0.32205891609192	-0.91881769895554	73.000000000000	0.0000000000000
3.2039999961853	0.32081788778305	-0.91914051771164	73.000000000000	0.0000000000000
3.2079999446869	0.31958582997322	-0.91946303844452	73.000000000000	0.0000000000000
3.2119998931885	0.31836119294167	-0.91978621482849	73.000000000000	0.0000000000000
3.2160000801086	0.31714361906052	-0.92011064291000	73.000000000000	0.0000000000000
3.2200000286102	0.31593370437622	-0.92043668031693	73.000000000000	0.0000000000000
3.2239999771118	0.31473067402840	-0.92076486349106	73.000000000000	0.0000000000000
3.2279999256134	0.31353375315666	-0.92109596729279	73.000000000000	0.0000000000000
3.2320001125336	0.31234297156334	-0.92143023014069	73.000000000000	0.0000000000000
3.2360000610352	0.31115800142288	-0.92176818847656	73.000000000000	0.0000000000000
3.2400000095367	0.30997797846794	-0.92211025953293	73.000000000000	0.0000000000000
3.2439999580383	0.30880209803581	-0.92245686054230	73.000000000000	0.0000000000000
3.2479999065399	0.30763041973114	-0.92280834913254	73.000000000000	0.0000000000000
3.2520000934601	0.30646285414696	-0.92316460609436	73.000000000000	0.0000000000000
3.2560000419617	0.30529722571373	-0.92352658510208	73.000000000000	0.0000000000000
3.2599999904633	0.30413350462914	-0.92389416694641	73.000000000000	0.0000000000000
3.2639999389648	0.30297213792801	-0.92426711320877	73.000000000000	0.0000000000000
3.2679998874664	0.30181124806404	-0.92464607954025	73.000000000000	0.0000000000000
3.2720000743866	0.30065032839775	-0.92503106594086	73.000000000000	0.0000000000000
3.2760000228882	0.29948934912682	-0.92542183399200	73.000000000000	0.0000000000000
3.2799999713898	0.29832729697227	-0.92581838369370	73.000000000000	0.0000000000000
3.2839999198914	0.29716315865517	-0.92622083425522	73.000000000000	0.0000000000000
3.2880001068115	0.29599681496620	-0.92662894725800	73.000000000000	0.0000000000000
3.2920000553131	0.29482731223106	-0.92704248428345	73.000000000000	0.0000000000000
3.2960000038147	0.29365444183350	-0.92746120691299	73.000000000000	0.0000000000000
3.2999999523163	0.29247763752937	-0.92788475751877	73.000000000000	0.0000000000000
3.3039999008179	0.29129540920258	-0.92831331491470	73.000000000000	0.0000000000000
3.3080000877380	0.29010805487633	-0.92874592542648	73.000000000000	0.0000000000000
3.3120000362396	0.28891441226006	-0.92918246984482	73.000000000000	0.0000000000000
3.3159999847412	0.28771489858627	-0.92962241172791	73.000000000000	0.0000000000000
3.3199999332428	0.28650835156441	-0.93006527423859	73.000000000000	0.0000000000000
3.3239998817444	0.28529459238052	-0.93051069974899	73.000000000000	0.0000000000000
3.3280000686646	0.28407341241837	-0.93095791339874	73.000000000000	0.0000000000000
3.3320000171661	0.28284370899200	-0.93140649795532	73.000000000000	0.0000000000000
3.3359999656677	0.28160583972931	-0.93185591697693	73.000000000000	0.0000000000000
3.3399999141693	0.28035956621170	-0.93230545520782	73.000000000000	0.0000000000000
3.3440001010895	0.27910420298576	-0.93275439739227	73.000000000000	0.0000000000000
3.3480000495911	0.27784004807472	-0.93320220708847	73.000000000000	0.0000000000000
3.3519999980927	0.27656689286232	-0.93364810943604	73.000000000000	0.0000000000000
3.3559999465942	0.27528461813927	-0.93409162759781	73.000000000000	0.0000000000000
3.3599998950958	0.27399343252182	-0.93453186750412	73.000000000000	0.0000000000000
3.3640000820160	0.27269232273102	-0.93496835231781	73.000000000000	0.0000000000000
3.3680000305176	0.27138289809227	-0.93540024757385	73.000000000000	0.0000000000000
3.3719999790192	0.27006372809410	-0.93582719564438	73.000000000000	0.0000000000000
3.3759999275208	0.26873636245728	-0.93624806404114	73.000000000000	0.0000000000000
3.3800001144409	0.26740029454231	-0.93666249513626	73.000000000000	0.0000000000000
3.3840000629425	0.26605585217476	-0.93706983327866	73.000000000000	0.0000000000000
3.3880000114441	0.26470336318016	-0.93746948242188	73.000000000000	0.0000000000000
3.3919999599457	0.26334363222122	-0.93786078691483	73.000000000000	0.0000000000000
3.3959999084473	0.26197639107704	-0.93824321031570	73.000000000000	0.0000000000000
3.4000000953674	0.26060262322426	-0.93861633539200	73.000000000000	0.0000000000000
3.4040000438690	0.25922238826752	-0.93897944688797	73.000000000000	0.0000000000000
3.4079999923706	0.25783640146255	-0.93933236598969	73.000000000000	0.0000000000000
3.4119999408722	0.25644499063492	-0.93967449665070	73.000000000000	0.0000000000000
3.4159998893738	0.25504916906357	-0.94000566005707	73.000000000000	0.0000000000000
3.4200000762939	0.25364944338799	-0.94032520055771	73.000000000000	0.0000000000000
3.4240000247955	0.25224602222443	-0.94063293933868	73.000000000000	0.0000000000000
3.4279999732971	0.25083965063095	-0.94092881679535	73.000000000000	0.0000000000000
3.4319999217987	0.24943143129349	-0.94121247529984	73.000000000000	0.0000000000000
3.4360001087189	0.24802166223526	-0.94148379564285	73.000000000000	0.0000000000000
3.4400000572205	0.24661134183407	-0.94174259901047	73.000000000000	0.0000000000000
3.4440000057220	0.24520051479340	-0.94198900461197	73.000000000000	0.0000000000000
3.4479999542236	0.24379061162472	-0.94222289323807	73.000000000000	0.0000000000000
3.4519999027252	0.24238197505474	-0.94244432449341	73.000000000000	0.0000000000000
3.4560000896454	0.24097517132759	-0.94265353679657	73.000000000000	0.0000000000000
3.4600000381470	0.23957116901875	-0.94285047054291	73.000000000000	0.0000000000000
3.4639999866486	0.23817016184330	-0.94303548336029	73.000000000000	0.0000000000000
3.4679999351501	0.23677338659763	-0.94320881366730	73.000000000000	0.0000000000000
3.4719998836517	0.23538112640381	-0.94337052106857	73.000000000000	0.0000000000000
3.4760000705719	0.23399411141872	-0.94352120161057	73.000000000000	0.0000000000000
3.4800000190735	0.23261284828186	-0.94366127252579	73.000000000000	0.0000000000000
3.4839999675751	0.23123773932457	-0.94379079341888	73.000000000000	0.0000000000000
3.4879999160767	0.22986941039562	-0.94391077756882	73.000000000000	0.0000000000000
3.4920001029968	0.22850847244263	-0.94402122497559	73.000000000000	0.0000000000000
3.4960000514984	0.22715508937836	-0.94412297010422	73.000000000000	0.0000000000000
3.5000000000000	0.22581005096436	-0.94421631097794	73.000000000000	0.0000000000000
3.5039999485016	0.22447338700294	-0.94430214166641	73.000000000000	0.0000000000000
3.5079998970032	0.22314542531967	-0.94438093900681	73.000000000000	0.0000000000000
3.5120000839233	0.22182656824589	-0.94445329904556	73.000000000000	0.0000000000000
3.5160000324249	0.22051718831062	-0.94451987743378	73.000000000000	0.0000000000000
3.5199999809265	0.21921679377556	-0.94458138942719	73.000000000000	0.0000000000000
3.5239999294281	0.21792596578598	-0.94463837146759	73.000000000000	0.0000000000000
3.5280001163483	0.21664509177208	-0.94469171762466	73.000000000000	0.0000000000000
3.5320000648499	0.21537363529205	-0.94474208354950	73.000000000000	0.0000000000000
3.5360000133514	0.21411174535751	-0.94479000568390	73.000000000000	0.0000000000000
3.5399999618530	0.21285933256149	-0.94483643770218	73.000000000000	0.0000000000000
3.5439999103546	0.21161624789238	-0.94488155841827	73.000000000000	0.0000000000000
3.5480000972748	0.21038240194321	-0.94492638111115	73.000000000000	0.0000000000000
3.5520000457764	0.20915728807449	-0.94497162103653	73.000000000000	0.0000000000000
3.5559999942780	0.20794095098972	-0.94501769542694	73.000000000000	0.0000000000000
3.5599999427795	0.20673277974129	-0.94506514072418	73.000000000000	0.0000000000000
3.5639998912811	0.20553269982338	-0.94511491060257	73.000000000000	0.0000000000000
3.5680000782013	0.20433983206749	-0.94516718387604	73.000000000000	0.0000000000000
3.5720000267029	0.20315425097942	-0.94522255659103	73.000000000000	0.0000000000000
3.5759999752045	0.20197488367558	-0.94528150558472	73.000000000000	0.0000000000000
3.5799999237061	0.20080156624317	-0.94534456729889	73.000000000000	0.0000000000000
3.5840001106262	0.19963406026363	-0.94541203975677	73.000000000000	0.0000000000000
3.5880000591278	0.19847083091736	-0.94548422098160	73.000000000000	0.0000000000000
3.5920000076294	0.19731235504150	-0.94556152820587	73.000000000000	0.0000000000000
3.5959999561310	0.19615702331066	-0.94564408063889	73.000000000000	0.0000000000000
3.5999999046326	0.19500461220741	-0.94573217630386	73.000000000000	0.0000000000000
3.6040000915527	0.19385465979576	-0.94582593441010	73.000000000000	0.0000000000000
3.6080000400543	0.19270621240139	-0.94592547416687	73.000000000000	0.0000000000000
3.6119999885559	0.19155856966972	-0.94603085517883	73.000000000000	0.0000000000000
3.6159999370575	0.19041100144386	-0.94614207744598	73.000000000000	0.0000000000000
3.6199998855591	0.18926274776459	-0.94625890254974	73.000000000000	0.0000000000000
3.6240000724792	0.18811328709126	-0.94638150930405	73.000000000000	0.0000000000000
3.6280000209808	0.18696212768555	-0.94650965929031	73.000000000000	0.0000000000000
3.6319999694824	0.18580827116966	-0.94664293527603	73.000000000000	0.0000000000000
3.6359999179840	0.18465113639832	-0.94678127765656	73.000000000000	0.0000000000000
3.6400001049042	0.18348997831345	-0.94692432880402	73.000000000000	0.0000000000000
3.6440000534058	0.18232446908951	-0.94707161188126	73.000000000000	0.0000000000000
3.6480000019073	0.18115377426147	-0.94722288846970	73.000000000000	0.0000000000000
3.6519999504089	0.17997761070728	-0.94737756252289	73.000000000000	0.0000000000000
3.6559998989105	0.17879517376423	-0.94753521680832	73.000000000000	0.0000000000000
3.6600000858307	0.17760609090328	-0.94769519567490	73.000000000000	0.0000000000000
3.6640000343323	0.17641000449657	-0.94785708189011	73.000000000000	0.0000000000000
3.6679999828339	0.17520634829998	-0.94802016019821	73.000000000000	0.0000000000000
3.6719999313354	0.17399477958679	-0.94818383455276	73.000000000000	0.0000000000000
3.6760001182556	0.17277516424656	-0.94834733009338	73.000000000000	0.0000000000000
3.6800000667572	0.17154714465141	-0.94851005077362	73.000000000000	0.0000000000000
3.6840000152588	0.17031037807465	-0.94867128133774	73.000000000000	0.0000000000000
3.6879999637604	0.16906517744064	-0.94883036613464	73.000000000000	0.0000000000000
3.6919999122620	0.16781078279018	-0.94898647069931	73.000000000000	0.0000000000000
3.6960000991821	0.16654750704765	-0.94913882017136	73.000000000000	0.0000000000000
3.7000000476837	0.16527543962002	-0.94928658008575	73.000000000000	0.0000000000000
3.7039999961853	0.16399452090263	-0.94942927360535	73.000000000000	0.0000000000000
3.7079999446869	0.16270509362221	-0.94956582784653	73.000000000000	0.0000000000000
3.7119998931885	0.16140682995319	-0.94969570636749	73.000000000000	0.0000000000000
3.7160000801086	0.16010034084320	-0.94981819391251	73.000000000000	0.0000000000000
3.7200000286102	0.15878599882126	-0.94993245601654	73.000000000000	0.0000000000000
3.7239999771118	0.15746371448040	-0.95003771781921	73.000000000000	0.0000000000000
3.7279999256134	0.15613435208797	-0.95013356208801	73.000000000000	0.0000000000000
3.7320001125336	0.15479809045792	-0.95021915435791	73.000000000000	0.0000000000000
3.7360000610352	0.15345557034016	-0.95029401779175	73.000000000000	0.0000000000000
3.7400000095367	0.15210717916489	-0.95035731792450	73.000000000000	0.0000000000000
3.7439999580383	0.15075363218784	-0.95040881633759	73.000000000000	0.0000000000000
3.7479999065399	0.14939531683922	-0.95044779777527	73.000000000000	0.0000000000000
3.7520000934601	0.14803317189217	-0.95047390460968	73.000000000000	0.0000000000000
3.7560000419617	0.14666740596294	-0.95048660039902	73.000000000000	0.0000000000000
3.7599999904633	0.14529961347580	-0.95048564672470	73.000000000000	0.0000000000000
3.7639999389648	0.14392940700054	-0.95047080516815	73.000000000000	0.0000000000000
3.7679998874664	0.14255858957767	-0.95044171810150	73.000000000000	0.0000000000000
3.7720000743866	0.14118722081184	-0.95039814710617	73.000000000000	0.0000000000000
3.7760000228882	0.13981671631336	-0.95033991336823	73.000000000000	0.0000000000000
3.7799999713898	0.13844710588455	-0.95026701688766	73.000000000000	0.0000000000000
3.7839999198914	0.13707983493805	-0.95017945766449	73.000000000000	0.0000000000000
3.7880001068115	0.13571542501450	-0.95007711648941	73.000000000000	0.0000000000000
3.7920000553131	0.13435484468937	-0.94996017217636	73.000000000000	0.0000000000000
3.7960000038147	0.13299909234047	-0.94982868432999	73.000000000000	0.0000000000000
3.7999999523163	0.13164827227592	-0.94968307018280	73.000000000000	0.0000000000000
3.8039999008179	0.13030381500721	-0.94952327013016	73.000000000000	0.0000000000000
3.8080000877380	0.12896625697613	-0.94934988021851	73.000000000000	0.0000000000000
3.8120000362396	0.12763662636280	-0.94916290044785	73.000000000000	0.0000000000000
3.8159999847412	0.12631501257420	-0.94896316528320	73.000000000000	0.0000000000000
3.8199999332428	0.12500266730785	-0.94875097274780	73.000000000000	0.0000000000000
3.8239998817444	0.12370011955500	-0.94852668046951	73.000000000000	0.0000000000000
3.8280000686646	0.12240772694349	-0.94829106330872	73.000000000000	0.0000000000000
3.8320000171661	0.12112626433372	-0.94804471731186	73.000000000000	0.0000000000000
3.8359999656677	0.11985627561808	-0.94778811931610	73.000000000000	0.0000000000000
3.8399999141693	0.11859810352325	-0.94752198457718	73.000000000000	0.0000000000000
3.8440001010895	0.11735231429338	-0.94724714756012	73.000000000000	0.0000000000000
3.8480000495911	0.11611898988485	-0.94696426391602	73.000000000000	0.0000000000000
3.8519999980927	0.11489915102720	-0.94667416810989	73.000000000000	0.0000000000000
3.8559999465942	0.11369196325541	-0.94637739658356	73.000000000000	0.0000000000000
3.8599998950958	0.11249867826700	-0.94607514142990	73.000000000000	0.0000000000000
3.8640000820160	0.11131914705038	-0.94576787948608	73.000000000000	0.0000000000000
3.8680000305176	0.11015322804451	-0.94545650482178	73.000000000000	0.0000000000000
3.8719999790192	0.10900077223778	-0.94514191150665	73.000000000000	0.0000000000000
3.8759999275208	0.10786233097315	-0.94482499361038	73.000000000000	0.0000000000000
3.8800001144409	0.10673750191927	-0.94450640678406	73.000000000000	0.0000000000000
3.8840000629425	0.10562635213137	-0.94418698549271	73.000000000000	0.0000000000000
3.8880000114441	0.10452804714441	-0.94386750459671	73.000000000000	0.0000000000000
3.8919999599457	0.10344310849905	-0.94354885816574	73.000000000000	0.0000000000000
3.8959999084473	0.10237067192793	-0.94323194026947	73.000000000000	0.0000000000000
3.9000000953674	0.10131055861712	-0.94291692972183	73.000000000000	0.0000000000000
3.9040000438690	0.10026236623526	-0.94260507822037	73.000000000000	0.0000000000000
3.9079999923706	0.099225662648678	-0.94229662418365	73.000000000000	0.0000000000000
3.9119999408722	0.098199591040611	-0.94199252128601	73.000000000000	0.0000000000000
3.9159998893738	0.097183957695961	-0.94169318675995	73.000000000000	0.0000000000000
3.9200000762939	0.096178084611893	-0.94139909744263	73.000000000000	0.0000000000000
3.9240000247955	0.095181316137314	-0.94111084938049	73.000000000000	0.0000000000000
3.9279999732971	0.094192527234554	-0.94082880020142	73.000000000000	0.0000000000000
3.9319999217987	0.093211963772774	-0.94055330753326	73.000000000000	0.0000000000000
3.9360001087189	0.092237815260887	-0.94028484821320	73.000000000000	0.0000000000000
3.9400000572205	0.091270051896572	-0.94002348184586	73.000000000000	0.0000000000000
3.9440000057220	0.090307332575321	-0.93976956605911	73.000000000000	0.0000000000000
3.9479999542236	0.089349627494812	-0.93952310085297	73.000000000000	0.0000000000000
3.9519999027252	0.088395558297634	-0.93928426504135	73.000000000000	0.0000000000000
3.9560000896454	0.087444201111794	-0.93905305862427	73.000000000000	0.0000000000000
3.9600000381470	0.086495079100132	-0.93882948160172	73.000000000000	0.0000000000000
3.9639999866486	0.085547246038914	-0.93861329555511	73.000000000000	0.0000000000000
3.9679999351501	0.084600210189819	-0.93840450048447	73.000000000000	0.0000000000000
3.9719998836517	0.083652801811695	-0.93820279836655	73.000000000000	0.0000000000000
3.9760000705719	0.082704521715641	-0.93800771236420	73.000000000000	0.0000000000000
3.9800000190735	0.081754431128502	-0.93781912326813	73.000000000000	0.0000000000000
3.9839999675751	0.080802015960217	-0.93763661384583	73.000000000000	0.0000000000000
3.9879999160767	0.079846546053886	-0.93745964765549	73.000000000000	0.0000000000000
3.9920001029968	0.078887276351452	-0.93728762865067	73.000000000000	0.0000000000000
3.9960000514984	0.077923722565174	-0.93712007999420	73.000000000000	0.0000000000000
4.0000000000000	0.076955348253250	-0.93695640563965	73.000000000000	0.0000000000000
