#Parameters = {D=60; L=50}
#"Frequency / GHz"	"S1,1 (D=60) [Re]"	"S1,1 (D=60) [Im]"	"Ref.Imp. [Re]"	"Ref.Imp. [Im]"
#---------------------------------------------------------------------------------------
0.0000000000000	0.99962157011032	-0.0000000000000	73.000000000000	0.0000000000000
0.0040000001899898	0.99962013959885	-0.0017889693845063	73.000000000000	0.0000000000000
0.0080000003799796	0.99961572885513	-0.0035779471509159	73.000000000000	0.0000000000000
0.012000000104308	0.99960857629776	-0.0053669428452849	73.000000000000	0.0000000000000
0.016000000759959	0.99959850311279	-0.0071559641510248	73.000000000000	0.0000000000000
0.019999999552965	0.99958562850952	-0.0089450189843774	73.000000000000	0.0000000000000
0.024000000208616	0.99956983327866	-0.010734117589891	73.000000000000	0.0000000000000
0.028000000864267	0.99955117702484	-0.012523267418146	73.000000000000	0.0000000000000
0.032000001519918	0.99952954053879	-0.014312474988401	73.000000000000	0.0000000000000
0.035999998450279	0.99950510263443	-0.016101751476526	73.000000000000	0.0000000000000
0.039999999105930	0.99947780370712	-0.017891103401780	73.000000000000	0.0000000000000
0.043999999761581	0.99944746494293	-0.019680535420775	73.000000000000	0.0000000000000
0.048000000417233	0.99941420555115	-0.021470054984093	73.000000000000	0.0000000000000
0.052000001072884	0.99937820434570	-0.023259675130248	73.000000000000	0.0000000000000
0.056000001728535	0.99933922290802	-0.025049393996596	73.000000000000	0.0000000000000
0.059999998658895	0.99929714202881	-0.026839224621654	73.000000000000	0.0000000000000
0.064000003039837	0.99925237894058	-0.028629167005420	73.000000000000	0.0000000000000
0.068000003695488	0.99920445680618	-0.030419234186411	73.000000000000	0.0000000000000
0.071999996900558	0.99915367364883	-0.032209422439337	73.000000000000	0.0000000000000
0.075999997556210	0.99909991025925	-0.033999744802713	73.000000000000	0.0000000000000
0.079999998211861	0.99904310703278	-0.035790193825960	73.000000000000	0.0000000000000
0.083999998867512	0.99898338317871	-0.037580788135529	73.000000000000	0.0000000000000
0.087999999523163	0.99892061948776	-0.039371520280838	73.000000000000	0.0000000000000
0.092000000178814	0.99885481595993	-0.041162390261889	73.000000000000	0.0000000000000
0.096000000834465	0.99878603219986	-0.042953409254551	73.000000000000	0.0000000000000
0.10000000149012	0.99871420860291	-0.044744577258825	73.000000000000	0.0000000000000
0.10400000214577	0.99863922595978	-0.046535894274712	73.000000000000	0.0000000000000
0.10800000280142	0.99856126308441	-0.048327360302210	73.000000000000	0.0000000000000
0.11200000345707	0.99848020076752	-0.050118971616030	73.000000000000	0.0000000000000
0.11599999666214	0.99839603900909	-0.051910728216171	73.000000000000	0.0000000000000
0.11999999731779	0.99830883741379	-0.053702633827925	73.000000000000	0.0000000000000
0.12399999797344	0.99821835756302	-0.055494684726000	73.000000000000	0.0000000000000
0.12800000607967	0.99812483787537	-0.057286873459816	73.000000000000	0.0000000000000
0.13199999928474	0.99802815914154	-0.059079203754663	73.000000000000	0.0000000000000
0.13600000739098	0.99792838096619	-0.060871664434671	73.000000000000	0.0000000000000
0.14000000059605	0.99782532453537	-0.062664262950420	73.000000000000	0.0000000000000
0.14399999380112	0.99771904945374	-0.064456976950169	73.000000000000	0.0000000000000
0.14800000190735	0.99760949611664	-0.066249802708626	73.000000000000	0.0000000000000
0.15199999511242	0.99749684333801	-0.068042755126953	73.000000000000	0.0000000000000
0.15600000321865	0.99738097190857	-0.069835796952248	73.000000000000	0.0000000000000
0.15999999642372	0.99726176261902	-0.071628950536251	73.000000000000	0.0000000000000
0.16400000452995	0.99713921546936	-0.073422186076641	73.000000000000	0.0000000000000
0.16799999773502	0.99701339006424	-0.075215496122837	73.000000000000	0.0000000000000
0.17200000584126	0.99688440561295	-0.077008873224258	73.000000000000	0.0000000000000
0.17599999904633	0.99675196409225	-0.078802309930325	73.000000000000	0.0000000000000
0.18000000715256	0.99661618471146	-0.080595806241035	73.000000000000	0.0000000000000
0.18400000035763	0.99647706747055	-0.082389324903488	73.000000000000	0.0000000000000
0.18799999356270	0.99633473157883	-0.084182873368263	73.000000000000	0.0000000000000
0.19200000166893	0.99618893861771	-0.085976421833038	73.000000000000	0.0000000000000
0.19599999487400	0.99603968858719	-0.087769970297813	73.000000000000	0.0000000000000
0.20000000298023	0.99588698148727	-0.089563503861427	73.000000000000	0.0000000000000
0.20399999618530	0.99573099613190	-0.091357007622719	73.000000000000	0.0000000000000
0.20800000429153	0.99557149410248	-0.093150451779366	73.000000000000	0.0000000000000
0.21199999749660	0.99540859460831	-0.094943836331367	73.000000000000	0.0000000000000
0.21600000560284	0.99524211883545	-0.096737131476402	73.000000000000	0.0000000000000
0.21999999880791	0.99507230520248	-0.098530322313309	73.000000000000	0.0000000000000
0.22400000691414	0.99489897489548	-0.10032341629267	73.000000000000	0.0000000000000
0.22800000011921	0.99472218751907	-0.10211636871099	73.000000000000	0.0000000000000
0.23199999332428	0.99454188346863	-0.10390915721655	73.000000000000	0.0000000000000
0.23600000143051	0.99435812234879	-0.10570178925991	73.000000000000	0.0000000000000
0.23999999463558	0.99417078495026	-0.10749420523643	73.000000000000	0.0000000000000
0.24400000274181	0.99397987127304	-0.10928643494844	73.000000000000	0.0000000000000
0.24799999594688	0.99378556013107	-0.11107841879129	73.000000000000	0.0000000000000
0.25200000405312	0.99358761310577	-0.11287015676498	73.000000000000	0.0000000000000
0.25600001215935	0.99338620901108	-0.11466161906719	73.000000000000	0.0000000000000
0.25999999046326	0.99318110942841	-0.11645276844501	73.000000000000	0.0000000000000
0.26399999856949	0.99297255277634	-0.11824363470078	73.000000000000	0.0000000000000
0.26800000667572	0.99276036024094	-0.12003412097692	73.000000000000	0.0000000000000
0.27200001478195	0.99254465103149	-0.12182427197695	73.000000000000	0.0000000000000
0.27599999308586	0.99232536554337	-0.12361404299736	73.000000000000	0.0000000000000
0.28000000119209	0.99210250377655	-0.12540340423584	73.000000000000	0.0000000000000
0.28400000929832	0.99187612533569	-0.12719233334064	73.000000000000	0.0000000000000
0.28799998760223	0.99164617061615	-0.12898083031178	73.000000000000	0.0000000000000
0.29199999570847	0.99141258001328	-0.13076882064342	73.000000000000	0.0000000000000
0.29600000381470	0.99117547273636	-0.13255633413792	73.000000000000	0.0000000000000
0.30000001192093	0.99093466997147	-0.13434331119061	73.000000000000	0.0000000000000
0.30399999022484	0.99069035053253	-0.13612976670265	73.000000000000	0.0000000000000
0.30799999833107	0.99044251441956	-0.13791562616825	73.000000000000	0.0000000000000
0.31200000643730	0.99019098281860	-0.13970091938972	73.000000000000	0.0000000000000
0.31600001454353	0.98993605375290	-0.14148560166359	73.000000000000	0.0000000000000
0.31999999284744	0.98967754840851	-0.14326967298985	73.000000000000	0.0000000000000
0.32400000095367	0.98941540718079	-0.14505305886269	73.000000000000	0.0000000000000
0.32800000905991	0.98914974927902	-0.14683577418327	73.000000000000	0.0000000000000
0.33199998736382	0.98888057470322	-0.14861778914928	73.000000000000	0.0000000000000
0.33599999547005	0.98860782384872	-0.15039910376072	73.000000000000	0.0000000000000
0.34000000357628	0.98833155632019	-0.15217964351177	73.000000000000	0.0000000000000
0.34400001168251	0.98805183172226	-0.15395940840244	73.000000000000	0.0000000000000
0.34799998998642	0.98776847124100	-0.15573839843273	73.000000000000	0.0000000000000
0.35199999809265	0.98748165369034	-0.15751658380032	73.000000000000	0.0000000000000
0.35600000619888	0.98719143867493	-0.15929396450520	73.000000000000	0.0000000000000
0.36000001430511	0.98689758777618	-0.16107046604156	73.000000000000	0.0000000000000
0.36399999260902	0.98660033941269	-0.16284611821175	73.000000000000	0.0000000000000
0.36800000071526	0.98629969358444	-0.16462089121342	73.000000000000	0.0000000000000
0.37200000882149	0.98599565029144	-0.16639475524426	73.000000000000	0.0000000000000
0.37599998712540	0.98568803071976	-0.16816768050194	73.000000000000	0.0000000000000
0.37999999523163	0.98537701368332	-0.16993968188763	73.000000000000	0.0000000000000
0.38400000333786	0.98506253957748	-0.17171071469784	73.000000000000	0.0000000000000
0.38800001144409	0.98474484682083	-0.17348079383373	73.000000000000	0.0000000000000
0.39199998974800	0.98442375659943	-0.17524985969067	73.000000000000	0.0000000000000
0.39599999785423	0.98409914970398	-0.17701794207096	73.000000000000	0.0000000000000
0.40000000596046	0.98377138376236	-0.17878498136997	73.000000000000	0.0000000000000
0.40400001406670	0.98344016075134	-0.18055100739002	73.000000000000	0.0000000000000
0.40799999237061	0.98310571908951	-0.18231600522995	73.000000000000	0.0000000000000
0.41200000047684	0.98276782035828	-0.18407991528511	73.000000000000	0.0000000000000
0.41600000858307	0.98242688179016	-0.18584275245667	73.000000000000	0.0000000000000
0.41999998688698	0.98208260536194	-0.18760456144810	73.000000000000	0.0000000000000
0.42399999499321	0.98173511028290	-0.18936520814896	73.000000000000	0.0000000000000
0.42800000309944	0.98138427734375	-0.19112479686737	73.000000000000	0.0000000000000
0.43200001120567	0.98103034496307	-0.19288326799870	73.000000000000	0.0000000000000
0.43599998950958	0.98067313432693	-0.19464059174061	73.000000000000	0.0000000000000
0.43999999761581	0.98031294345856	-0.19639681279659	73.000000000000	0.0000000000000
0.44400000572205	0.97994947433472	-0.19815190136433	73.000000000000	0.0000000000000
0.44800001382828	0.97958284616470	-0.19990582764149	73.000000000000	0.0000000000000
0.45199999213219	0.97921317815781	-0.20165860652924	73.000000000000	0.0000000000000
0.45600000023842	0.97884029150009	-0.20341025292873	73.000000000000	0.0000000000000
0.46000000834465	0.97846442461014	-0.20516075193882	73.000000000000	0.0000000000000
0.46399998664856	0.97808551788330	-0.20691008865833	73.000000000000	0.0000000000000
0.46799999475479	0.97770357131958	-0.20865823328495	73.000000000000	0.0000000000000
0.47200000286102	0.97731864452362	-0.21040526032448	73.000000000000	0.0000000000000
0.47600001096725	0.97693055868149	-0.21215109527111	73.000000000000	0.0000000000000
0.47999998927116	0.97653961181641	-0.21389578282833	73.000000000000	0.0000000000000
0.48399999737740	0.97614562511444	-0.21563929319382	73.000000000000	0.0000000000000
0.48800000548363	0.97574865818024	-0.21738162636757	73.000000000000	0.0000000000000
0.49200001358986	0.97534894943237	-0.21912285685539	73.000000000000	0.0000000000000
0.49599999189377	0.97494614124298	-0.22086286544800	73.000000000000	0.0000000000000
0.50000000000000	0.97454053163528	-0.22260175645351	73.000000000000	0.0000000000000
0.50400000810623	0.97413194179535	-0.22433948516846	73.000000000000	0.0000000000000
0.50800001621246	0.97372055053711	-0.22607609629631	73.000000000000	0.0000000000000
0.51200002431870	0.97330623865128	-0.22781153023243	73.000000000000	0.0000000000000
0.51599997282028	0.97288912534714	-0.22954586148262	73.000000000000	0.0000000000000
0.51999998092651	0.97246921062469	-0.23127904534340	73.000000000000	0.0000000000000
0.52399998903275	0.97204655408859	-0.23301111161709	73.000000000000	0.0000000000000
0.52799999713898	0.97162097692490	-0.23474206030369	73.000000000000	0.0000000000000
0.53200000524521	0.97119265794754	-0.23647190630436	73.000000000000	0.0000000000000
0.53600001335144	0.97076153755188	-0.23820066452026	73.000000000000	0.0000000000000
0.54000002145767	0.97032755613327	-0.23992833495140	73.000000000000	0.0000000000000
0.54400002956390	0.96989107131958	-0.24165491759777	73.000000000000	0.0000000000000
0.54799997806549	0.96945160627365	-0.24338042736053	73.000000000000	0.0000000000000
0.55199998617172	0.96900957822800	-0.24510489404202	73.000000000000	0.0000000000000
0.55599999427795	0.96856474876404	-0.24682831764221	73.000000000000	0.0000000000000
0.56000000238419	0.96811705827713	-0.24855072796345	73.000000000000	0.0000000000000
0.56400001049042	0.96766686439514	-0.25027206540108	73.000000000000	0.0000000000000
0.56800001859665	0.96721386909485	-0.25199243426323	73.000000000000	0.0000000000000
0.57200002670288	0.96675819158554	-0.25371176004410	73.000000000000	0.0000000000000
0.57599997520447	0.96629983186722	-0.25543010234833	73.000000000000	0.0000000000000
0.57999998331070	0.96583867073059	-0.25714752078056	73.000000000000	0.0000000000000
0.58399999141693	0.96537494659424	-0.25886392593384	73.000000000000	0.0000000000000
0.58799999952316	0.96490854024887	-0.26057934761047	73.000000000000	0.0000000000000
0.59200000762939	0.96443927288055	-0.26229390501976	73.000000000000	0.0000000000000
0.59600001573563	0.96396750211716	-0.26400750875473	73.000000000000	0.0000000000000
0.60000002384186	0.96349292993546	-0.26572018861771	73.000000000000	0.0000000000000
0.60399997234344	0.96301585435867	-0.26743200421333	73.000000000000	0.0000000000000
0.60799998044968	0.96253585815430	-0.26914289593697	73.000000000000	0.0000000000000
0.61199998855591	0.96205323934555	-0.27085292339325	73.000000000000	0.0000000000000
0.61599999666214	0.96156799793243	-0.27256208658218	73.000000000000	0.0000000000000
0.62000000476837	0.96107995510101	-0.27427035570145	73.000000000000	0.0000000000000
0.62400001287460	0.96058923006058	-0.27597787976265	73.000000000000	0.0000000000000
0.62800002098083	0.96009582281113	-0.27768450975418	73.000000000000	0.0000000000000
0.63200002908707	0.95959973335266	-0.27939033508301	73.000000000000	0.0000000000000
0.63599997758865	0.95910084247589	-0.28109544515610	73.000000000000	0.0000000000000
0.63999998569489	0.95859920978546	-0.28279963135719	73.000000000000	0.0000000000000
0.64399999380112	0.95809489488602	-0.28450313210487	73.000000000000	0.0000000000000
0.64800000190735	0.95758777856827	-0.28620582818985	73.000000000000	0.0000000000000
0.65200001001358	0.95707798004150	-0.28790774941444	73.000000000000	0.0000000000000
0.65600001811981	0.95656532049179	-0.28960889577866	73.000000000000	0.0000000000000
0.66000002622604	0.95604985952377	-0.29130932688713	73.000000000000	0.0000000000000
0.66399997472763	0.95553159713745	-0.29300904273987	73.000000000000	0.0000000000000
0.66799998283386	0.95501065254211	-0.29470801353455	73.000000000000	0.0000000000000
0.67199999094009	0.95448684692383	-0.29640629887581	73.000000000000	0.0000000000000
0.67599999904633	0.95396012067795	-0.29810383915901	73.000000000000	0.0000000000000
0.68000000715256	0.95343047380447	-0.29980066418648	73.000000000000	0.0000000000000
0.68400001525879	0.95289808511734	-0.30149680376053	73.000000000000	0.0000000000000
0.68800002336502	0.95236283540726	-0.30319225788116	73.000000000000	0.0000000000000
0.69199997186661	0.95182454586029	-0.30488699674606	73.000000000000	0.0000000000000
0.69599997997284	0.95128339529037	-0.30658107995987	73.000000000000	0.0000000000000
0.69999998807907	0.95073926448822	-0.30827444791794	73.000000000000	0.0000000000000
0.70399999618530	0.95019221305847	-0.30996713042259	73.000000000000	0.0000000000000
0.70800000429153	0.94964230060577	-0.31165915727615	73.000000000000	0.0000000000000
0.71200001239777	0.94908916950226	-0.31335049867630	73.000000000000	0.0000000000000
0.71600002050400	0.94853317737579	-0.31504112482071	73.000000000000	0.0000000000000
0.72000002861023	0.94797408580780	-0.31673106551170	73.000000000000	0.0000000000000
0.72399997711182	0.94741195440292	-0.31842032074928	73.000000000000	0.0000000000000
0.72799998521805	0.94684672355652	-0.32010889053345	73.000000000000	0.0000000000000
0.73199999332428	0.94627845287323	-0.32179677486420	73.000000000000	0.0000000000000
0.73600000143051	0.94570702314377	-0.32348397374153	73.000000000000	0.0000000000000
0.74000000953674	0.94513249397278	-0.32517039775848	73.000000000000	0.0000000000000
0.74400001764297	0.94455474615097	-0.32685616612434	73.000000000000	0.0000000000000
0.74800002574921	0.94397389888763	-0.32854118943214	73.000000000000	0.0000000000000
0.75199997425079	0.94338977336884	-0.33022549748421	73.000000000000	0.0000000000000
0.75599998235703	0.94280248880386	-0.33190903067589	73.000000000000	0.0000000000000
0.75999999046326	0.94221192598343	-0.33359187841415	73.000000000000	0.0000000000000
0.76399999856949	0.94161820411682	-0.33527392148972	73.000000000000	0.0000000000000
0.76800000667572	0.94102102518082	-0.33695518970490	73.000000000000	0.0000000000000
0.77200001478195	0.94042068719864	-0.33863565325737	73.000000000000	0.0000000000000
0.77600002288818	0.93981701135635	-0.34031531214714	73.000000000000	0.0000000000000
0.77999997138977	0.93920999765396	-0.34199416637421	73.000000000000	0.0000000000000
0.78399997949600	0.93859964609146	-0.34367218613625	73.000000000000	0.0000000000000
0.78799998760223	0.93798583745956	-0.34534937143326	73.000000000000	0.0000000000000
0.79199999570847	0.93736869096756	-0.34702569246292	73.000000000000	0.0000000000000
0.79600000381470	0.93674814701080	-0.34870111942291	73.000000000000	0.0000000000000
0.80000001192093	0.93612426519394	-0.35037562251091	73.000000000000	0.0000000000000
0.80400002002716	0.93549680709839	-0.35204920172691	73.000000000000	0.0000000000000
0.80800002813339	0.93486595153809	-0.35372188687325	73.000000000000	0.0000000000000
0.81199997663498	0.93423157930374	-0.35539352893829	73.000000000000	0.0000000000000
0.81599998474121	0.93359375000000	-0.35706421732903	73.000000000000	0.0000000000000
0.81999999284744	0.93295240402222	-0.35873389244080	73.000000000000	0.0000000000000
0.82400000095367	0.93230754137039	-0.36040252447128	73.000000000000	0.0000000000000
0.82800000905991	0.93165916204453	-0.36207011342049	73.000000000000	0.0000000000000
0.83200001716614	0.93100726604462	-0.36373659968376	73.000000000000	0.0000000000000
0.83600002527237	0.93035173416138	-0.36540192365646	73.000000000000	0.0000000000000
0.83999997377396	0.92969274520874	-0.36706617474556	73.000000000000	0.0000000000000
0.84399998188019	0.92903012037277	-0.36872923374176	73.000000000000	0.0000000000000
0.84799998998642	0.92836397886276	-0.37039113044739	73.000000000000	0.0000000000000
0.85199999809265	0.92769408226013	-0.37205180525780	73.000000000000	0.0000000000000
0.85600000619888	0.92702078819275	-0.37371119856834	73.000000000000	0.0000000000000
0.86000001430511	0.92634373903275	-0.37536931037903	73.000000000000	0.0000000000000
0.86400002241135	0.92566317319870	-0.37702611088753	73.000000000000	0.0000000000000
0.86799997091293	0.92497885227203	-0.37868162989616	73.000000000000	0.0000000000000
0.87199997901917	0.92429107427597	-0.38033571839333	73.000000000000	0.0000000000000
0.87599998712540	0.92359960079193	-0.38198843598366	73.000000000000	0.0000000000000
0.87999999523163	0.92290455102921	-0.38363975286484	73.000000000000	0.0000000000000
0.88400000333786	0.92220580577850	-0.38528960943222	73.000000000000	0.0000000000000
0.88800001144409	0.92150360345840	-0.38693797588348	73.000000000000	0.0000000000000
0.89200001955032	0.92079752683640	-0.38858479261398	73.000000000000	0.0000000000000
0.89600002765656	0.92008799314499	-0.39023011922836	73.000000000000	0.0000000000000
0.89999997615814	0.91937482357025	-0.39187383651733	73.000000000000	0.0000000000000
0.90399998426437	0.91865801811218	-0.39351594448090	73.000000000000	0.0000000000000
0.90799999237061	0.91793769598007	-0.39515644311905	73.000000000000	0.0000000000000
0.91200000047684	0.91721367835999	-0.39679533243179	73.000000000000	0.0000000000000
0.91600000858307	0.91648608446121	-0.39843240380287	73.000000000000	0.0000000000000
0.92000001668930	0.91575491428375	-0.40006783604622	73.000000000000	0.0000000000000
0.92400002479553	0.91502022743225	-0.40170150995255	73.000000000000	0.0000000000000
0.92799997329712	0.91428196430206	-0.40333339571953	73.000000000000	0.0000000000000
0.93199998140335	0.91354012489319	-0.40496346354485	73.000000000000	0.0000000000000
0.93599998950958	0.91279482841492	-0.40659171342850	73.000000000000	0.0000000000000
0.93999999761581	0.91204589605331	-0.40821811556816	73.000000000000	0.0000000000000
0.94400000572205	0.91129350662231	-0.40984266996384	73.000000000000	0.0000000000000
0.94800001382828	0.91053766012192	-0.41146519780159	73.000000000000	0.0000000000000
0.95200002193451	0.90977841615677	-0.41308593750000	73.000000000000	0.0000000000000
0.95599997043610	0.90901559591293	-0.41470459103584	73.000000000000	0.0000000000000
0.95999997854233	0.90824937820435	-0.41632133722305	73.000000000000	0.0000000000000
0.96399998664856	0.90747970342636	-0.41793599724770	73.000000000000	0.0000000000000
0.96799999475479	0.90670663118362	-0.41954866051674	73.000000000000	0.0000000000000
0.97200000286102	0.90593028068542	-0.42115938663483	73.000000000000	0.0000000000000
0.97600001096725	0.90515047311783	-0.42276790738106	73.000000000000	0.0000000000000
0.98000001907349	0.90436744689941	-0.42437425255775	73.000000000000	0.0000000000000
0.98400002717972	0.90358090400696	-0.42597883939743	73.000000000000	0.0000000000000
0.98799997568130	0.90279108285904	-0.42758128046989	73.000000000000	0.0000000000000
0.99199998378754	0.90199822187424	-0.42918109893799	73.000000000000	0.0000000000000
0.99599999189377	0.90120196342468	-0.43077915906906	73.000000000000	0.0000000000000
1.0000000000000	0.90040260553360	-0.43237456679344	73.000000000000	0.0000000000000
1.0039999485016	0.89959996938705	-0.43396824598312	73.000000000000	0.0000000000000
1.0080000162125	0.89879411458969	-0.43555974960327	73.000000000000	0.0000000000000
1.0119999647141	0.89798527956009	-0.43714860081673	73.000000000000	0.0000000000000
1.0160000324249	0.89717304706573	-0.43873572349548	73.000000000000	0.0000000000000
1.0199999809265	0.89635789394379	-0.44032064080238	73.000000000000	0.0000000000000
1.0240000486374	0.89553970098495	-0.44190296530724	73.000000000000	0.0000000000000
1.0279999971390	0.89471828937531	-0.44348350167274	73.000000000000	0.0000000000000
1.0319999456406	0.89389431476593	-0.44506105780602	73.000000000000	0.0000000000000
1.0360000133514	0.89306676387787	-0.44663724303246	73.000000000000	0.0000000000000
1.0399999618530	0.89223676919937	-0.44821041822433	73.000000000000	0.0000000000000
1.0440000295639	0.89140349626541	-0.44978180527687	73.000000000000	0.0000000000000
1.0479999780655	0.89056748151779	-0.45135059952736	73.000000000000	0.0000000000000
1.0520000457764	0.88972836732864	-0.45291769504547	73.000000000000	0.0000000000000
1.0559999942780	0.88888663053513	-0.45448216795921	73.000000000000	0.0000000000000
1.0599999427795	0.88804191350937	-0.45604449510574	73.000000000000	0.0000000000000
1.0640000104904	0.88719439506531	-0.45760470628738	73.000000000000	0.0000000000000
1.0679999589920	0.88634431362152	-0.45916229486465	73.000000000000	0.0000000000000
1.0720000267029	0.88549113273621	-0.46071812510490	73.000000000000	0.0000000000000
1.0759999752045	0.88463526964188	-0.46227186918259	73.000000000000	0.0000000000000
1.0800000429153	0.88377678394318	-0.46382302045822	73.000000000000	0.0000000000000
1.0839999914169	0.88291555643082	-0.46537205576897	73.000000000000	0.0000000000000
1.0880000591278	0.88205170631409	-0.46691894531250	73.000000000000	0.0000000000000
1.0920000076294	0.88118535280228	-0.46846330165863	73.000000000000	0.0000000000000
1.0959999561310	0.88031619787216	-0.47000598907471	73.000000000000	0.0000000000000
1.1000000238419	0.87944436073303	-0.47154656052589	73.000000000000	0.0000000000000
1.1039999723434	0.87857013940811	-0.47308456897736	73.000000000000	0.0000000000000
1.1080000400543	0.87769305706024	-0.47462090849876	73.000000000000	0.0000000000000
1.1119999885559	0.87681347131729	-0.47615516185760	73.000000000000	0.0000000000000
1.1160000562668	0.87593132257462	-0.47768729925156	73.000000000000	0.0000000000000
1.1200000047684	0.87504667043686	-0.47921738028526	73.000000000000	0.0000000000000
1.1239999532700	0.87415957450867	-0.48074537515640	73.000000000000	0.0000000000000
1.1280000209808	0.87326967716217	-0.48227158188820	73.000000000000	0.0000000000000
1.1319999694824	0.87237727642059	-0.48379573225975	73.000000000000	0.0000000000000
1.1360000371933	0.87148255109787	-0.48531800508499	73.000000000000	0.0000000000000
1.1399999856949	0.87058520317078	-0.48683828115463	73.000000000000	0.0000000000000
1.1440000534058	0.86968541145325	-0.48835676908493	73.000000000000	0.0000000000000
1.1480000019073	0.86878299713135	-0.48987326025963	73.000000000000	0.0000000000000
1.1519999504089	0.86787807941437	-0.49138805270195	73.000000000000	0.0000000000000
1.1560000181198	0.86697071790695	-0.49290102720261	73.000000000000	0.0000000000000
1.1599999666214	0.86606085300446	-0.49441218376160	73.000000000000	0.0000000000000
1.1640000343323	0.86514842510223	-0.49592164158821	73.000000000000	0.0000000000000
1.1679999828339	0.86423343420029	-0.49742934107780	73.000000000000	0.0000000000000
1.1720000505447	0.86331588029861	-0.49893531203270	73.000000000000	0.0000000000000
1.1759999990463	0.86239576339722	-0.50043970346451	73.000000000000	0.0000000000000
1.1799999475479	0.86147314310074	-0.50194239616394	73.000000000000	0.0000000000000
1.1840000152588	0.86054801940918	-0.50344353914261	73.000000000000	0.0000000000000
1.1879999637604	0.85962015390396	-0.50494313240051	73.000000000000	0.0000000000000
1.1920000314713	0.85868972539902	-0.50644111633301	73.000000000000	0.0000000000000
1.1959999799728	0.85775655508041	-0.50793755054474	73.000000000000	0.0000000000000
1.2000000476837	0.85682082176208	-0.50943255424500	73.000000000000	0.0000000000000
1.2039999961853	0.85588234663010	-0.51092612743378	73.000000000000	0.0000000000000
1.2079999446869	0.85494118928909	-0.51241809129715	73.000000000000	0.0000000000000
1.2120000123978	0.85399729013443	-0.51390886306763	73.000000000000	0.0000000000000
1.2159999608994	0.85305064916611	-0.51539802551270	73.000000000000	0.0000000000000
1.2200000286102	0.85210108757019	-0.51688593626022	73.000000000000	0.0000000000000
1.2239999771118	0.85114872455597	-0.51837247610092	73.000000000000	0.0000000000000
1.2280000448227	0.85019350051880	-0.51985770463943	73.000000000000	0.0000000000000
1.2319999933243	0.84923541545868	-0.52134162187576	73.000000000000	0.0000000000000
1.2359999418259	0.84827429056168	-0.52282422780991	73.000000000000	0.0000000000000
1.2400000095367	0.84731018543243	-0.52430564165115	73.000000000000	0.0000000000000
1.2439999580383	0.84634298086166	-0.52578574419022	73.000000000000	0.0000000000000
1.2480000257492	0.84537279605865	-0.52726471424103	73.000000000000	0.0000000000000
1.2519999742508	0.84439945220947	-0.52874231338501	73.000000000000	0.0000000000000
1.2560000419617	0.84342283010483	-0.53021878004074	73.000000000000	0.0000000000000
1.2599999904633	0.84244292974472	-0.53169393539429	73.000000000000	0.0000000000000
1.2640000581741	0.84145981073380	-0.53316801786423	73.000000000000	0.0000000000000
1.2680000066757	0.84047329425812	-0.53464090824127	73.000000000000	0.0000000000000
1.2719999551773	0.83948343992233	-0.53611254692078	73.000000000000	0.0000000000000
1.2760000228882	0.83849006891251	-0.53758311271667	73.000000000000	0.0000000000000
1.2799999713898	0.83749318122864	-0.53905254602432	73.000000000000	0.0000000000000
1.2840000391006	0.83649271726608	-0.54052066802979	73.000000000000	0.0000000000000
1.2879999876022	0.83548855781555	-0.54198759794235	73.000000000000	0.0000000000000
1.2920000553131	0.83448076248169	-0.54345333576202	73.000000000000	0.0000000000000
1.2960000038147	0.83346921205521	-0.54491794109344	73.000000000000	0.0000000000000
1.2999999523163	0.83245378732681	-0.54638135433197	73.000000000000	0.0000000000000
1.3040000200272	0.83143430948257	-0.54784345626831	73.000000000000	0.0000000000000
1.3079999685287	0.83041101694107	-0.54930442571640	73.000000000000	0.0000000000000
1.3120000362396	0.82938361167908	-0.55076396465302	73.000000000000	0.0000000000000
1.3159999847412	0.82835203409195	-0.55222231149673	73.000000000000	0.0000000000000
1.3200000524521	0.82731640338898	-0.55367934703827	73.000000000000	0.0000000000000
1.3240000009537	0.82627648115158	-0.55513507127762	73.000000000000	0.0000000000000
1.3279999494553	0.82523220777512	-0.55658936500549	73.000000000000	0.0000000000000
1.3320000171661	0.82418352365494	-0.55804234743118	73.000000000000	0.0000000000000
1.3359999656677	0.82313030958176	-0.55949378013611	73.000000000000	0.0000000000000
1.3400000333786	0.82207268476486	-0.56094378232956	73.000000000000	0.0000000000000
1.3439999818802	0.82101035118103	-0.56239229440689	73.000000000000	0.0000000000000
1.3480000495911	0.81994348764420	-0.56383913755417	73.000000000000	0.0000000000000
1.3519999980927	0.81887167692184	-0.56528443098068	73.000000000000	0.0000000000000
1.3559999465942	0.81779509782791	-0.56672805547714	73.000000000000	0.0000000000000
1.3600000143051	0.81671351194382	-0.56816989183426	73.000000000000	0.0000000000000
1.3639999628067	0.81562721729279	-0.56960994005203	73.000000000000	0.0000000000000
1.3680000305176	0.81453573703766	-0.57104825973511	73.000000000000	0.0000000000000
1.3719999790192	0.81343924999237	-0.57248443365097	73.000000000000	0.0000000000000
1.3760000467300	0.81233733892441	-0.57391875982285	73.000000000000	0.0000000000000
1.3799999952316	0.81123036146164	-0.57535105943680	73.000000000000	0.0000000000000
1.3839999437332	0.81011825799942	-0.57678115367889	73.000000000000	0.0000000000000
1.3880000114441	0.80900043249130	-0.57820904254913	73.000000000000	0.0000000000000
1.3919999599457	0.80787736177444	-0.57963460683823	73.000000000000	0.0000000000000
1.3960000276566	0.80674874782562	-0.58105772733688	73.000000000000	0.0000000000000
1.3999999761581	0.80561465024948	-0.58247846364975	73.000000000000	0.0000000000000
1.4040000438690	0.80447471141815	-0.58389663696289	73.000000000000	0.0000000000000
1.4079999923706	0.80332922935486	-0.58531206846237	73.000000000000	0.0000000000000
1.4119999408722	0.80217814445496	-0.58672481775284	73.000000000000	0.0000000000000
1.4160000085831	0.80102109909058	-0.58813464641571	73.000000000000	0.0000000000000
1.4199999570847	0.79985827207565	-0.58954143524170	73.000000000000	0.0000000000000
1.4240000247955	0.79868960380554	-0.59094536304474	73.000000000000	0.0000000000000
1.4279999732971	0.79751521348953	-0.59234583377838	73.000000000000	0.0000000000000
1.4320000410080	0.79633444547653	-0.59374314546585	73.000000000000	0.0000000000000
1.4359999895096	0.79514795541763	-0.59513700008392	73.000000000000	0.0000000000000
1.4400000572205	0.79395538568497	-0.59652727842331	73.000000000000	0.0000000000000
1.4440000057220	0.79275667667389	-0.59791386127472	73.000000000000	0.0000000000000
1.4479999542236	0.79155188798904	-0.59929668903351	73.000000000000	0.0000000000000
1.4520000219345	0.79034101963043	-0.60067570209503	73.000000000000	0.0000000000000
1.4559999704361	0.78912401199341	-0.60205048322678	73.000000000000	0.0000000000000
1.4600000381470	0.78790068626404	-0.60342115163803	73.000000000000	0.0000000000000
1.4639999866486	0.78667128086090	-0.60478752851486	73.000000000000	0.0000000000000
1.4680000543594	0.78543567657471	-0.60614937543869	73.000000000000	0.0000000000000
1.4720000028610	0.78419381380081	-0.60750669240952	73.000000000000	0.0000000000000
1.4759999513626	0.78294581174850	-0.60885924100876	73.000000000000	0.0000000000000
1.4800000190735	0.78169143199921	-0.61020690202713	73.000000000000	0.0000000000000
1.4839999675751	0.78043091297150	-0.61154949665070	73.000000000000	0.0000000000000
1.4880000352859	0.77916425466537	-0.61288702487946	73.000000000000	0.0000000000000
1.4919999837875	0.77789127826691	-0.61421906948090	73.000000000000	0.0000000000000
1.4960000514984	0.77661216259003	-0.61554574966431	73.000000000000	0.0000000000000
1.5000000000000	0.77532690763474	-0.61686676740646	73.000000000000	0.0000000000000
1.5039999485016	0.77403557300568	-0.61818206310272	73.000000000000	0.0000000000000
1.5080000162125	0.77273809909821	-0.61949133872986	73.000000000000	0.0000000000000
1.5119999647141	0.77143448591232	-0.62079453468323	73.000000000000	0.0000000000000
1.5160000324249	0.77012491226196	-0.62209153175354	73.000000000000	0.0000000000000
1.5199999809265	0.76880925893784	-0.62338215112686	73.000000000000	0.0000000000000
1.5240000486374	0.76748770475388	-0.62466621398926	73.000000000000	0.0000000000000
1.5279999971390	0.76616024971008	-0.62594354152679	73.000000000000	0.0000000000000
1.5319999456406	0.76482719182968	-0.62721401453018	73.000000000000	0.0000000000000
1.5360000133514	0.76348793506622	-0.62847745418549	73.000000000000	0.0000000000000
1.5399999618530	0.76214331388474	-0.62973374128342	73.000000000000	0.0000000000000
1.5440000295639	0.76079297065735	-0.63098269701004	73.000000000000	0.0000000000000
1.5479999780655	0.75943708419800	-0.63222414255142	73.000000000000	0.0000000000000
1.5520000457764	0.75807565450668	-0.63345789909363	73.000000000000	0.0000000000000
1.5559999942780	0.75670909881592	-0.63468390703201	73.000000000000	0.0000000000000
1.5599999427795	0.75533711910248	-0.63590204715729	73.000000000000	0.0000000000000
1.5640000104904	0.75395989418030	-0.63711196184158	73.000000000000	0.0000000000000
1.5679999589920	0.75257778167725	-0.63831377029419	73.000000000000	0.0000000000000
1.5720000267029	0.75119042396545	-0.63950705528259	73.000000000000	0.0000000000000
1.5759999752045	0.74979841709137	-0.64069181680679	73.000000000000	0.0000000000000
1.5800000429153	0.74840176105499	-0.64186799526215	73.000000000000	0.0000000000000
1.5839999914169	0.74700033664703	-0.64303523302078	73.000000000000	0.0000000000000
1.5880000591278	0.74559456110001	-0.64419364929199	73.000000000000	0.0000000000000
1.5920000076294	0.74418425559998	-0.64534282684326	73.000000000000	0.0000000000000
1.5959999561310	0.74277001619339	-0.64648282527924	73.000000000000	0.0000000000000
1.6000000238419	0.74135166406631	-0.64761340618134	73.000000000000	0.0000000000000
1.6039999723434	0.73992919921875	-0.64873456954956	73.000000000000	0.0000000000000
1.6080000400543	0.73850321769714	-0.64984607696533	73.000000000000	0.0000000000000
1.6119999885559	0.73707354068756	-0.65094786882401	73.000000000000	0.0000000000000
1.6160000562668	0.73564040660858	-0.65203976631165	73.000000000000	0.0000000000000
1.6200000047684	0.73420411348343	-0.65312170982361	73.000000000000	0.0000000000000
1.6239999532700	0.73276478052139	-0.65419352054596	73.000000000000	0.0000000000000
1.6280000209808	0.73132240772247	-0.65525513887405	73.000000000000	0.0000000000000
1.6319999694824	0.72987753152847	-0.65630650520325	73.000000000000	0.0000000000000
1.6360000371933	0.72842985391617	-0.65734744071960	73.000000000000	0.0000000000000
1.6399999856949	0.72697979211807	-0.65837794542313	73.000000000000	0.0000000000000
1.6440000534058	0.72552770376205	-0.65939778089523	73.000000000000	0.0000000000000
1.6480000019073	0.72407388687134	-0.66040706634521	73.000000000000	0.0000000000000
1.6519999504089	0.72261792421341	-0.66140556335449	73.000000000000	0.0000000000000
1.6560000181198	0.72116065025330	-0.66239321231842	73.000000000000	0.0000000000000
1.6599999666214	0.71970194578171	-0.66336995363235	73.000000000000	0.0000000000000
1.6640000343323	0.71824210882187	-0.66433584690094	73.000000000000	0.0000000000000
1.6679999828339	0.71678131818771	-0.66529065370560	73.000000000000	0.0000000000000
1.6720000505447	0.71531981229782	-0.66623443365097	73.000000000000	0.0000000000000
1.6759999990463	0.71385782957077	-0.66716706752777	73.000000000000	0.0000000000000
1.6799999475479	0.71239566802979	-0.66808861494064	73.000000000000	0.0000000000000
1.6840000152588	0.71093338727951	-0.66899901628494	73.000000000000	0.0000000000000
1.6879999637604	0.70947134494781	-0.66989815235138	73.000000000000	0.0000000000000
1.6920000314713	0.70800966024399	-0.67078602313995	73.000000000000	0.0000000000000
1.6959999799728	0.70654881000519	-0.67166268825531	73.000000000000	0.0000000000000
1.7000000476837	0.70508855581284	-0.67252808809280	73.000000000000	0.0000000000000
1.7039999961853	0.70362961292267	-0.67338216304779	73.000000000000	0.0000000000000
1.7079999446869	0.70217198133469	-0.67422509193420	73.000000000000	0.0000000000000
1.7120000123978	0.70071595907211	-0.67505669593811	73.000000000000	0.0000000000000
1.7159999608994	0.69926154613495	-0.67587709426880	73.000000000000	0.0000000000000
1.7200000286102	0.69780927896500	-0.67668628692627	73.000000000000	0.0000000000000
1.7239999771118	0.69635951519012	-0.67748427391052	73.000000000000	0.0000000000000
1.7280000448227	0.69491201639175	-0.67827111482620	73.000000000000	0.0000000000000
1.7319999933243	0.69346761703491	-0.67904692888260	73.000000000000	0.0000000000000
1.7359999418259	0.69202601909637	-0.67981153726578	73.000000000000	0.0000000000000
1.7400000095367	0.69058758020401	-0.68056529760361	73.000000000000	0.0000000000000
1.7439999580383	0.68915271759033	-0.68130803108215	73.000000000000	0.0000000000000
1.7480000257492	0.68772172927856	-0.68203997612000	73.000000000000	0.0000000000000
1.7519999742508	0.68629449605942	-0.68276107311249	73.000000000000	0.0000000000000
1.7560000419617	0.68487149477005	-0.68347150087357	73.000000000000	0.0000000000000
1.7599999904633	0.68345302343369	-0.68417137861252	73.000000000000	0.0000000000000
1.7640000581741	0.68203908205032	-0.68486064672470	73.000000000000	0.0000000000000
1.7680000066757	0.68063002824783	-0.68553954362869	73.000000000000	0.0000000000000
1.7719999551773	0.67922621965408	-0.68620818853378	73.000000000000	0.0000000000000
1.7760000228882	0.67782771587372	-0.68686664104462	73.000000000000	0.0000000000000
1.7799999713898	0.67643457651138	-0.68751496076584	73.000000000000	0.0000000000000
1.7840000391006	0.67504739761353	-0.68815350532532	73.000000000000	0.0000000000000
1.7879999876022	0.67366617918015	-0.68878221511841	73.000000000000	0.0000000000000
1.7920000553131	0.67229121923447	-0.68940138816833	73.000000000000	0.0000000000000
1.7960000038147	0.67092257738113	-0.69001084566116	73.000000000000	0.0000000000000
1.7999999523163	0.66956055164337	-0.69061118364334	73.000000000000	0.0000000000000
1.8040000200272	0.66820532083511	-0.69120234251022	73.000000000000	0.0000000000000
1.8079999685287	0.66685718297958	-0.69178444147110	73.000000000000	0.0000000000000
1.8120000362396	0.66551637649536	-0.69235777854919	73.000000000000	0.0000000000000
1.8159999847412	0.66418284177780	-0.69292247295380	73.000000000000	0.0000000000000
1.8200000524521	0.66285687685013	-0.69347870349884	73.000000000000	0.0000000000000
1.8240000009537	0.66153854131699	-0.69402676820755	73.000000000000	0.0000000000000
1.8279999494553	0.66022831201553	-0.69456672668457	73.000000000000	0.0000000000000
1.8320000171661	0.65892618894577	-0.69509881734848	73.000000000000	0.0000000000000
1.8359999656677	0.65763235092163	-0.69562327861786	73.000000000000	0.0000000000000
1.8400000333786	0.65634691715240	-0.69614034891129	73.000000000000	0.0000000000000
1.8439999818802	0.65507012605667	-0.69665026664734	73.000000000000	0.0000000000000
1.8480000495911	0.65380203723907	-0.69715321063995	73.000000000000	0.0000000000000
1.8519999980927	0.65254259109497	-0.69764935970306	73.000000000000	0.0000000000000
1.8559999465942	0.65129244327545	-0.69813901185989	73.000000000000	0.0000000000000
1.8600000143051	0.65005129575729	-0.69862234592438	73.000000000000	0.0000000000000
1.8639999628067	0.64881938695908	-0.69909977912903	73.000000000000	0.0000000000000
1.8680000305176	0.64759689569473	-0.69957131147385	73.000000000000	0.0000000000000
1.8719999790192	0.64638370275497	-0.70003736019135	73.000000000000	0.0000000000000
1.8760000467300	0.64518010616302	-0.70049804449081	73.000000000000	0.0000000000000
1.8799999952316	0.64398628473282	-0.70095384120941	73.000000000000	0.0000000000000
1.8839999437332	0.64280235767365	-0.70140475034714	73.000000000000	0.0000000000000
1.8880000114441	0.64162796735764	-0.70185124874115	73.000000000000	0.0000000000000
1.8919999599457	0.64046370983124	-0.70229333639145	73.000000000000	0.0000000000000
1.8960000276566	0.63930928707123	-0.70273166894913	73.000000000000	0.0000000000000
1.8999999761581	0.63816475868225	-0.70316618680954	73.000000000000	0.0000000000000
1.9040000438690	0.63703048229218	-0.70359724760056	73.000000000000	0.0000000000000
1.9079999923706	0.63590627908707	-0.70402514934540	73.000000000000	0.0000000000000
1.9119999408722	0.63479208946228	-0.70445019006729	73.000000000000	0.0000000000000
1.9160000085831	0.63368809223175	-0.70487266778946	73.000000000000	0.0000000000000
1.9199999570847	0.63259434700012	-0.70529276132584	73.000000000000	0.0000000000000
1.9240000247955	0.63151073455811	-0.70571064949036	73.000000000000	0.0000000000000
1.9279999732971	0.63043737411499	-0.70612692832947	73.000000000000	0.0000000000000
1.9320000410080	0.62937402725220	-0.70654159784317	73.000000000000	0.0000000000000
1.9359999895096	0.62832111120224	-0.70695501565933	73.000000000000	0.0000000000000
1.9400000572205	0.62727797031403	-0.70736747980118	73.000000000000	0.0000000000000
1.9440000057220	0.62624514102936	-0.70777934789658	73.000000000000	0.0000000000000
1.9479999542236	0.62522244453430	-0.70819067955017	73.000000000000	0.0000000000000
1.9520000219345	0.62420964241028	-0.70860189199448	73.000000000000	0.0000000000000
1.9559999704361	0.62320679426193	-0.70901328325272	73.000000000000	0.0000000000000
1.9600000381470	0.62221390008926	-0.70942497253418	73.000000000000	0.0000000000000
1.9639999866486	0.62123090028763	-0.70983737707138	73.000000000000	0.0000000000000
1.9680000543594	0.62025755643845	-0.71025073528290	73.000000000000	0.0000000000000
1.9720000028610	0.61929380893707	-0.71066522598267	73.000000000000	0.0000000000000
1.9759999513626	0.61833971738815	-0.71108120679855	73.000000000000	0.0000000000000
1.9800000190735	0.61739510297775	-0.71149891614914	73.000000000000	0.0000000000000
1.9839999675751	0.61645984649658	-0.71191859245300	73.000000000000	0.0000000000000
1.9880000352859	0.61553364992142	-0.71234047412872	73.000000000000	0.0000000000000
1.9919999837875	0.61461681127548	-0.71276479959488	73.000000000000	0.0000000000000
1.9960000514984	0.61370891332626	-0.71319180727005	73.000000000000	0.0000000000000
2.0000000000000	0.61280965805054	-0.71362173557281	73.000000000000	0.0000000000000
2.0039999485016	0.61191916465759	-0.71405488252640	73.000000000000	0.0000000000000
2.0079998970032	0.61103743314743	-0.71449142694473	73.000000000000	0.0000000000000
2.0120000839233	0.61016392707825	-0.71493160724640	73.000000000000	0.0000000000000
2.0160000324249	0.60929858684540	-0.71537566184998	73.000000000000	0.0000000000000
2.0199999809265	0.60844141244888	-0.71582370996475	73.000000000000	0.0000000000000
2.0239999294281	0.60759192705154	-0.71627610921860	73.000000000000	0.0000000000000
2.0280001163483	0.60675024986267	-0.71673291921616	73.000000000000	0.0000000000000
2.0320000648499	0.60591608285904	-0.71719437837601	73.000000000000	0.0000000000000
2.0360000133514	0.60508924722672	-0.71766090393066	73.000000000000	0.0000000000000
2.0399999618530	0.60426944494247	-0.71813225746155	73.000000000000	0.0000000000000
2.0439999103546	0.60345655679703	-0.71860897541046	73.000000000000	0.0000000000000
2.0480000972748	0.60265028476715	-0.71909099817276	73.000000000000	0.0000000000000
2.0520000457764	0.60185056924820	-0.71957868337631	73.000000000000	0.0000000000000
2.0559999942780	0.60105711221695	-0.72007209062576	73.000000000000	0.0000000000000
2.0599999427795	0.60026955604553	-0.72057139873505	73.000000000000	0.0000000000000
2.0639998912811	0.59948784112930	-0.72107660770416	73.000000000000	0.0000000000000
2.0680000782013	0.59871155023575	-0.72158813476562	73.000000000000	0.0000000000000
2.0720000267029	0.59794080257416	-0.72210586071014	73.000000000000	0.0000000000000
2.0759999752045	0.59717494249344	-0.72263008356094	73.000000000000	0.0000000000000
2.0799999237061	0.59641402959824	-0.72316086292267	73.000000000000	0.0000000000000
2.0840001106262	0.59565770626068	-0.72369813919067	73.000000000000	0.0000000000000
2.0880000591278	0.59490561485291	-0.72424226999283	73.000000000000	0.0000000000000
2.0920000076294	0.59415781497955	-0.72479319572449	73.000000000000	0.0000000000000
2.0959999561310	0.59341359138489	-0.72535115480423	73.000000000000	0.0000000000000
2.0999999046326	0.59267294406891	-0.72591602802277	73.000000000000	0.0000000000000
2.1040000915527	0.59193587303162	-0.72648793458939	73.000000000000	0.0000000000000
2.1080000400543	0.59120154380798	-0.72706699371338	73.000000000000	0.0000000000000
2.1119999885559	0.59047025442123	-0.72765320539474	73.000000000000	0.0000000000000
2.1159999370575	0.58974134922028	-0.72824668884277	73.000000000000	0.0000000000000
2.1199998855591	0.58901470899582	-0.72884738445282	73.000000000000	0.0000000000000
2.1240000724792	0.58829003572464	-0.72945541143417	73.000000000000	0.0000000000000
2.1280000209808	0.58756738901138	-0.73007071018219	73.000000000000	0.0000000000000
2.1319999694824	0.58684611320496	-0.73069328069687	73.000000000000	0.0000000000000
2.1359999179840	0.58612573146820	-0.73132324218750	73.000000000000	0.0000000000000
2.1400001049042	0.58540666103363	-0.73196041584015	73.000000000000	0.0000000000000
2.1440000534058	0.58468806743622	-0.73260498046875	73.000000000000	0.0000000000000
2.1480000019073	0.58397012948990	-0.73325681686401	73.000000000000	0.0000000000000
2.1519999504089	0.58325231075287	-0.73391586542130	73.000000000000	0.0000000000000
2.1559998989105	0.58253443241119	-0.73458218574524	73.000000000000	0.0000000000000
2.1600000858307	0.58181601762772	-0.73525553941727	73.000000000000	0.0000000000000
2.1640000343323	0.58109724521637	-0.73593616485596	73.000000000000	0.0000000000000
2.1679999828339	0.58037757873535	-0.73662370443344	73.000000000000	0.0000000000000
2.1719999313354	0.57965677976608	-0.73731821775436	73.000000000000	0.0000000000000
2.1760001182556	0.57893466949463	-0.73801970481873	73.000000000000	0.0000000000000
2.1800000667572	0.57821112871170	-0.73872798681259	73.000000000000	0.0000000000000
2.1840000152588	0.57748562097549	-0.73944288492203	73.000000000000	0.0000000000000
2.1879999637604	0.57675820589066	-0.74016457796097	73.000000000000	0.0000000000000
2.1919999122620	0.57602846622467	-0.74089276790619	73.000000000000	0.0000000000000
2.1960000991821	0.57529622316360	-0.74162721633911	73.000000000000	0.0000000000000
2.2000000476837	0.57456159591675	-0.74236804246902	73.000000000000	0.0000000000000
2.2039999961853	0.57382363080978	-0.74311500787735	73.000000000000	0.0000000000000
2.2079999446869	0.57308268547058	-0.74386811256409	73.000000000000	0.0000000000000
2.2119998931885	0.57233852148056	-0.74462699890137	73.000000000000	0.0000000000000
2.2160000801086	0.57159078121185	-0.74539160728455	73.000000000000	0.0000000000000
2.2200000286102	0.57083922624588	-0.74616187810898	73.000000000000	0.0000000000000
2.2239999771118	0.57008385658264	-0.74693757295609	73.000000000000	0.0000000000000
2.2279999256134	0.56932431459427	-0.74771851301193	73.000000000000	0.0000000000000
2.2320001125336	0.56856048107147	-0.74850457906723	73.000000000000	0.0000000000000
2.2360000610352	0.56779223680496	-0.74929559230804	73.000000000000	0.0000000000000
2.2400000095367	0.56701946258545	-0.75009131431580	73.000000000000	0.0000000000000
2.2439999580383	0.56624162197113	-0.75089162588120	73.000000000000	0.0000000000000
2.2479999065399	0.56545919179916	-0.75169640779495	73.000000000000	0.0000000000000
2.2520000934601	0.56467151641846	-0.75250530242920	73.000000000000	0.0000000000000
2.2560000419617	0.56387865543365	-0.75331825017929	73.000000000000	0.0000000000000
2.2599999904633	0.56308060884476	-0.75413495302200	73.000000000000	0.0000000000000
2.2639999389648	0.56227678060532	-0.75495535135269	73.000000000000	0.0000000000000
2.2679998874664	0.56146758794785	-0.75577908754349	73.000000000000	0.0000000000000
2.2720000743866	0.56065267324448	-0.75660604238510	73.000000000000	0.0000000000000
2.2760000228882	0.55983209609985	-0.75743597745895	73.000000000000	0.0000000000000
2.2799999713898	0.55900543928146	-0.75826871395111	73.000000000000	0.0000000000000
2.2839999198914	0.55817294120789	-0.75910389423370	73.000000000000	0.0000000000000
2.2880001068115	0.55733436346054	-0.75994145870209	73.000000000000	0.0000000000000
2.2920000553131	0.55648958683014	-0.76078116893768	73.000000000000	0.0000000000000
2.2960000038147	0.55563867092133	-0.76162278652191	73.000000000000	0.0000000000000
2.2999999523163	0.55478149652481	-0.76246595382690	73.000000000000	0.0000000000000
2.3039999008179	0.55391812324524	-0.76331073045731	73.000000000000	0.0000000000000
2.3080000877380	0.55304831266403	-0.76415657997131	73.000000000000	0.0000000000000
2.3120000362396	0.55217200517654	-0.76500356197357	73.000000000000	0.0000000000000
2.3159999847412	0.55128943920135	-0.76585125923157	73.000000000000	0.0000000000000
2.3199999332428	0.55040061473846	-0.76669961214066	73.000000000000	0.0000000000000
2.3239998817444	0.54950517416000	-0.76754820346832	73.000000000000	0.0000000000000
2.3280000686646	0.54860323667526	-0.76839691400528	73.000000000000	0.0000000000000
2.3320000171661	0.54769504070282	-0.76924556493759	73.000000000000	0.0000000000000
2.3359999656677	0.54678034782410	-0.77009373903275	73.000000000000	0.0000000000000
2.3399999141693	0.54585927724838	-0.77094155550003	73.000000000000	0.0000000000000
2.3440001010895	0.54493182897568	-0.77178847789764	73.000000000000	0.0000000000000
2.3480000495911	0.54399818181992	-0.77263444662094	73.000000000000	0.0000000000000
2.3519999980927	0.54305809736252	-0.77347928285599	73.000000000000	0.0000000000000
2.3559999465942	0.54211175441742	-0.77432256937027	73.000000000000	0.0000000000000
2.3599998950958	0.54115927219391	-0.77516442537308	73.000000000000	0.0000000000000
2.3640000820160	0.54020059108734	-0.77600431442261	73.000000000000	0.0000000000000
2.3680000305176	0.53923606872559	-0.77684223651886	73.000000000000	0.0000000000000
2.3719999790192	0.53826528787613	-0.77767795324326	73.000000000000	0.0000000000000
2.3759999275208	0.53728878498077	-0.77851116657257	73.000000000000	0.0000000000000
2.3800001144409	0.53630650043488	-0.77934181690216	73.000000000000	0.0000000000000
2.3840000629425	0.53531837463379	-0.78016978502274	73.000000000000	0.0000000000000
2.3880000114441	0.53432476520538	-0.78099459409714	73.000000000000	0.0000000000000
2.3919999599457	0.53332537412643	-0.78181642293930	73.000000000000	0.0000000000000
2.3959999084473	0.53232109546661	-0.78263473510742	73.000000000000	0.0000000000000
2.4000000953674	0.53131109476089	-0.78344964981079	73.000000000000	0.0000000000000
2.4040000438690	0.53029608726501	-0.78426092863083	73.000000000000	0.0000000000000
2.4079999923706	0.52927601337433	-0.78506833314896	73.000000000000	0.0000000000000
2.4119999408722	0.52825117111206	-0.78587180376053	73.000000000000	0.0000000000000
2.4159998893738	0.52722150087357	-0.78667104244232	73.000000000000	0.0000000000000
2.4200000762939	0.52618724107742	-0.78746604919434	73.000000000000	0.0000000000000
2.4240000247955	0.52514845132828	-0.78825670480728	73.000000000000	0.0000000000000
2.4279999732971	0.52410548925400	-0.78904271125793	73.000000000000	0.0000000000000
2.4319999217987	0.52305811643600	-0.78982418775558	73.000000000000	0.0000000000000
2.4360001087189	0.52200704813004	-0.79060077667236	73.000000000000	0.0000000000000
2.4400000572205	0.52095204591751	-0.79137253761292	73.000000000000	0.0000000000000
2.4440000057220	0.51989334821701	-0.79213923215866	73.000000000000	0.0000000000000
2.4479999542236	0.51883119344711	-0.79290080070496	73.000000000000	0.0000000000000
2.4519999027252	0.51776558160782	-0.79365724325180	73.000000000000	0.0000000000000
2.4560000896454	0.51669710874557	-0.79440832138062	73.000000000000	0.0000000000000
2.4600000381470	0.51562535762787	-0.79515409469604	73.000000000000	0.0000000000000
2.4639999866486	0.51455116271973	-0.79589438438416	73.000000000000	0.0000000000000
2.4679999351501	0.51347392797470	-0.79662919044495	73.000000000000	0.0000000000000
2.4719998836517	0.51239460706711	-0.79735839366913	73.000000000000	0.0000000000000
2.4760000705719	0.51131290197372	-0.79808199405670	73.000000000000	0.0000000000000
2.4800000190735	0.51022917032242	-0.79879993200302	73.000000000000	0.0000000000000
2.4839999675751	0.50914365053177	-0.79951208829880	73.000000000000	0.0000000000000
2.4879999160767	0.50805628299713	-0.80021864175797	73.000000000000	0.0000000000000
2.4920001029968	0.50696730613708	-0.80091935396194	73.000000000000	0.0000000000000
2.4960000514984	0.50587719678879	-0.80161416530609	73.000000000000	0.0000000000000
2.5000000000000	0.50478613376617	-0.80230325460434	73.000000000000	0.0000000000000
2.5039999485016	0.50369364023209	-0.80298662185669	73.000000000000	0.0000000000000
2.5079998970032	0.50260090827942	-0.80366402864456	73.000000000000	0.0000000000000
2.5120000839233	0.50150728225708	-0.80433571338654	73.000000000000	0.0000000000000
2.5160000324249	0.50041347742081	-0.80500155687332	73.000000000000	0.0000000000000
2.5199999809265	0.49931934475899	-0.80566173791885	73.000000000000	0.0000000000000
2.5239999294281	0.49822515249252	-0.80631607770920	73.000000000000	0.0000000000000
2.5280001163483	0.49713128805161	-0.80696475505829	73.000000000000	0.0000000000000
2.5320000648499	0.49603748321533	-0.80760776996613	73.000000000000	0.0000000000000
2.5360000133514	0.49494445323944	-0.80824512243271	73.000000000000	0.0000000000000
2.5399999618530	0.49385190010071	-0.80887699127197	73.000000000000	0.0000000000000
2.5439999103546	0.49276027083397	-0.80950331687927	73.000000000000	0.0000000000000
2.5480000972748	0.49166965484619	-0.81012421846390	73.000000000000	0.0000000000000
2.5520000457764	0.49058017134666	-0.81073969602585	73.000000000000	0.0000000000000
2.5559999942780	0.48949232697487	-0.81134998798370	73.000000000000	0.0000000000000
2.5599999427795	0.48840567469597	-0.81195497512817	73.000000000000	0.0000000000000
2.5639998912811	0.48732063174248	-0.81255489587784	73.000000000000	0.0000000000000
2.5680000782013	0.48623743653297	-0.81314975023270	73.000000000000	0.0000000000000
2.5720000267029	0.48515632748604	-0.81373959779739	73.000000000000	0.0000000000000
2.5759999752045	0.48407724499702	-0.81432473659515	73.000000000000	0.0000000000000
2.5799999237061	0.48300036787987	-0.81490510702133	73.000000000000	0.0000000000000
2.5840001106262	0.48192578554153	-0.81548088788986	73.000000000000	0.0000000000000
2.5880000591278	0.48085391521454	-0.81605207920074	73.000000000000	0.0000000000000
2.5920000076294	0.47978439927101	-0.81661891937256	73.000000000000	0.0000000000000
2.5959999561310	0.47871780395508	-0.81718164682388	73.000000000000	0.0000000000000
2.5999999046326	0.47765389084816	-0.81774014234543	73.000000000000	0.0000000000000
2.6040000915527	0.47659307718277	-0.81829470396042	73.000000000000	0.0000000000000
2.6080000400543	0.47553518414497	-0.81884539127350	73.000000000000	0.0000000000000
2.6119999885559	0.47448042035103	-0.81939226388931	73.000000000000	0.0000000000000
2.6159999370575	0.47342881560326	-0.81993573904037	73.000000000000	0.0000000000000
2.6199998855591	0.47238075733185	-0.82047569751740	73.000000000000	0.0000000000000
2.6240000724792	0.47133615612984	-0.82101231813431	73.000000000000	0.0000000000000
2.6280000209808	0.47029498219490	-0.82154595851898	73.000000000000	0.0000000000000
2.6319999694824	0.46925717592239	-0.82207649946213	73.000000000000	0.0000000000000
2.6359999179840	0.46822309494019	-0.82260423898697	73.000000000000	0.0000000000000
2.6400001049042	0.46719259023666	-0.82312941551208	73.000000000000	0.0000000000000
2.6440000534058	0.46616595983505	-0.82365190982819	73.000000000000	0.0000000000000
2.6480000019073	0.46514326334000	-0.82417213916779	73.000000000000	0.0000000000000
2.6519999504089	0.46412423253059	-0.82469028234482	73.000000000000	0.0000000000000
2.6559998989105	0.46310886740685	-0.82520627975464	73.000000000000	0.0000000000000
2.6600000858307	0.46209746599197	-0.82572048902512	73.000000000000	0.0000000000000
2.6640000343323	0.46108993887901	-0.82623296976089	73.000000000000	0.0000000000000
2.6679999828339	0.46008646488190	-0.82674384117126	73.000000000000	0.0000000000000
2.6719999313354	0.45908680558205	-0.82725340127945	73.000000000000	0.0000000000000
2.6760001182556	0.45809119939804	-0.82776165008545	73.000000000000	0.0000000000000
2.6800000667572	0.45709949731827	-0.82826900482178	73.000000000000	0.0000000000000
2.6840000152588	0.45611152052879	-0.82877540588379	73.000000000000	0.0000000000000
2.6879999637604	0.45512741804123	-0.82928109169006	73.000000000000	0.0000000000000
2.6919999122620	0.45414754748344	-0.82978612184525	73.000000000000	0.0000000000000
2.6960000991821	0.45317122340202	-0.83029079437256	73.000000000000	0.0000000000000
2.7000000476837	0.45219892263412	-0.83079522848129	73.000000000000	0.0000000000000
2.7039999961853	0.45123022794724	-0.83129948377609	73.000000000000	0.0000000000000
2.7079999446869	0.45026540756226	-0.83180385828018	73.000000000000	0.0000000000000
2.7119998931885	0.44930431246758	-0.83230841159821	73.000000000000	0.0000000000000
2.7160000801086	0.44834685325623	-0.83281332254410	73.000000000000	0.0000000000000
2.7200000286102	0.44739276170731	-0.83331871032715	73.000000000000	0.0000000000000
2.7239999771118	0.44644230604172	-0.83382487297058	73.000000000000	0.0000000000000
2.7279999256134	0.44549536705017	-0.83433169126511	73.000000000000	0.0000000000000
2.7320001125336	0.44455173611641	-0.83483940362930	73.000000000000	0.0000000000000
2.7360000610352	0.44361165165901	-0.83534830808640	73.000000000000	0.0000000000000
2.7400000095367	0.44267451763153	-0.83585822582245	73.000000000000	0.0000000000000
2.7439999580383	0.44174057245255	-0.83636957406998	73.000000000000	0.0000000000000
2.7479999065399	0.44080969691277	-0.83688241243362	73.000000000000	0.0000000000000
2.7520000934601	0.43988183140755	-0.83739662170410	73.000000000000	0.0000000000000
2.7560000419617	0.43895685672760	-0.83791273832321	73.000000000000	0.0000000000000
2.7599999904633	0.43803450465202	-0.83843046426773	73.000000000000	0.0000000000000
2.7639999389648	0.43711468577385	-0.83895021677017	73.000000000000	0.0000000000000
2.7679998874664	0.43619766831398	-0.83947187662125	73.000000000000	0.0000000000000
2.7720000743866	0.43528282642365	-0.83999568223953	73.000000000000	0.0000000000000
2.7760000228882	0.43437042832375	-0.84052175283432	73.000000000000	0.0000000000000
2.7799999713898	0.43346014618874	-0.84105008840561	73.000000000000	0.0000000000000
2.7839999198914	0.43255198001862	-0.84158074855804	73.000000000000	0.0000000000000
2.7880001068115	0.43164551258087	-0.84211403131485	73.000000000000	0.0000000000000
2.7920000553131	0.43074107170105	-0.84264969825745	73.000000000000	0.0000000000000
2.7960000038147	0.42983835935593	-0.84318810701370	73.000000000000	0.0000000000000
2.7999999523163	0.42893689870834	-0.84372907876968	73.000000000000	0.0000000000000
2.8039999008179	0.42803710699081	-0.84427291154861	73.000000000000	0.0000000000000
2.8080000877380	0.42713853716850	-0.84481960535049	73.000000000000	0.0000000000000
2.8120000362396	0.42624095082283	-0.84536892175674	73.000000000000	0.0000000000000
2.8159999847412	0.42534437775612	-0.84592133760452	73.000000000000	0.0000000000000
2.8199999332428	0.42444878816605	-0.84647661447525	73.000000000000	0.0000000000000
2.8239998817444	0.42355373501778	-0.84703499078751	73.000000000000	0.0000000000000
2.8280000686646	0.42265921831131	-0.84759628772736	73.000000000000	0.0000000000000
2.8320000171661	0.42176517844200	-0.84816074371338	73.000000000000	0.0000000000000
2.8359999656677	0.42087155580521	-0.84872817993164	73.000000000000	0.0000000000000
2.8399999141693	0.41997778415680	-0.84929877519608	73.000000000000	0.0000000000000
2.8440001010895	0.41908422112465	-0.84987241029739	73.000000000000	0.0000000000000
2.8480000495911	0.41819036006927	-0.85044920444489	73.000000000000	0.0000000000000
2.8519999980927	0.41729623079300	-0.85102915763855	73.000000000000	0.0000000000000
2.8559999465942	0.41640156507492	-0.85161215066910	73.000000000000	0.0000000000000
2.8599998950958	0.41550654172897	-0.85219830274582	73.000000000000	0.0000000000000
2.8640000820160	0.41461065411568	-0.85278743505478	73.000000000000	0.0000000000000
2.8680000305176	0.41371393203735	-0.85337972640991	73.000000000000	0.0000000000000
2.8719999790192	0.41281631588936	-0.85397511720657	73.000000000000	0.0000000000000
2.8759999275208	0.41191729903221	-0.85457342863083	73.000000000000	0.0000000000000
2.8800001144409	0.41101691126823	-0.85517495870590	73.000000000000	0.0000000000000
2.8840000629425	0.41011542081833	-0.85577917098999	73.000000000000	0.0000000000000
2.8880000114441	0.40921226143837	-0.85638642311096	73.000000000000	0.0000000000000
2.8919999599457	0.40830752253532	-0.85699653625488	73.000000000000	0.0000000000000
2.8959999084473	0.40740093588829	-0.85760945081711	73.000000000000	0.0000000000000
2.9000000953674	0.40649226307869	-0.85822516679764	73.000000000000	0.0000000000000
2.9040000438690	0.40558153390884	-0.85884362459183	73.000000000000	0.0000000000000
2.9079999923706	0.40466877818108	-0.85946470499039	73.000000000000	0.0000000000000
2.9119999408722	0.40375334024429	-0.86008834838867	73.000000000000	0.0000000000000
2.9159998893738	0.40283587574959	-0.86071455478668	73.000000000000	0.0000000000000
2.9200000762939	0.40191578865051	-0.86134320497513	73.000000000000	0.0000000000000
2.9240000247955	0.40099313855171	-0.86197423934937	73.000000000000	0.0000000000000
2.9279999732971	0.40006762742996	-0.86260753870010	73.000000000000	0.0000000000000
2.9319999217987	0.39913934469223	-0.86324310302734	73.000000000000	0.0000000000000
2.9360001087189	0.39820787310600	-0.86388069391251	73.000000000000	0.0000000000000
2.9400000572205	0.39727357029915	-0.86452037096024	73.000000000000	0.0000000000000
2.9440000057220	0.39633613824844	-0.86516201496124	73.000000000000	0.0000000000000
2.9479999542236	0.39539539813995	-0.86580550670624	73.000000000000	0.0000000000000
2.9519999027252	0.39445137977600	-0.86645072698593	73.000000000000	0.0000000000000
2.9560000896454	0.39350372552872	-0.86709767580032	73.000000000000	0.0000000000000
2.9600000381470	0.39255273342133	-0.86774617433548	73.000000000000	0.0000000000000
2.9639999866486	0.39159831404686	-0.86839610338211	73.000000000000	0.0000000000000
2.9679999351501	0.39064007997513	-0.86904734373093	73.000000000000	0.0000000000000
2.9719998836517	0.38967874646187	-0.86969977617264	73.000000000000	0.0000000000000
2.9760000705719	0.38871306180954	-0.87035351991653	73.000000000000	0.0000000000000
2.9800000190735	0.38774332404137	-0.87100839614868	73.000000000000	0.0000000000000
2.9839999675751	0.38676992058754	-0.87166398763657	73.000000000000	0.0000000000000
2.9879999160767	0.38579285144806	-0.87232041358948	73.000000000000	0.0000000000000
2.9920001029968	0.38481158018112	-0.87297755479813	73.000000000000	0.0000000000000
2.9960000514984	0.38382649421692	-0.87363517284393	73.000000000000	0.0000000000000
3.0000000000000	0.38283717632294	-0.87429350614548	73.000000000000	0.0000000000000
3.0039999485016	0.38184389472008	-0.87495189905167	73.000000000000	0.0000000000000
3.0079998970032	0.38084626197815	-0.87561070919037	73.000000000000	0.0000000000000
3.0120000839233	0.37984463572502	-0.87626969814301	73.000000000000	0.0000000000000
3.0160000324249	0.37883895635605	-0.87692850828171	73.000000000000	0.0000000000000
3.0199999809265	0.37782916426659	-0.87758725881577	73.000000000000	0.0000000000000
3.0239999294281	0.37681487202644	-0.87824594974518	73.000000000000	0.0000000000000
3.0280001163483	0.37579634785652	-0.87890422344208	73.000000000000	0.0000000000000
3.0320000648499	0.37477323412895	-0.87956231832504	73.000000000000	0.0000000000000
3.0360000133514	0.37374669313431	-0.88021945953369	73.000000000000	0.0000000000000
3.0399999618530	0.37271538376808	-0.88087606430054	73.000000000000	0.0000000000000
3.0439999103546	0.37167981266975	-0.88153207302094	73.000000000000	0.0000000000000
3.0480000972748	0.37064027786255	-0.88218700885773	73.000000000000	0.0000000000000
3.0520000457764	0.36959674954414	-0.88284087181091	73.000000000000	0.0000000000000
3.0559999942780	0.36854839324951	-0.88349384069443	73.000000000000	0.0000000000000
3.0599999427795	0.36749640107155	-0.88414543867111	73.000000000000	0.0000000000000
3.0639998912811	0.36643990874290	-0.88479584455490	73.000000000000	0.0000000000000
3.0680000782013	0.36537933349609	-0.88544487953186	73.000000000000	0.0000000000000
3.0720000267029	0.36431458592415	-0.88609224557877	73.000000000000	0.0000000000000
3.0759999752045	0.36324575543404	-0.88673818111420	73.000000000000	0.0000000000000
3.0799999237061	0.36217311024666	-0.88738220930099	73.000000000000	0.0000000000000
3.0840001106262	0.36109587550163	-0.88802462816238	73.000000000000	0.0000000000000
3.0880000591278	0.36001527309418	-0.88866508007050	73.000000000000	0.0000000000000
3.0920000076294	0.35893085598946	-0.88930332660675	73.000000000000	0.0000000000000
3.0959999561310	0.35784175992012	-0.88993984460831	73.000000000000	0.0000000000000
3.0999999046326	0.35674962401390	-0.89057385921478	73.000000000000	0.0000000000000
3.1040000915527	0.35565283894539	-0.89120608568192	73.000000000000	0.0000000000000
3.1080000400543	0.35455256700516	-0.89183568954468	73.000000000000	0.0000000000000
3.1119999885559	0.35344883799553	-0.89246290922165	73.000000000000	0.0000000000000
3.1159999370575	0.35234123468399	-0.89308768510818	73.000000000000	0.0000000000000
3.1199998855591	0.35123008489609	-0.89370983839035	73.000000000000	0.0000000000000
3.1240000724792	0.35011509060860	-0.89432966709137	73.000000000000	0.0000000000000
3.1280000209808	0.34899693727493	-0.89494639635086	73.000000000000	0.0000000000000
3.1319999694824	0.34787535667419	-0.89556056261063	73.000000000000	0.0000000000000
3.1359999179840	0.34675064682961	-0.89617174863815	73.000000000000	0.0000000000000
3.1400001049042	0.34562206268311	-0.89678031206131	73.000000000000	0.0000000000000
3.1440000534058	0.34449031949043	-0.89738583564758	73.000000000000	0.0000000000000
3.1480000019073	0.34335511922836	-0.89798849821091	73.000000000000	0.0000000000000
3.1519999504089	0.34221720695496	-0.89858788251877	73.000000000000	0.0000000000000
3.1559998989105	0.34107625484467	-0.89918428659439	73.000000000000	0.0000000000000
3.1600000858307	0.33993217349052	-0.89977747201920	73.000000000000	0.0000000000000
3.1640000343323	0.33878508210182	-0.90036761760712	73.000000000000	0.0000000000000
3.1679999828339	0.33763483166695	-0.90095448493958	73.000000000000	0.0000000000000
3.1719999313354	0.33648246526718	-0.90153807401657	73.000000000000	0.0000000000000
3.1760001182556	0.33532696962357	-0.90211820602417	73.000000000000	0.0000000000000
3.1800000667572	0.33416846394539	-0.90269535779953	73.000000000000	0.0000000000000
3.1840000152588	0.33300775289536	-0.90326893329620	73.000000000000	0.0000000000000
3.1879999637604	0.33184444904327	-0.90383911132812	73.000000000000	0.0000000000000
3.1919999122620	0.33067855238914	-0.90440595149994	73.000000000000	0.0000000000000
3.1960000991821	0.32951045036316	-0.90496921539307	73.000000000000	0.0000000000000
3.2000000476837	0.32833939790726	-0.90552926063538	73.000000000000	0.0000000000000
3.2039999961853	0.32716664671898	-0.90608566999435	73.000000000000	0.0000000000000
3.2079999446869	0.32599133253098	-0.90663856267929	73.000000000000	0.0000000000000
3.2119998931885	0.32481393218040	-0.90718793869019	73.000000000000	0.0000000000000
3.2160000801086	0.32363438606262	-0.90773391723633	73.000000000000	0.0000000000000
3.2200000286102	0.32245284318924	-0.90827625989914	73.000000000000	0.0000000000000
3.2239999771118	0.32126918435097	-0.90881508588791	73.000000000000	0.0000000000000
3.2279999256134	0.32008346915245	-0.90935051441193	73.000000000000	0.0000000000000
3.2320001125336	0.31889620423317	-0.90988224744797	73.000000000000	0.0000000000000
3.2360000610352	0.31770732998848	-0.91041022539139	73.000000000000	0.0000000000000
3.2400000095367	0.31651604175568	-0.91093498468399	73.000000000000	0.0000000000000
3.2439999580383	0.31532275676727	-0.91145622730255	73.000000000000	0.0000000000000
3.2479999065399	0.31412881612778	-0.91197371482849	73.000000000000	0.0000000000000
3.2520000934601	0.31293249130249	-0.91248774528503	73.000000000000	0.0000000000000
3.2560000419617	0.31173467636108	-0.91299831867218	73.000000000000	0.0000000000000
3.2599999904633	0.31053578853607	-0.91350507736206	73.000000000000	0.0000000000000
3.2639999389648	0.30933502316475	-0.91400843858719	73.000000000000	0.0000000000000
3.2679998874664	0.30813238024712	-0.91450858116150	73.000000000000	0.0000000000000
3.2720000743866	0.30692872405052	-0.91500502824783	73.000000000000	0.0000000000000
3.2760000228882	0.30572411417961	-0.91549789905548	73.000000000000	0.0000000000000
3.2799999713898	0.30451765656471	-0.91598731279373	73.000000000000	0.0000000000000
3.2839999198914	0.30330982804298	-0.91647338867188	73.000000000000	0.0000000000000
3.2880001068115	0.30210107564926	-0.91695582866669	73.000000000000	0.0000000000000
3.2920000553131	0.30089098215103	-0.91743487119675	73.000000000000	0.0000000000000
3.2960000038147	0.29967996478081	-0.91791027784348	73.000000000000	0.0000000000000
3.2999999523163	0.29846721887589	-0.91838258504868	73.000000000000	0.0000000000000
3.3039999008179	0.29725319147110	-0.91885149478912	73.000000000000	0.0000000000000
3.3080000877380	0.29603874683380	-0.91931682825089	73.000000000000	0.0000000000000
3.3120000362396	0.29482299089432	-0.91977876424789	73.000000000000	0.0000000000000
3.3159999847412	0.29360562562943	-0.92023760080338	73.000000000000	0.0000000000000
3.3199999332428	0.29238787293434	-0.92069286108017	73.000000000000	0.0000000000000
3.3239998817444	0.29116845130920	-0.92114484310150	73.000000000000	0.0000000000000
3.3280000686646	0.28994873166084	-0.92159348726273	73.000000000000	0.0000000000000
3.3320000171661	0.28872776031494	-0.92203867435455	73.000000000000	0.0000000000000
3.3359999656677	0.28750568628311	-0.92248082160950	73.000000000000	0.0000000000000
3.3399999141693	0.28628280758858	-0.92291939258575	73.000000000000	0.0000000000000
3.3440001010895	0.28505885601044	-0.92335492372513	73.000000000000	0.0000000000000
3.3480000495911	0.28383415937424	-0.92378711700439	73.000000000000	0.0000000000000
3.3519999980927	0.28260833024979	-0.92421603202820	73.000000000000	0.0000000000000
3.3559999465942	0.28138136863708	-0.92464166879654	73.000000000000	0.0000000000000
3.3599998950958	0.28015378117561	-0.92506414651871	73.000000000000	0.0000000000000
3.3640000820160	0.27892509102821	-0.92548346519470	73.000000000000	0.0000000000000
3.3680000305176	0.27769577503204	-0.92589926719666	73.000000000000	0.0000000000000
3.3719999790192	0.27646535634995	-0.92631214857101	73.000000000000	0.0000000000000
3.3759999275208	0.27523434162140	-0.92672163248062	73.000000000000	0.0000000000000
3.3800001144409	0.27400183677673	-0.92712807655334	73.000000000000	0.0000000000000
3.3840000629425	0.27276864647865	-0.92753106355667	73.000000000000	0.0000000000000
3.3880000114441	0.27153491973877	-0.92793095111847	73.000000000000	0.0000000000000
3.3919999599457	0.27030023932457	-0.92832779884338	73.000000000000	0.0000000000000
3.3959999084473	0.26906445622444	-0.92872118949890	73.000000000000	0.0000000000000
3.4000000953674	0.26782789826393	-0.92911154031754	73.000000000000	0.0000000000000
3.4040000438690	0.26659035682678	-0.92949855327606	73.000000000000	0.0000000000000
3.4079999923706	0.26535204052925	-0.92988240718842	73.000000000000	0.0000000000000
3.4119999408722	0.26411271095276	-0.93026304244995	73.000000000000	0.0000000000000
3.4159998893738	0.26287284493446	-0.93064039945602	73.000000000000	0.0000000000000
3.4200000762939	0.26163178682327	-0.93101453781128	73.000000000000	0.0000000000000
3.4240000247955	0.26039022207260	-0.93138545751572	73.000000000000	0.0000000000000
3.4279999732971	0.25914722681046	-0.93175297975540	73.000000000000	0.0000000000000
3.4319999217987	0.25790372490883	-0.93211728334427	73.000000000000	0.0000000000000
3.4360001087189	0.25665926933289	-0.93247836828232	73.000000000000	0.0000000000000
3.4400000572205	0.25541386008263	-0.93283605575562	73.000000000000	0.0000000000000
3.4440000057220	0.25416773557663	-0.93319052457809	73.000000000000	0.0000000000000
3.4479999542236	0.25292068719864	-0.93354159593582	73.000000000000	0.0000000000000
3.4519999027252	0.25167265534401	-0.93388932943344	73.000000000000	0.0000000000000
3.4560000896454	0.25042372941971	-0.93423372507095	73.000000000000	0.0000000000000
3.4600000381470	0.24917410314083	-0.93457466363907	73.000000000000	0.0000000000000
3.4639999866486	0.24792355298996	-0.93491220474243	73.000000000000	0.0000000000000
3.4679999351501	0.24667203426361	-0.93524628877640	73.000000000000	0.0000000000000
3.4719998836517	0.24541987478733	-0.93557691574097	73.000000000000	0.0000000000000
3.4760000705719	0.24416656792164	-0.93590408563614	73.000000000000	0.0000000000000
3.4800000190735	0.24291260540485	-0.93622773885727	73.000000000000	0.0000000000000
3.4839999675751	0.24165815114975	-0.93654781579971	73.000000000000	0.0000000000000
3.4879999160767	0.24040237069130	-0.93686443567276	73.000000000000	0.0000000000000
3.4920001029968	0.23914612829685	-0.93717730045319	73.000000000000	0.0000000000000
3.4960000514984	0.23788899183273	-0.93748658895493	73.000000000000	0.0000000000000
3.5000000000000	0.23663097620010	-0.93779242038727	73.000000000000	0.0000000000000
3.5039999485016	0.23537230491638	-0.93809437751770	73.000000000000	0.0000000000000
3.5079998970032	0.23411297798157	-0.93839269876480	73.000000000000	0.0000000000000
3.5120000839233	0.23285299539566	-0.93868726491928	73.000000000000	0.0000000000000
3.5160000324249	0.23159193992615	-0.93897819519043	73.000000000000	0.0000000000000
3.5199999809265	0.23033045232296	-0.93926513195038	73.000000000000	0.0000000000000
3.5239999294281	0.22906811535358	-0.93954843282700	73.000000000000	0.0000000000000
3.5280001163483	0.22780559957027	-0.93982779979706	73.000000000000	0.0000000000000
3.5320000648499	0.22654221951962	-0.94010335206985	73.000000000000	0.0000000000000
3.5360000133514	0.22527822852135	-0.94037485122681	73.000000000000	0.0000000000000
3.5399999618530	0.22401359677315	-0.94064247608185	73.000000000000	0.0000000000000
3.5439999103546	0.22274860739708	-0.94090616703033	73.000000000000	0.0000000000000
3.5480000972748	0.22148302197456	-0.94116580486298	73.000000000000	0.0000000000000
3.5520000457764	0.22021704912186	-0.94142150878906	73.000000000000	0.0000000000000
3.5559999942780	0.21895052492619	-0.94167315959930	73.000000000000	0.0000000000000
3.5599999427795	0.21768383681774	-0.94192069768906	73.000000000000	0.0000000000000
3.5639998912811	0.21641659736633	-0.94216412305832	73.000000000000	0.0000000000000
3.5680000782013	0.21514920890331	-0.94240349531174	73.000000000000	0.0000000000000
3.5720000267029	0.21388152241707	-0.94263869524002	73.000000000000	0.0000000000000
3.5759999752045	0.21261347830296	-0.94286954402924	73.000000000000	0.0000000000000
3.5799999237061	0.21134515106678	-0.94309645891190	73.000000000000	0.0000000000000
3.5840001106262	0.21007694303989	-0.94331896305084	73.000000000000	0.0000000000000
3.5880000591278	0.20880867540836	-0.94353735446930	73.000000000000	0.0000000000000
3.5920000076294	0.20754012465477	-0.94375151395798	73.000000000000	0.0000000000000
3.5959999561310	0.20627172291279	-0.94396120309830	73.000000000000	0.0000000000000
3.5999999046326	0.20500332117081	-0.94416677951813	73.000000000000	0.0000000000000
3.6040000915527	0.20373484492302	-0.94436800479889	73.000000000000	0.0000000000000
3.6080000400543	0.20246681571007	-0.94456481933594	73.000000000000	0.0000000000000
3.6119999885559	0.20119856297970	-0.94475746154785	73.000000000000	0.0000000000000
3.6159999370575	0.19993098080158	-0.94494563341141	73.000000000000	0.0000000000000
3.6199998855591	0.19866342842579	-0.94512957334518	73.000000000000	0.0000000000000
3.6240000724792	0.19739632308483	-0.94530898332596	73.000000000000	0.0000000000000
3.6280000209808	0.19612970948219	-0.94548410177231	73.000000000000	0.0000000000000
3.6319999694824	0.19486317038536	-0.94565492868423	73.000000000000	0.0000000000000
3.6359999179840	0.19359737634659	-0.94582122564316	73.000000000000	0.0000000000000
3.6400001049042	0.19233231246471	-0.94598323106766	73.000000000000	0.0000000000000
3.6440000534058	0.19106757640839	-0.94614082574844	73.000000000000	0.0000000000000
3.6480000019073	0.18980365991592	-0.94629418849945	73.000000000000	0.0000000000000
3.6519999504089	0.18854050338268	-0.94644308090210	73.000000000000	0.0000000000000
3.6559998989105	0.18727816641331	-0.94658756256104	73.000000000000	0.0000000000000
3.6600000858307	0.18601666390896	-0.94672775268555	73.000000000000	0.0000000000000
3.6640000343323	0.18475599586964	-0.94686359167099	73.000000000000	0.0000000000000
3.6679999828339	0.18349619209766	-0.94699507951736	73.000000000000	0.0000000000000
3.6719999313354	0.18223728239536	-0.94712239503860	73.000000000000	0.0000000000000
3.6760001182556	0.18097966909409	-0.94724524021149	73.000000000000	0.0000000000000
3.6800000667572	0.17972323298454	-0.94736385345459	73.000000000000	0.0000000000000
3.6840000152588	0.17846767604351	-0.94747817516327	73.000000000000	0.0000000000000
3.6879999637604	0.17721375823021	-0.94758826494217	73.000000000000	0.0000000000000
3.6919999122620	0.17596080899239	-0.94769418239594	73.000000000000	0.0000000000000
3.6960000991821	0.17470902204514	-0.94779592752457	73.000000000000	0.0000000000000
3.7000000476837	0.17345891892910	-0.94789344072342	73.000000000000	0.0000000000000
3.7039999961853	0.17221003770828	-0.94798672199249	73.000000000000	0.0000000000000
3.7079999446869	0.17096284031868	-0.94807600975037	73.000000000000	0.0000000000000
3.7119998931885	0.16971692442894	-0.94816124439240	73.000000000000	0.0000000000000
3.7160000801086	0.16847273707390	-0.94824236631393	73.000000000000	0.0000000000000
3.7200000286102	0.16723005473614	-0.94831949472427	73.000000000000	0.0000000000000
3.7239999771118	0.16598914563656	-0.94839268922806	73.000000000000	0.0000000000000
3.7279999256134	0.16474956274033	-0.94846189022064	73.000000000000	0.0000000000000
3.7320001125336	0.16351199150085	-0.94852721691132	73.000000000000	0.0000000000000
3.7360000610352	0.16227625310421	-0.94858872890472	73.000000000000	0.0000000000000
3.7400000095367	0.16104209423065	-0.94864636659622	73.000000000000	0.0000000000000
3.7439999580383	0.15980979800224	-0.94870024919510	73.000000000000	0.0000000000000
3.7479999065399	0.15857957303524	-0.94875031709671	73.000000000000	0.0000000000000
3.7520000934601	0.15735100209713	-0.94879680871964	73.000000000000	0.0000000000000
3.7560000419617	0.15612454712391	-0.94883954524994	73.000000000000	0.0000000000000
3.7599999904633	0.15490001440048	-0.94887882471085	73.000000000000	0.0000000000000
3.7639999389648	0.15367715060711	-0.94891446828842	73.000000000000	0.0000000000000
3.7679998874664	0.15245668590069	-0.94894659519196	73.000000000000	0.0000000000000
3.7720000743866	0.15123817324638	-0.94897532463074	73.000000000000	0.0000000000000
3.7760000228882	0.15002140402794	-0.94900053739548	73.000000000000	0.0000000000000
3.7799999713898	0.14880706369877	-0.94902247190475	73.000000000000	0.0000000000000
3.7839999198914	0.14759449660778	-0.94904106855392	73.000000000000	0.0000000000000
3.7880001068115	0.14638437330723	-0.94905632734299	73.000000000000	0.0000000000000
3.7920000553131	0.14517605304718	-0.94906842708588	73.000000000000	0.0000000000000
3.7960000038147	0.14396978914738	-0.94907748699188	73.000000000000	0.0000000000000
3.7999999523163	0.14276577532291	-0.94908320903778	73.000000000000	0.0000000000000
3.8039999008179	0.14156405627728	-0.94908595085144	73.000000000000	0.0000000000000
3.8080000877380	0.14036418497562	-0.94908571243286	73.000000000000	0.0000000000000
3.8120000362396	0.13916639983654	-0.94908249378204	73.000000000000	0.0000000000000
3.8159999847412	0.13797090947628	-0.94907617568970	73.000000000000	0.0000000000000
3.8199999332428	0.13677710294724	-0.94906723499298	73.000000000000	0.0000000000000
3.8239998817444	0.13558562099934	-0.94905525445938	73.000000000000	0.0000000000000
3.8280000686646	0.13439650833607	-0.94904059171677	73.000000000000	0.0000000000000
3.8320000171661	0.13320928812027	-0.94902306795120	73.000000000000	0.0000000000000
3.8359999656677	0.13202401995659	-0.94900298118591	73.000000000000	0.0000000000000
3.8399999141693	0.13084065914154	-0.94898009300232	73.000000000000	0.0000000000000
3.8440001010895	0.12965968251228	-0.94895458221436	73.000000000000	0.0000000000000
3.8480000495911	0.12848044931889	-0.94892650842667	73.000000000000	0.0000000000000
3.8519999980927	0.12730315327644	-0.94889581203461	73.000000000000	0.0000000000000
3.8559999465942	0.12612806260586	-0.94886273145676	73.000000000000	0.0000000000000
3.8599998950958	0.12495492398739	-0.94882702827454	73.000000000000	0.0000000000000
3.8640000820160	0.12378354370594	-0.94878882169724	73.000000000000	0.0000000000000
3.8680000305176	0.12261415272951	-0.94874835014343	73.000000000000	0.0000000000000
3.8719999790192	0.12144630402327	-0.94870537519455	73.000000000000	0.0000000000000
3.8759999275208	0.12028046697378	-0.94866013526917	73.000000000000	0.0000000000000
3.8800001144409	0.11911661177874	-0.94861239194870	73.000000000000	0.0000000000000
3.8840000629425	0.11795431375504	-0.94856232404709	73.000000000000	0.0000000000000
3.8880000114441	0.11679380387068	-0.94850993156433	73.000000000000	0.0000000000000
3.8919999599457	0.11563485860825	-0.94845521450043	73.000000000000	0.0000000000000
3.8959999084473	0.11447771638632	-0.94839829206467	73.000000000000	0.0000000000000
3.9000000953674	0.11332214623690	-0.94833910465240	73.000000000000	0.0000000000000
3.9040000438690	0.11216814815998	-0.94827753305435	73.000000000000	0.0000000000000
3.9079999923706	0.11101573705673	-0.94821375608444	73.000000000000	0.0000000000000
3.9119999408722	0.10986468195915	-0.94814771413803	73.000000000000	0.0000000000000
3.9159998893738	0.10871520638466	-0.94807934761047	73.000000000000	0.0000000000000
3.9200000762939	0.10756688565016	-0.94800883531570	73.000000000000	0.0000000000000
3.9240000247955	0.10642037540674	-0.94793605804443	73.000000000000	0.0000000000000
3.9279999732971	0.10527500510216	-0.94786083698273	73.000000000000	0.0000000000000
3.9319999217987	0.10413101315498	-0.94778352975845	73.000000000000	0.0000000000000
3.9360001087189	0.10298815369606	-0.94770371913910	73.000000000000	0.0000000000000
3.9400000572205	0.10184644907713	-0.94762176275253	73.000000000000	0.0000000000000
3.9440000057220	0.10070612281561	-0.94753742218018	73.000000000000	0.0000000000000
3.9479999542236	0.099566951394081	-0.94745063781738	73.000000000000	0.0000000000000
3.9519999027252	0.098428703844547	-0.94736152887344	73.000000000000	0.0000000000000
3.9560000896454	0.097291611135006	-0.94727003574371	73.000000000000	0.0000000000000
3.9600000381470	0.096155658364296	-0.94717603921890	73.000000000000	0.0000000000000
3.9639999866486	0.095020867884159	-0.94707959890366	73.000000000000	0.0000000000000
3.9679999351501	0.093886792659760	-0.94698071479797	73.000000000000	0.0000000000000
3.9719998836517	0.092753864824772	-0.94687920808792	73.000000000000	0.0000000000000
3.9760000705719	0.091621652245522	-0.94677513837814	73.000000000000	0.0000000000000
3.9800000190735	0.090490594506264	-0.94666856527328	73.000000000000	0.0000000000000
3.9839999675751	0.089360237121582	-0.94655913114548	73.000000000000	0.0000000000000
3.9879999160767	0.088230825960636	-0.94644713401794	73.000000000000	0.0000000000000
3.9920001029968	0.087102122604847	-0.94633221626282	73.000000000000	0.0000000000000
3.9960000514984	0.085974358022213	-0.94621455669403	73.000000000000	0.0000000000000
4.0000000000000	0.084847301244736	-0.94609403610229	73.000000000000	0.0000000000000
