#Parameters = {D=70; L=50}
#"Frequency / GHz"	"S1,1 (D=70) [Re]"	"S1,1 (D=70) [Im]"	"Ref.Imp. [Re]"	"Ref.Imp. [Im]"
#---------------------------------------------------------------------------------------
0.0000000000000	0.99975728988647	-0.0000000000000	73.000000000000	0.0000000000000
0.0040000001899898	0.99975574016571	-0.0017915976932272	73.000000000000	0.0000000000000
0.0080000003799796	0.99975126981735	-0.0035831981804222	73.000000000000	0.0000000000000
0.012000000104308	0.99974370002747	-0.0053748055361211	73.000000000000	0.0000000000000
0.016000000759959	0.99973326921463	-0.0071664224378765	73.000000000000	0.0000000000000
0.019999999552965	0.99971979856491	-0.0089580528438091	73.000000000000	0.0000000000000
0.024000000208616	0.99970322847366	-0.010749698616564	73.000000000000	0.0000000000000
0.028000000864267	0.99968379735947	-0.012541363015771	73.000000000000	0.0000000000000
0.032000001519918	0.99966132640839	-0.014333049766719	73.000000000000	0.0000000000000
0.035999998450279	0.99963581562042	-0.016124762594700	73.000000000000	0.0000000000000
0.039999999105930	0.99960726499557	-0.017916498705745	73.000000000000	0.0000000000000
0.043999999761581	0.99957573413849	-0.019708264619112	73.000000000000	0.0000000000000
0.048000000417233	0.99954122304916	-0.021500067785382	73.000000000000	0.0000000000000
0.052000001072884	0.99950361251831	-0.023291900753975	73.000000000000	0.0000000000000
0.056000001728535	0.99946296215057	-0.025083769112825	73.000000000000	0.0000000000000
0.059999998658895	0.99941927194595	-0.026875676587224	73.000000000000	0.0000000000000
0.064000003039837	0.99937254190445	-0.028667623177171	73.000000000000	0.0000000000000
0.068000003695488	0.99932289123535	-0.030459610745311	73.000000000000	0.0000000000000
0.071999996900558	0.99927020072937	-0.032251637428999	73.000000000000	0.0000000000000
0.075999997556210	0.99921429157257	-0.034043706953526	73.000000000000	0.0000000000000
0.079999998211861	0.99915528297424	-0.035835817456245	73.000000000000	0.0000000000000
0.083999998867512	0.99909329414368	-0.037627972662449	73.000000000000	0.0000000000000
0.087999999523163	0.99902832508087	-0.039420165121555	73.000000000000	0.0000000000000
0.092000000178814	0.99896013736725	-0.041212398558855	73.000000000000	0.0000000000000
0.096000000834465	0.99888890981674	-0.043004672974348	73.000000000000	0.0000000000000
0.10000000149012	0.99881446361542	-0.044796984642744	73.000000000000	0.0000000000000
0.10400000214577	0.99873697757721	-0.046589333564043	73.000000000000	0.0000000000000
0.10800000280142	0.99865633249283	-0.048381719738245	73.000000000000	0.0000000000000
0.11200000345707	0.99857264757156	-0.050174135714769	73.000000000000	0.0000000000000
0.11599999666214	0.99848574399948	-0.051966585218906	73.000000000000	0.0000000000000
0.11999999731779	0.99839568138123	-0.053759053349495	73.000000000000	0.0000000000000
0.12399999797344	0.99830251932144	-0.055551547557116	73.000000000000	0.0000000000000
0.12800000607967	0.99820613861084	-0.057344060391188	73.000000000000	0.0000000000000
0.13199999928474	0.99810659885406	-0.059136584401131	73.000000000000	0.0000000000000
0.13600000739098	0.99800384044647	-0.060929115861654	73.000000000000	0.0000000000000
0.14000000059605	0.99789792299271	-0.062721654772758	73.000000000000	0.0000000000000
0.14399999380112	0.99778872728348	-0.064514189958572	73.000000000000	0.0000000000000
0.14800000190735	0.99767649173737	-0.066306717693806	73.000000000000	0.0000000000000
0.15199999511242	0.99756097793579	-0.068099230527878	73.000000000000	0.0000000000000
0.15600000321865	0.99744212627411	-0.069891721010208	73.000000000000	0.0000000000000
0.15999999642372	0.99732005596161	-0.071684174239635	73.000000000000	0.0000000000000
0.16400000452995	0.99719470739365	-0.073476597666740	73.000000000000	0.0000000000000
0.16799999773502	0.99706614017487	-0.075268976390362	73.000000000000	0.0000000000000
0.17200000584126	0.99693429470062	-0.077061295509338	73.000000000000	0.0000000000000
0.17599999904633	0.99679917097092	-0.078853532671928	73.000000000000	0.0000000000000
0.18000000715256	0.99666059017181	-0.080645717680454	73.000000000000	0.0000000000000
0.18400000035763	0.99651885032654	-0.082437813282013	73.000000000000	0.0000000000000
0.18799999356270	0.99637377262115	-0.084229812026024	73.000000000000	0.0000000000000
0.19200000166893	0.99622547626495	-0.086021706461906	73.000000000000	0.0000000000000
0.19599999487400	0.99607372283936	-0.087813474237919	73.000000000000	0.0000000000000
0.20000000298023	0.99591863155365	-0.089605122804642	73.000000000000	0.0000000000000
0.20399999618530	0.99576032161713	-0.091396637260914	73.000000000000	0.0000000000000
0.20800000429153	0.99559861421585	-0.093187995254993	73.000000000000	0.0000000000000
0.21199999749660	0.99543327093124	-0.094979166984558	73.000000000000	0.0000000000000
0.21600000560284	0.99526494741440	-0.096770182251930	73.000000000000	0.0000000000000
0.21999999880791	0.99509310722351	-0.098561003804207	73.000000000000	0.0000000000000
0.22400000691414	0.99491780996323	-0.10035159438848	73.000000000000	0.0000000000000
0.22800000011921	0.99473923444748	-0.10214199125767	73.000000000000	0.0000000000000
0.23199999332428	0.99455714225769	-0.10393214225769	73.000000000000	0.0000000000000
0.23600000143051	0.99437171220779	-0.10572203993797	73.000000000000	0.0000000000000
0.23999999463558	0.99418276548386	-0.10751166194677	73.000000000000	0.0000000000000
0.24400000274181	0.99399054050446	-0.10930101573467	73.000000000000	0.0000000000000
0.24799999594688	0.99379497766495	-0.11109007894993	73.000000000000	0.0000000000000
0.25200000405312	0.99359577894211	-0.11287882179022	73.000000000000	0.0000000000000
0.25600001215935	0.99339324235916	-0.11466723680496	73.000000000000	0.0000000000000
0.25999999046326	0.99318736791611	-0.11645531654358	73.000000000000	0.0000000000000
0.26399999856949	0.99297791719437	-0.11824302375317	73.000000000000	0.0000000000000
0.26800000667572	0.99276512861252	-0.12003035843372	73.000000000000	0.0000000000000
0.27200001478195	0.99254882335663	-0.12181732058525	73.000000000000	0.0000000000000
0.27599999308586	0.99232918024063	-0.12360383570194	73.000000000000	0.0000000000000
0.28000000119209	0.99210596084595	-0.12538993358612	73.000000000000	0.0000000000000
0.28400000929832	0.99187946319580	-0.12717559933662	73.000000000000	0.0000000000000
0.28799998760223	0.99164938926697	-0.12896078824997	73.000000000000	0.0000000000000
0.29199999570847	0.99141597747803	-0.13074551522732	73.000000000000	0.0000000000000
0.29600000381470	0.99117898941040	-0.13252972066402	73.000000000000	0.0000000000000
0.30000001192093	0.99093866348267	-0.13431341946125	73.000000000000	0.0000000000000
0.30399999022484	0.99069482088089	-0.13609658181667	73.000000000000	0.0000000000000
0.30799999833107	0.99044758081436	-0.13787923753262	73.000000000000	0.0000000000000
0.31200000643730	0.99019700288773	-0.13966129720211	73.000000000000	0.0000000000000
0.31600001454353	0.98994296789169	-0.14144279062748	73.000000000000	0.0000000000000
0.31999999284744	0.98968529701233	-0.14322365820408	73.000000000000	0.0000000000000
0.32400000095367	0.98942428827286	-0.14500392973423	73.000000000000	0.0000000000000
0.32800000905991	0.98915994167328	-0.14678354561329	73.000000000000	0.0000000000000
0.33199998736382	0.98889213800430	-0.14856253564358	73.000000000000	0.0000000000000
0.33599999547005	0.98862093687057	-0.15034085512161	73.000000000000	0.0000000000000
0.34000000357628	0.98834627866745	-0.15211848914623	73.000000000000	0.0000000000000
0.34400001168251	0.98806828260422	-0.15389542281628	73.000000000000	0.0000000000000
0.34799998998642	0.98778682947159	-0.15567165613174	73.000000000000	0.0000000000000
0.35199999809265	0.98750203847885	-0.15744712948799	73.000000000000	0.0000000000000
0.35600000619888	0.98721385002136	-0.15922190248966	73.000000000000	0.0000000000000
0.36000001430511	0.98692232370377	-0.16099588572979	73.000000000000	0.0000000000000
0.36399999260902	0.98662739992142	-0.16276909410954	73.000000000000	0.0000000000000
0.36800000071526	0.98632913827896	-0.16454152762890	73.000000000000	0.0000000000000
0.37200000882149	0.98602747917175	-0.16631312668324	73.000000000000	0.0000000000000
0.37599998712540	0.98572254180908	-0.16808392107487	73.000000000000	0.0000000000000
0.37999999523163	0.98541420698166	-0.16985388100147	73.000000000000	0.0000000000000
0.38400000333786	0.98510253429413	-0.17162302136421	73.000000000000	0.0000000000000
0.38800001144409	0.98478758335114	-0.17339128255844	73.000000000000	0.0000000000000
0.39199998974800	0.98446929454803	-0.17515866458416	73.000000000000	0.0000000000000
0.39599999785423	0.98414784669876	-0.17692519724369	73.000000000000	0.0000000000000
0.40000000596046	0.98382294178009	-0.17869079113007	73.000000000000	0.0000000000000
0.40400001406670	0.98349487781525	-0.18045550584793	73.000000000000	0.0000000000000
0.40799999237061	0.98316359519958	-0.18221929669380	73.000000000000	0.0000000000000
0.41200000047684	0.98282897472382	-0.18398217856884	73.000000000000	0.0000000000000
0.41600000858307	0.98249107599258	-0.18574407696724	73.000000000000	0.0000000000000
0.41999998688698	0.98215013742447	-0.18750506639481	73.000000000000	0.0000000000000
0.42399999499321	0.98180580139160	-0.18926510214806	73.000000000000	0.0000000000000
0.42800000309944	0.98145836591721	-0.19102416932583	73.000000000000	0.0000000000000
0.43200001120567	0.98110777139664	-0.19278228282928	73.000000000000	0.0000000000000
0.43599998950958	0.98075389862061	-0.19453938305378	73.000000000000	0.0000000000000
0.43999999761581	0.98039698600769	-0.19629552960396	73.000000000000	0.0000000000000
0.44400000572205	0.98003679513931	-0.19805064797401	73.000000000000	0.0000000000000
0.44800001382828	0.97967350482941	-0.19980478286743	73.000000000000	0.0000000000000
0.45199999213219	0.97930711507797	-0.20155791938305	73.000000000000	0.0000000000000
0.45600000023842	0.97893768548965	-0.20331005752087	73.000000000000	0.0000000000000
0.46000000834465	0.97856503725052	-0.20506115257740	73.000000000000	0.0000000000000
0.46399998664856	0.97818928956985	-0.20681123435497	73.000000000000	0.0000000000000
0.46799999475479	0.97781056165695	-0.20856031775475	73.000000000000	0.0000000000000
0.47200000286102	0.97742873430252	-0.21030834317207	73.000000000000	0.0000000000000
0.47600001096725	0.97704380750656	-0.21205535531044	73.000000000000	0.0000000000000
0.47999998927116	0.97665584087372	-0.21380132436752	73.000000000000	0.0000000000000
0.48399999737740	0.97626489400864	-0.21554629504681	73.000000000000	0.0000000000000
0.48800000548363	0.97587084770203	-0.21729019284248	73.000000000000	0.0000000000000
0.49200001358986	0.97547394037247	-0.21903307735920	73.000000000000	0.0000000000000
0.49599999189377	0.97507387399673	-0.22077491879463	73.000000000000	0.0000000000000
0.50000000000000	0.97467100620270	-0.22251576185226	73.000000000000	0.0000000000000
0.50400000810623	0.97426503896713	-0.22425554692745	73.000000000000	0.0000000000000
0.50800001621246	0.97385609149933	-0.22599428892136	73.000000000000	0.0000000000000
0.51200002431870	0.97344428300858	-0.22773200273514	73.000000000000	0.0000000000000
0.51599997282028	0.97302943468094	-0.22946867346764	73.000000000000	0.0000000000000
0.51999998092651	0.97261166572571	-0.23120433092117	73.000000000000	0.0000000000000
0.52399998903275	0.97219103574753	-0.23293897509575	73.000000000000	0.0000000000000
0.52799999713898	0.97176736593246	-0.23467259109020	73.000000000000	0.0000000000000
0.53200000524521	0.97134089469910	-0.23640516400337	73.000000000000	0.0000000000000
0.53600001335144	0.97091144323349	-0.23813672363758	73.000000000000	0.0000000000000
0.54000002145767	0.97047919034958	-0.23986731469631	73.000000000000	0.0000000000000
0.54400002956390	0.97004401683807	-0.24159684777260	73.000000000000	0.0000000000000
0.54799997806549	0.96960598230362	-0.24332539737225	73.000000000000	0.0000000000000
0.55199998617172	0.96916502714157	-0.24505296349525	73.000000000000	0.0000000000000
0.55599999427795	0.96872115135193	-0.24677950143814	73.000000000000	0.0000000000000
0.56000000238419	0.96827453374863	-0.24850510060787	73.000000000000	0.0000000000000
0.56400001049042	0.96782499551773	-0.25022965669632	73.000000000000	0.0000000000000
0.56800001859665	0.96737253665924	-0.25195327401161	73.000000000000	0.0000000000000
0.57200002670288	0.96691727638245	-0.25367593765259	73.000000000000	0.0000000000000
0.57599997520447	0.96645921468735	-0.25539758801460	73.000000000000	0.0000000000000
0.57999998331070	0.96599817276001	-0.25711831450462	73.000000000000	0.0000000000000
0.58399999141693	0.96553444862366	-0.25883805751801	73.000000000000	0.0000000000000
0.58799999952316	0.96506786346436	-0.26055690646172	73.000000000000	0.0000000000000
0.59200000762939	0.96459835767746	-0.26227471232414	73.000000000000	0.0000000000000
0.59600001573563	0.96412599086761	-0.26399168372154	73.000000000000	0.0000000000000
0.60000002384186	0.96365082263947	-0.26570767164230	73.000000000000	0.0000000000000
0.60399997234344	0.96317285299301	-0.26742276549339	73.000000000000	0.0000000000000
0.60799998044968	0.96269202232361	-0.26913690567017	73.000000000000	0.0000000000000
0.61199998855591	0.96220833063126	-0.27085015177727	73.000000000000	0.0000000000000
0.61599999666214	0.96172177791595	-0.27256250381470	73.000000000000	0.0000000000000
0.62000000476837	0.96123236417770	-0.27427396178246	73.000000000000	0.0000000000000
0.62400001287460	0.96074008941650	-0.27598449587822	73.000000000000	0.0000000000000
0.62800002098083	0.96024501323700	-0.27769416570663	73.000000000000	0.0000000000000
0.63200002908707	0.95974707603455	-0.27940291166306	73.000000000000	0.0000000000000
0.63599997758865	0.95924621820450	-0.28111082315445	73.000000000000	0.0000000000000
0.63999998569489	0.95874249935150	-0.28281784057617	73.000000000000	0.0000000000000
0.64399999380112	0.95823591947556	-0.28452399373055	73.000000000000	0.0000000000000
0.64800000190735	0.95772647857666	-0.28622931241989	73.000000000000	0.0000000000000
0.65200001001358	0.95721411705017	-0.28793373703957	73.000000000000	0.0000000000000
0.65600001811981	0.95669877529144	-0.28963729739189	73.000000000000	0.0000000000000
0.66000002622604	0.95618069171906	-0.29133999347687	73.000000000000	0.0000000000000
0.66399997472763	0.95565962791443	-0.29304188489914	73.000000000000	0.0000000000000
0.66799998283386	0.95513564348221	-0.29474291205406	73.000000000000	0.0000000000000
0.67199999094009	0.95460861921310	-0.29644307494164	73.000000000000	0.0000000000000
0.67599999904633	0.95407879352570	-0.29814243316650	73.000000000000	0.0000000000000
0.68000000715256	0.95354604721069	-0.29984092712402	73.000000000000	0.0000000000000
0.68400001525879	0.95301026105881	-0.30153858661652	73.000000000000	0.0000000000000
0.68800002336502	0.95247149467468	-0.30323541164398	73.000000000000	0.0000000000000
0.69199997186661	0.95192974805832	-0.30493137240410	73.000000000000	0.0000000000000
0.69599997997284	0.95138502120972	-0.30662649869919	73.000000000000	0.0000000000000
0.69999998807907	0.95083719491959	-0.30832082033157	73.000000000000	0.0000000000000
0.70399999618530	0.95028650760651	-0.31001427769661	73.000000000000	0.0000000000000
0.70800000429153	0.94973272085190	-0.31170687079430	73.000000000000	0.0000000000000
0.71200001239777	0.94917583465576	-0.31339865922928	73.000000000000	0.0000000000000
0.71600002050400	0.94861602783203	-0.31508958339691	73.000000000000	0.0000000000000
0.72000002861023	0.94805306196213	-0.31677958369255	73.000000000000	0.0000000000000
0.72399997711182	0.94748699665070	-0.31846883893013	73.000000000000	0.0000000000000
0.72799998521805	0.94691789150238	-0.32015717029572	73.000000000000	0.0000000000000
0.73199999332428	0.94634562730789	-0.32184466719627	73.000000000000	0.0000000000000
0.73600000143051	0.94577032327652	-0.32353124022484	73.000000000000	0.0000000000000
0.74000000953674	0.94519186019897	-0.32521694898605	73.000000000000	0.0000000000000
0.74400001764297	0.94461029767990	-0.32690179347992	73.000000000000	0.0000000000000
0.74800002574921	0.94402551651001	-0.32858574390411	73.000000000000	0.0000000000000
0.75199997425079	0.94343763589859	-0.33026877045631	73.000000000000	0.0000000000000
0.75599998235703	0.94284641742706	-0.33195093274117	73.000000000000	0.0000000000000
0.75999999046326	0.94225215911865	-0.33363214135170	73.000000000000	0.0000000000000
0.76399999856949	0.94165462255478	-0.33531245589256	73.000000000000	0.0000000000000
0.76800000667572	0.94105386734009	-0.33699175715446	73.000000000000	0.0000000000000
0.77200001478195	0.94044995307922	-0.33867016434669	73.000000000000	0.0000000000000
0.77600002288818	0.93984276056290	-0.34034755825996	73.000000000000	0.0000000000000
0.77999997138977	0.93923223018646	-0.34202402830124	73.000000000000	0.0000000000000
0.78399997949600	0.93861854076385	-0.34369948506355	73.000000000000	0.0000000000000
0.78799998760223	0.93800157308578	-0.34537392854691	73.000000000000	0.0000000000000
0.79199999570847	0.93738114833832	-0.34704738855362	73.000000000000	0.0000000000000
0.79600000381470	0.93675762414932	-0.34871980547905	73.000000000000	0.0000000000000
0.80000001192093	0.93613064289093	-0.35039114952087	73.000000000000	0.0000000000000
0.80400002002716	0.93550044298172	-0.35206145048141	73.000000000000	0.0000000000000
0.80800002813339	0.93486684560776	-0.35373067855835	73.000000000000	0.0000000000000
0.81199997663498	0.93422985076904	-0.35539880394936	73.000000000000	0.0000000000000
0.81599998474121	0.93358957767487	-0.35706582665443	73.000000000000	0.0000000000000
0.81999999284744	0.93294602632523	-0.35873168706894	73.000000000000	0.0000000000000
0.82400000095367	0.93229901790619	-0.36039647459984	73.000000000000	0.0000000000000
0.82800000905991	0.93164861202240	-0.36206007003784	73.000000000000	0.0000000000000
0.83200001716614	0.93099480867386	-0.36372247338295	73.000000000000	0.0000000000000
0.83600002527237	0.93033760786057	-0.36538368463516	73.000000000000	0.0000000000000
0.83999997377396	0.92967712879181	-0.36704367399216	73.000000000000	0.0000000000000
0.84399998188019	0.92901319265366	-0.36870241165161	73.000000000000	0.0000000000000
0.84799998998642	0.92834573984146	-0.37035986781120	73.000000000000	0.0000000000000
0.85199999809265	0.92767506837845	-0.37201610207558	73.000000000000	0.0000000000000
0.85600000619888	0.92700076103210	-0.37367096543312	73.000000000000	0.0000000000000
0.86000001430511	0.92632317543030	-0.37532457709312	73.000000000000	0.0000000000000
0.86400002241135	0.92564207315445	-0.37697681784630	73.000000000000	0.0000000000000
0.86799997091293	0.92495757341385	-0.37862768769264	73.000000000000	0.0000000000000
0.87199997901917	0.92426967620850	-0.38027718663216	73.000000000000	0.0000000000000
0.87599998712540	0.92357838153839	-0.38192528486252	73.000000000000	0.0000000000000
0.87999999523163	0.92288362979889	-0.38357195258141	73.000000000000	0.0000000000000
0.88400000333786	0.92218548059464	-0.38521715998650	73.000000000000	0.0000000000000
0.88800001144409	0.92148387432098	-0.38686090707779	73.000000000000	0.0000000000000
0.89200001955032	0.92077887058258	-0.38850319385529	73.000000000000	0.0000000000000
0.89600002765656	0.92007040977478	-0.39014393091202	73.000000000000	0.0000000000000
0.89999997615814	0.91935849189758	-0.39178314805031	73.000000000000	0.0000000000000
0.90399998426437	0.91864317655563	-0.39342081546783	73.000000000000	0.0000000000000
0.90799999237061	0.91792446374893	-0.39505693316460	73.000000000000	0.0000000000000
0.91200000047684	0.91720241308212	-0.39669144153595	73.000000000000	0.0000000000000
0.91600000858307	0.91647684574127	-0.39832437038422	73.000000000000	0.0000000000000
0.92000001668930	0.91574794054031	-0.39995557069778	73.000000000000	0.0000000000000
0.92400002479553	0.91501557826996	-0.40158516168594	73.000000000000	0.0000000000000
0.92799997329712	0.91427993774414	-0.40321314334869	73.000000000000	0.0000000000000
0.93199998140335	0.91354089975357	-0.40483939647675	73.000000000000	0.0000000000000
0.93599998950958	0.91279840469360	-0.40646392107010	73.000000000000	0.0000000000000
0.93999999761581	0.91205257177353	-0.40808668732643	73.000000000000	0.0000000000000
0.94400000572205	0.91130346059799	-0.40970772504807	73.000000000000	0.0000000000000
0.94800001382828	0.91055095195770	-0.41132703423500	73.000000000000	0.0000000000000
0.95200002193451	0.90979516506195	-0.41294449567795	73.000000000000	0.0000000000000
0.95599997043610	0.90903604030609	-0.41456022858620	73.000000000000	0.0000000000000
0.95999997854233	0.90827351808548	-0.41617411375046	73.000000000000	0.0000000000000
0.96399998664856	0.90750783681870	-0.41778621077538	73.000000000000	0.0000000000000
0.96799999475479	0.90673875808716	-0.41939634084702	73.000000000000	0.0000000000000
0.97200000286102	0.90596640110016	-0.42100495100021	73.000000000000	0.0000000000000
0.97600001096725	0.90519100427628	-0.42261120676994	73.000000000000	0.0000000000000
0.98000001907349	0.90441215038300	-0.42421582341194	73.000000000000	0.0000000000000
0.98400002717972	0.90363019704819	-0.42581832408905	73.000000000000	0.0000000000000
0.98799997568130	0.90284490585327	-0.42741915583611	73.000000000000	0.0000000000000
0.99199998378754	0.90205657482147	-0.42901787161827	73.000000000000	0.0000000000000
0.99599999189377	0.90126478672028	-0.43061491847038	73.000000000000	0.0000000000000
1.0000000000000	0.90047001838684	-0.43220987915993	73.000000000000	0.0000000000000
1.0039999485016	0.89967215061188	-0.43380266427994	73.000000000000	0.0000000000000
1.0080000162125	0.89887094497681	-0.43539378046989	73.000000000000	0.0000000000000
1.0119999647141	0.89806658029556	-0.43698322772980	73.000000000000	0.0000000000000
1.0160000324249	0.89725929498672	-0.43857005238533	73.000000000000	0.0000000000000
1.0199999809265	0.89644879102707	-0.44015523791313	73.000000000000	0.0000000000000
1.0240000486374	0.89563524723053	-0.44173824787140	73.000000000000	0.0000000000000
1.0279999971390	0.89481854438782	-0.44331955909729	73.000000000000	0.0000000000000
1.0319999456406	0.89399898052216	-0.44489830732346	73.000000000000	0.0000000000000
1.0360000133514	0.89317631721497	-0.44647535681725	73.000000000000	0.0000000000000
1.0399999618530	0.89235043525696	-0.44805067777634	73.000000000000	0.0000000000000
1.0440000295639	0.89152157306671	-0.44962382316589	73.000000000000	0.0000000000000
1.0479999780655	0.89068984985352	-0.45119485259056	73.000000000000	0.0000000000000
1.0520000457764	0.88985490798950	-0.45276415348053	73.000000000000	0.0000000000000
1.0559999942780	0.88901716470718	-0.45433130860329	73.000000000000	0.0000000000000
1.0599999427795	0.88817667961121	-0.45589590072632	73.000000000000	0.0000000000000
1.0640000104904	0.88733291625977	-0.45745918154716	73.000000000000	0.0000000000000
1.0679999589920	0.88648629188538	-0.45902028679848	73.000000000000	0.0000000000000
1.0720000267029	0.88563662767410	-0.46057972311974	73.000000000000	0.0000000000000
1.0759999752045	0.88478434085846	-0.46213653683662	73.000000000000	0.0000000000000
1.0800000429153	0.88392889499664	-0.46369162201881	73.000000000000	0.0000000000000
1.0839999914169	0.88307076692581	-0.46524453163147	73.000000000000	0.0000000000000
1.0880000591278	0.88220930099487	-0.46679615974426	73.000000000000	0.0000000000000
1.0920000076294	0.88134539127350	-0.46834519505501	73.000000000000	0.0000000000000
1.0959999561310	0.88047862052917	-0.46989205479622	73.000000000000	0.0000000000000
1.1000000238419	0.87960892915726	-0.47143715620041	73.000000000000	0.0000000000000
1.1039999723434	0.87873601913452	-0.47298094630241	73.000000000000	0.0000000000000
1.1080000400543	0.87786054611206	-0.47452217340469	73.000000000000	0.0000000000000
1.1119999885559	0.87698215246201	-0.47606161236763	73.000000000000	0.0000000000000
1.1160000562668	0.87610083818436	-0.47759929299355	73.000000000000	0.0000000000000
1.1200000047684	0.87521684169769	-0.47913482785225	73.000000000000	0.0000000000000
1.1239999532700	0.87432998418808	-0.48066860437393	73.000000000000	0.0000000000000
1.1280000209808	0.87343996763229	-0.48220056295395	73.000000000000	0.0000000000000
1.1319999694824	0.87254732847214	-0.48373058438301	73.000000000000	0.0000000000000
1.1360000371933	0.87165182828903	-0.48525872826576	73.000000000000	0.0000000000000
1.1399999856949	0.87075340747833	-0.48678508400917	73.000000000000	0.0000000000000
1.1440000534058	0.86985212564468	-0.48830953240395	73.000000000000	0.0000000000000
1.1480000019073	0.86894804239273	-0.48983213305473	73.000000000000	0.0000000000000
1.1519999504089	0.86804103851318	-0.49135303497314	73.000000000000	0.0000000000000
1.1560000181198	0.86713117361069	-0.49287202954292	73.000000000000	0.0000000000000
1.1599999666214	0.86621832847595	-0.49438935518265	73.000000000000	0.0000000000000
1.1640000343323	0.86530268192291	-0.49590477347374	73.000000000000	0.0000000000000
1.1679999828339	0.86438399553299	-0.49741849303246	73.000000000000	0.0000000000000
1.1720000505447	0.86346250772476	-0.49893048405647	73.000000000000	0.0000000000000
1.1759999990463	0.86253780126572	-0.50044071674347	73.000000000000	0.0000000000000
1.1799999475479	0.86161035299301	-0.50194925069809	73.000000000000	0.0000000000000
1.1840000152588	0.86067998409271	-0.50345599651337	73.000000000000	0.0000000000000
1.1879999637604	0.85974651575089	-0.50496107339859	73.000000000000	0.0000000000000
1.1920000314713	0.85881006717682	-0.50646442174911	73.000000000000	0.0000000000000
1.1959999799728	0.85787051916122	-0.50796610116959	73.000000000000	0.0000000000000
1.2000000476837	0.85692793130875	-0.50946605205536	73.000000000000	0.0000000000000
1.2039999961853	0.85598218441010	-0.51096433401108	73.000000000000	0.0000000000000
1.2079999446869	0.85503339767456	-0.51246106624603	73.000000000000	0.0000000000000
1.2120000123978	0.85408145189285	-0.51395601034164	73.000000000000	0.0000000000000
1.2159999608994	0.85312628746033	-0.51544934511185	73.000000000000	0.0000000000000
1.2200000286102	0.85216796398163	-0.51694101095200	73.000000000000	0.0000000000000
1.2239999771118	0.85120648145676	-0.51843106746674	73.000000000000	0.0000000000000
1.2280000448227	0.85024166107178	-0.51991945505142	73.000000000000	0.0000000000000
1.2319999933243	0.84927362203598	-0.52140617370605	73.000000000000	0.0000000000000
1.2359999418259	0.84830218553543	-0.52289116382599	73.000000000000	0.0000000000000
1.2400000095367	0.84732747077942	-0.52437466382980	73.000000000000	0.0000000000000
1.2439999580383	0.84634935855865	-0.52585643529892	73.000000000000	0.0000000000000
1.2480000257492	0.84536772966385	-0.52733653783798	73.000000000000	0.0000000000000
1.2519999742508	0.84438276290894	-0.52881497144699	73.000000000000	0.0000000000000
1.2560000419617	0.84339421987534	-0.53029179573059	73.000000000000	0.0000000000000
1.2599999904633	0.84240227937698	-0.53176689147949	73.000000000000	0.0000000000000
1.2640000581741	0.84140658378601	-0.53324031829834	73.000000000000	0.0000000000000
1.2680000066757	0.84040725231171	-0.53471195697784	73.000000000000	0.0000000000000
1.2719999551773	0.83940428495407	-0.53618198633194	73.000000000000	0.0000000000000
1.2760000228882	0.83839756250381	-0.53765028715134	73.000000000000	0.0000000000000
1.2799999713898	0.83738726377487	-0.53911674022675	73.000000000000	0.0000000000000
1.2840000391006	0.83637315034866	-0.54058158397675	73.000000000000	0.0000000000000
1.2879999876022	0.83535504341125	-0.54204452037811	73.000000000000	0.0000000000000
1.2920000553131	0.83433324098587	-0.54350572824478	73.000000000000	0.0000000000000
1.2960000038147	0.83330726623535	-0.54496502876282	73.000000000000	0.0000000000000
1.2999999523163	0.83227747678757	-0.54642248153687	73.000000000000	0.0000000000000
1.3040000200272	0.83124363422394	-0.54787808656693	73.000000000000	0.0000000000000
1.3079999685287	0.83020573854446	-0.54933172464371	73.000000000000	0.0000000000000
1.3120000362396	0.82916373014450	-0.55078345537186	73.000000000000	0.0000000000000
1.3159999847412	0.82811760902405	-0.55223315954208	73.000000000000	0.0000000000000
1.3200000524521	0.82706731557846	-0.55368083715439	73.000000000000	0.0000000000000
1.3240000009537	0.82601284980774	-0.55512654781342	73.000000000000	0.0000000000000
1.3279999494553	0.82495391368866	-0.55656999349594	73.000000000000	0.0000000000000
1.3320000171661	0.82389074563980	-0.55801135301590	73.000000000000	0.0000000000000
1.3359999656677	0.82282310724258	-0.55945056676865	73.000000000000	0.0000000000000
1.3400000333786	0.82175123691559	-0.56088745594025	73.000000000000	0.0000000000000
1.3439999818802	0.82067453861237	-0.56232213973999	73.000000000000	0.0000000000000
1.3480000495911	0.81959366798401	-0.56375443935394	73.000000000000	0.0000000000000
1.3519999980927	0.81850826740265	-0.56518429517746	73.000000000000	0.0000000000000
1.3559999465942	0.81741803884506	-0.56661170721054	73.000000000000	0.0000000000000
1.3600000143051	0.81632328033447	-0.56803661584854	73.000000000000	0.0000000000000
1.3639999628067	0.81522387266159	-0.56945890188217	73.000000000000	0.0000000000000
1.3680000305176	0.81411963701248	-0.57087856531143	73.000000000000	0.0000000000000
1.3719999790192	0.81301075220108	-0.57229554653168	73.000000000000	0.0000000000000
1.3760000467300	0.81189715862274	-0.57370972633362	73.000000000000	0.0000000000000
1.3799999952316	0.81077861785889	-0.57512104511261	73.000000000000	0.0000000000000
1.3839999437332	0.80965530872345	-0.57652938365936	73.000000000000	0.0000000000000
1.3880000114441	0.80852711200714	-0.57793474197388	73.000000000000	0.0000000000000
1.3919999599457	0.80739402770996	-0.57933706045151	73.000000000000	0.0000000000000
1.3960000276566	0.80625593662262	-0.58073610067368	73.000000000000	0.0000000000000
1.3999999761581	0.80511295795441	-0.58213210105896	73.000000000000	0.0000000000000
1.4040000438690	0.80396485328674	-0.58352458477020	73.000000000000	0.0000000000000
1.4079999923706	0.80281180143356	-0.58491373062134	73.000000000000	0.0000000000000
1.4119999408722	0.80165362358093	-0.58629935979843	73.000000000000	0.0000000000000
1.4160000085831	0.80049055814743	-0.58768129348755	73.000000000000	0.0000000000000
1.4199999570847	0.79932236671448	-0.58905971050262	73.000000000000	0.0000000000000
1.4240000247955	0.79814910888672	-0.59043425321579	73.000000000000	0.0000000000000
1.4279999732971	0.79697060585022	-0.59180510044098	73.000000000000	0.0000000000000
1.4320000410080	0.79578715562820	-0.59317171573639	73.000000000000	0.0000000000000
1.4359999895096	0.79459846019745	-0.59453439712524	73.000000000000	0.0000000000000
1.4400000572205	0.79340481758118	-0.59589290618896	73.000000000000	0.0000000000000
1.4440000057220	0.79220598936081	-0.59724706411362	73.000000000000	0.0000000000000
1.4479999542236	0.79100197553635	-0.59859693050385	73.000000000000	0.0000000000000
1.4520000219345	0.78979277610779	-0.59994226694107	73.000000000000	0.0000000000000
1.4559999704361	0.78857862949371	-0.60128307342529	73.000000000000	0.0000000000000
1.4600000381470	0.78735929727554	-0.60261911153793	73.000000000000	0.0000000000000
1.4639999866486	0.78613495826721	-0.60395044088364	73.000000000000	0.0000000000000
1.4680000543594	0.78490567207336	-0.60527682304382	73.000000000000	0.0000000000000
1.4720000028610	0.78367102146149	-0.60659819841385	73.000000000000	0.0000000000000
1.4759999513626	0.78243160247803	-0.60791438817978	73.000000000000	0.0000000000000
1.4800000190735	0.78118717670441	-0.60922539234161	73.000000000000	0.0000000000000
1.4839999675751	0.77993762493134	-0.61053109169006	73.000000000000	0.0000000000000
1.4880000352859	0.77868324518204	-0.61183124780655	73.000000000000	0.0000000000000
1.4919999837875	0.77742403745651	-0.61312586069107	73.000000000000	0.0000000000000
1.4960000514984	0.77616006135941	-0.61441475152969	73.000000000000	0.0000000000000
1.5000000000000	0.77489101886749	-0.61569786071777	73.000000000000	0.0000000000000
1.5039999485016	0.77361744642258	-0.61697506904602	73.000000000000	0.0000000000000
1.5080000162125	0.77233898639679	-0.61824619770050	73.000000000000	0.0000000000000
1.5119999647141	0.77105599641800	-0.61951136589050	73.000000000000	0.0000000000000
1.5160000324249	0.76976829767227	-0.62077015638351	73.000000000000	0.0000000000000
1.5199999809265	0.76847618818283	-0.62202268838882	73.000000000000	0.0000000000000
1.5240000486374	0.76717960834503	-0.62326860427856	73.000000000000	0.0000000000000
1.5279999971390	0.76587855815887	-0.62450802326202	73.000000000000	0.0000000000000
1.5319999456406	0.76457309722900	-0.62574076652527	73.000000000000	0.0000000000000
1.5360000133514	0.76326364278793	-0.62696665525436	73.000000000000	0.0000000000000
1.5399999618530	0.76194983720779	-0.62818568944931	73.000000000000	0.0000000000000
1.5440000295639	0.76063209772110	-0.62939769029617	73.000000000000	0.0000000000000
1.5479999780655	0.75931012630463	-0.63060253858566	73.000000000000	0.0000000000000
1.5520000457764	0.75798439979553	-0.63180023431778	73.000000000000	0.0000000000000
1.5559999942780	0.75665497779846	-0.63299065828323	73.000000000000	0.0000000000000
1.5599999427795	0.75532156229019	-0.63417363166809	73.000000000000	0.0000000000000
1.5640000104904	0.75398480892181	-0.63534909486771	73.000000000000	0.0000000000000
1.5679999589920	0.75264441967010	-0.63651692867279	73.000000000000	0.0000000000000
1.5720000267029	0.75130075216293	-0.63767707347870	73.000000000000	0.0000000000000
1.5759999752045	0.74995362758636	-0.63882952928543	73.000000000000	0.0000000000000
1.5800000429153	0.74860328435898	-0.63997387886047	73.000000000000	0.0000000000000
1.5839999914169	0.74725008010864	-0.64111047983170	73.000000000000	0.0000000000000
1.5880000591278	0.74589401483536	-0.64223897457123	73.000000000000	0.0000000000000
1.5920000076294	0.74453508853912	-0.64335924386978	73.000000000000	0.0000000000000
1.5959999561310	0.74317348003387	-0.64447146654129	73.000000000000	0.0000000000000
1.6000000238419	0.74180907011032	-0.64557528495789	73.000000000000	0.0000000000000
1.6039999723434	0.74044269323349	-0.64667081832886	73.000000000000	0.0000000000000
1.6080000400543	0.73907375335693	-0.64775800704956	73.000000000000	0.0000000000000
1.6119999885559	0.73770266771317	-0.64883655309677	73.000000000000	0.0000000000000
1.6160000562668	0.73632973432541	-0.64990669488907	73.000000000000	0.0000000000000
1.6200000047684	0.73495507240295	-0.65096819400787	73.000000000000	0.0000000000000
1.6239999532700	0.73357862234116	-0.65202099084854	73.000000000000	0.0000000000000
1.6280000209808	0.73220056295395	-0.65306514501572	73.000000000000	0.0000000000000
1.6319999694824	0.73082113265991	-0.65410053730011	73.000000000000	0.0000000000000
1.6360000371933	0.72944039106369	-0.65512710809708	73.000000000000	0.0000000000000
1.6399999856949	0.72805875539780	-0.65614491701126	73.000000000000	0.0000000000000
1.6440000534058	0.72667604684830	-0.65715384483337	73.000000000000	0.0000000000000
1.6480000019073	0.72529262304306	-0.65815389156342	73.000000000000	0.0000000000000
1.6519999504089	0.72390872240067	-0.65914493799210	73.000000000000	0.0000000000000
1.6560000181198	0.72252434492111	-0.66012716293335	73.000000000000	0.0000000000000
1.6599999666214	0.72113960981369	-0.66110032796860	73.000000000000	0.0000000000000
1.6640000343323	0.71975475549698	-0.66206461191177	73.000000000000	0.0000000000000
1.6679999828339	0.71837002038956	-0.66301989555359	73.000000000000	0.0000000000000
1.6720000505447	0.71698552370071	-0.66396617889404	73.000000000000	0.0000000000000
1.6759999990463	0.71560144424438	-0.66490358114243	73.000000000000	0.0000000000000
1.6799999475479	0.71421784162521	-0.66583198308945	73.000000000000	0.0000000000000
1.6840000152588	0.71283501386642	-0.66675132513046	73.000000000000	0.0000000000000
1.6879999637604	0.71145325899124	-0.66766184568405	73.000000000000	0.0000000000000
1.6920000314713	0.71007245779037	-0.66856342554092	73.000000000000	0.0000000000000
1.6959999799728	0.70869284868240	-0.66945606470108	73.000000000000	0.0000000000000
1.7000000476837	0.70731478929520	-0.67033994197845	73.000000000000	0.0000000000000
1.7039999961853	0.70593827962875	-0.67121493816376	73.000000000000	0.0000000000000
1.7079999446869	0.70456343889236	-0.67208117246628	73.000000000000	0.0000000000000
1.7120000123978	0.70319068431854	-0.67293870449066	73.000000000000	0.0000000000000
1.7159999608994	0.70181983709335	-0.67378747463226	73.000000000000	0.0000000000000
1.7200000286102	0.70045125484467	-0.67462772130966	73.000000000000	0.0000000000000
1.7239999771118	0.69908523559570	-0.67545938491821	73.000000000000	0.0000000000000
1.7280000448227	0.69772189855576	-0.67628246545792	73.000000000000	0.0000000000000
1.7319999933243	0.69636118412018	-0.67709726095200	73.000000000000	0.0000000000000
1.7359999418259	0.69500339031219	-0.67790359258652	73.000000000000	0.0000000000000
1.7400000095367	0.69364857673645	-0.67870163917542	73.000000000000	0.0000000000000
1.7439999580383	0.69229716062546	-0.67949151992798	73.000000000000	0.0000000000000
1.7480000257492	0.69094908237457	-0.68027335405350	73.000000000000	0.0000000000000
1.7519999742508	0.68960458040237	-0.68104714155197	73.000000000000	0.0000000000000
1.7560000419617	0.68826377391815	-0.68181312084198	73.000000000000	0.0000000000000
1.7599999904633	0.68692672252655	-0.68257129192352	73.000000000000	0.0000000000000
1.7640000581741	0.68559366464615	-0.68332165479660	73.000000000000	0.0000000000000
1.7680000066757	0.68426483869553	-0.68406450748444	73.000000000000	0.0000000000000
1.7719999551773	0.68294024467468	-0.68479990959167	73.000000000000	0.0000000000000
1.7760000228882	0.68162006139755	-0.68552792072296	73.000000000000	0.0000000000000
1.7799999713898	0.68030440807343	-0.68624877929688	73.000000000000	0.0000000000000
1.7840000391006	0.67899334430695	-0.68696254491806	73.000000000000	0.0000000000000
1.7879999876022	0.67768722772598	-0.68766927719116	73.000000000000	0.0000000000000
1.7920000553131	0.67638587951660	-0.68836933374405	73.000000000000	0.0000000000000
1.7960000038147	0.67508959770203	-0.68906265497208	73.000000000000	0.0000000000000
1.7999999523163	0.67379862070084	-0.68974947929382	73.000000000000	0.0000000000000
1.8040000200272	0.67251271009445	-0.69042986631393	73.000000000000	0.0000000000000
1.8079999685287	0.67123228311539	-0.69110405445099	73.000000000000	0.0000000000000
1.8120000362396	0.66995704174042	-0.69177216291428	73.000000000000	0.0000000000000
1.8159999847412	0.66868764162064	-0.69243431091309	73.000000000000	0.0000000000000
1.8200000524521	0.66742378473282	-0.69309073686600	73.000000000000	0.0000000000000
1.8240000009537	0.66616564989090	-0.69374161958694	73.000000000000	0.0000000000000
1.8279999494553	0.66491353511810	-0.69438701868057	73.000000000000	0.0000000000000
1.8320000171661	0.66366702318192	-0.69502705335617	73.000000000000	0.0000000000000
1.8359999656677	0.66242659091949	-0.69566214084625	73.000000000000	0.0000000000000
1.8400000333786	0.66119223833084	-0.69629234075546	73.000000000000	0.0000000000000
1.8439999818802	0.65996396541595	-0.69691771268845	73.000000000000	0.0000000000000
1.8480000495911	0.65874195098877	-0.69753849506378	73.000000000000	0.0000000000000
1.8519999980927	0.65752595663071	-0.69815486669540	73.000000000000	0.0000000000000
1.8559999465942	0.65631622076035	-0.69876712560654	73.000000000000	0.0000000000000
1.8600000143051	0.65511292219162	-0.69937533140182	73.000000000000	0.0000000000000
1.8639999628067	0.65391588211060	-0.69997960329056	73.000000000000	0.0000000000000
1.8680000305176	0.65272504091263	-0.70058023929596	73.000000000000	0.0000000000000
1.8719999790192	0.65154069662094	-0.70117729902267	73.000000000000	0.0000000000000
1.8760000467300	0.65036267042160	-0.70177119970322	73.000000000000	0.0000000000000
1.8799999952316	0.64919114112854	-0.70236194133759	73.000000000000	0.0000000000000
1.8839999437332	0.64802592992783	-0.70294964313507	73.000000000000	0.0000000000000
1.8880000114441	0.64686715602875	-0.70353466272354	73.000000000000	0.0000000000000
1.8919999599457	0.64571464061737	-0.70411711931229	73.000000000000	0.0000000000000
1.8960000276566	0.64456886053085	-0.70469713211060	73.000000000000	0.0000000000000
1.8999999761581	0.64342916011810	-0.70527493953705	73.000000000000	0.0000000000000
1.9040000438690	0.64229583740234	-0.70585078001022	73.000000000000	0.0000000000000
1.9079999923706	0.64116901159286	-0.70642471313477	73.000000000000	0.0000000000000
1.9119999408722	0.64004832506180	-0.70699697732925	73.000000000000	0.0000000000000
1.9160000085831	0.63893389701843	-0.70756775140762	73.000000000000	0.0000000000000
1.9199999570847	0.63782572746277	-0.70813715457916	73.000000000000	0.0000000000000
1.9240000247955	0.63672357797623	-0.70870542526245	73.000000000000	0.0000000000000
1.9279999732971	0.63562762737274	-0.70927274227142	73.000000000000	0.0000000000000
1.9320000410080	0.63453775644302	-0.70983922481537	73.000000000000	0.0000000000000
1.9359999895096	0.63345378637314	-0.71040505170822	73.000000000000	0.0000000000000
1.9400000572205	0.63237577676773	-0.71097034215927	73.000000000000	0.0000000000000
1.9440000057220	0.63130348920822	-0.71153545379639	73.000000000000	0.0000000000000
1.9479999542236	0.63023704290390	-0.71210032701492	73.000000000000	0.0000000000000
1.9520000219345	0.62917625904083	-0.71266520023346	73.000000000000	0.0000000000000
1.9559999704361	0.62812095880508	-0.71323025226593	73.000000000000	0.0000000000000
1.9600000381470	0.62707120180130	-0.71379548311234	73.000000000000	0.0000000000000
1.9639999866486	0.62602663040161	-0.71436119079590	73.000000000000	0.0000000000000
1.9680000543594	0.62498736381531	-0.71492743492126	73.000000000000	0.0000000000000
1.9720000028610	0.62395340204239	-0.71549445390701	73.000000000000	0.0000000000000
1.9759999513626	0.62292450666428	-0.71606230735779	73.000000000000	0.0000000000000
1.9800000190735	0.62190037965775	-0.71663105487823	73.000000000000	0.0000000000000
1.9839999675751	0.62088114023209	-0.71720099449158	73.000000000000	0.0000000000000
1.9880000352859	0.61986643075943	-0.71777206659317	73.000000000000	0.0000000000000
1.9919999837875	0.61885648965836	-0.71834439039230	73.000000000000	0.0000000000000
1.9960000514984	0.61785078048706	-0.71891838312149	73.000000000000	0.0000000000000
2.0000000000000	0.61684948205948	-0.71949362754822	73.000000000000	0.0000000000000
2.0039999485016	0.61585223674774	-0.72007071971893	73.000000000000	0.0000000000000
2.0079998970032	0.61485892534256	-0.72064942121506	73.000000000000	0.0000000000000
2.0120000839233	0.61386954784393	-0.72122997045517	73.000000000000	0.0000000000000
2.0160000324249	0.61288380622864	-0.72181242704391	73.000000000000	0.0000000000000
2.0199999809265	0.61190164089203	-0.72239685058594	73.000000000000	0.0000000000000
2.0239999294281	0.61092311143875	-0.72298330068588	73.000000000000	0.0000000000000
2.0280001163483	0.60994762182236	-0.72357183694839	73.000000000000	0.0000000000000
2.0320000648499	0.60897535085678	-0.72416257858276	73.000000000000	0.0000000000000
2.0360000133514	0.60800588130951	-0.72475564479828	73.000000000000	0.0000000000000
2.0399999618530	0.60703939199448	-0.72535079717636	73.000000000000	0.0000000000000
2.0439999103546	0.60607528686523	-0.72594839334488	73.000000000000	0.0000000000000
2.0480000972748	0.60511392354965	-0.72654837369919	73.000000000000	0.0000000000000
2.0520000457764	0.60415482521057	-0.72715061903000	73.000000000000	0.0000000000000
2.0559999942780	0.60319781303406	-0.72775536775589	73.000000000000	0.0000000000000
2.0599999427795	0.60224270820618	-0.72836256027222	73.000000000000	0.0000000000000
2.0639998912811	0.60128951072693	-0.72897213697433	73.000000000000	0.0000000000000
2.0680000782013	0.60033804178238	-0.72958415746689	73.000000000000	0.0000000000000
2.0720000267029	0.59938818216324	-0.73019868135452	73.000000000000	0.0000000000000
2.0759999752045	0.59843951463699	-0.73081558942795	73.000000000000	0.0000000000000
2.0799999237061	0.59749215841293	-0.73143500089645	73.000000000000	0.0000000000000
2.0840001106262	0.59654587507248	-0.73205685615540	73.000000000000	0.0000000000000
2.0880000591278	0.59560024738312	-0.73268097639084	73.000000000000	0.0000000000000
2.0920000076294	0.59465563297272	-0.73330760002136	73.000000000000	0.0000000000000
2.0959999561310	0.59371161460876	-0.73393648862839	73.000000000000	0.0000000000000
2.0999999046326	0.59276795387268	-0.73456770181656	73.000000000000	0.0000000000000
2.1040000915527	0.59182447195053	-0.73520112037659	73.000000000000	0.0000000000000
2.1080000400543	0.59088122844696	-0.73583680391312	73.000000000000	0.0000000000000
2.1119999885559	0.58993798494339	-0.73647451400757	73.000000000000	0.0000000000000
2.1159999370575	0.58899480104446	-0.73711448907852	73.000000000000	0.0000000000000
2.1199998855591	0.58805108070374	-0.73775643110275	73.000000000000	0.0000000000000
2.1240000724792	0.58710712194443	-0.73840010166168	73.000000000000	0.0000000000000
2.1280000209808	0.58616262674332	-0.73904585838318	73.000000000000	0.0000000000000
2.1319999694824	0.58521747589111	-0.73969334363937	73.000000000000	0.0000000000000
2.1359999179840	0.58427143096924	-0.74034249782562	73.000000000000	0.0000000000000
2.1400001049042	0.58332461118698	-0.74099332094193	73.000000000000	0.0000000000000
2.1440000534058	0.58237665891647	-0.74164569377899	73.000000000000	0.0000000000000
2.1480000019073	0.58142781257629	-0.74229937791824	73.000000000000	0.0000000000000
2.1519999504089	0.58047753572464	-0.74295437335968	73.000000000000	0.0000000000000
2.1559998989105	0.57952606678009	-0.74361062049866	73.000000000000	0.0000000000000
2.1600000858307	0.57857316732407	-0.74426794052124	73.000000000000	0.0000000000000
2.1640000343323	0.57761865854263	-0.74492615461349	73.000000000000	0.0000000000000
2.1679999828339	0.57666260004044	-0.74558526277542	73.000000000000	0.0000000000000
2.1719999313354	0.57570493221283	-0.74624520540237	73.000000000000	0.0000000000000
2.1760001182556	0.57474553585052	-0.74690568447113	73.000000000000	0.0000000000000
2.1800000667572	0.57378417253494	-0.74756669998169	73.000000000000	0.0000000000000
2.1840000152588	0.57282102108002	-0.74822801351547	73.000000000000	0.0000000000000
2.1879999637604	0.57185596227646	-0.74888950586319	73.000000000000	0.0000000000000
2.1919999122620	0.57088887691498	-0.74955111742020	73.000000000000	0.0000000000000
2.1960000991821	0.56991970539093	-0.75021266937256	73.000000000000	0.0000000000000
2.2000000476837	0.56894856691360	-0.75087404251099	73.000000000000	0.0000000000000
2.2039999961853	0.56797516345978	-0.75153505802155	73.000000000000	0.0000000000000
2.2079999446869	0.56699979305267	-0.75219559669495	73.000000000000	0.0000000000000
2.2119998931885	0.56602209806442	-0.75285553932190	73.000000000000	0.0000000000000
2.2160000801086	0.56504231691360	-0.75351470708847	73.000000000000	0.0000000000000
2.2200000286102	0.56406033039093	-0.75417292118073	73.000000000000	0.0000000000000
2.2239999771118	0.56307601928711	-0.75483018159866	73.000000000000	0.0000000000000
2.2279999256134	0.56208962202072	-0.75548624992371	73.000000000000	0.0000000000000
2.2320001125336	0.56110119819641	-0.75614082813263	73.000000000000	0.0000000000000
2.2360000610352	0.56011039018631	-0.75679409503937	73.000000000000	0.0000000000000
2.2400000095367	0.55911755561829	-0.75744575262070	73.000000000000	0.0000000000000
2.2439999580383	0.55812263488770	-0.75809550285339	73.000000000000	0.0000000000000
2.2479999065399	0.55712538957596	-0.75874346494675	73.000000000000	0.0000000000000
2.2520000934601	0.55612623691559	-0.75938928127289	73.000000000000	0.0000000000000
2.2560000419617	0.55512517690659	-0.76003295183182	73.000000000000	0.0000000000000
2.2599999904633	0.55412203073502	-0.76067423820496	73.000000000000	0.0000000000000
2.2639999389648	0.55311703681946	-0.76131319999695	73.000000000000	0.0000000000000
2.2679998874664	0.55211019515991	-0.76194953918457	73.000000000000	0.0000000000000
2.2720000743866	0.55110156536102	-0.76258301734924	73.000000000000	0.0000000000000
2.2760000228882	0.55009144544601	-0.76321381330490	73.000000000000	0.0000000000000
2.2799999713898	0.54907947778702	-0.76384150981903	73.000000000000	0.0000000000000
2.2839999198914	0.54806625843048	-0.76446622610092	73.000000000000	0.0000000000000
2.2880001068115	0.54705142974854	-0.76508778333664	73.000000000000	0.0000000000000
2.2920000553131	0.54603528976440	-0.76570588350296	73.000000000000	0.0000000000000
2.2960000038147	0.54501801729202	-0.76632052659988	73.000000000000	0.0000000000000
2.2999999523163	0.54399949312210	-0.76693183183670	73.000000000000	0.0000000000000
2.3039999008179	0.54298007488251	-0.76753932237625	73.000000000000	0.0000000000000
2.3080000877380	0.54195982217789	-0.76814311742783	73.000000000000	0.0000000000000
2.3120000362396	0.54093879461288	-0.76874315738678	73.000000000000	0.0000000000000
2.3159999847412	0.53991723060608	-0.76933914422989	73.000000000000	0.0000000000000
2.3199999332428	0.53889489173889	-0.76993125677109	73.000000000000	0.0000000000000
2.3239998817444	0.53787237405777	-0.77051925659180	73.000000000000	0.0000000000000
2.3280000686646	0.53684967756271	-0.77110308408737	73.000000000000	0.0000000000000
2.3320000171661	0.53582674264908	-0.77168279886246	73.000000000000	0.0000000000000
2.3359999656677	0.53480386734009	-0.77225816249847	73.000000000000	0.0000000000000
2.3399999141693	0.53378140926361	-0.77282917499542	73.000000000000	0.0000000000000
2.3440001010895	0.53275918960571	-0.77339589595795	73.000000000000	0.0000000000000
2.3480000495911	0.53173750638962	-0.77395826578140	73.000000000000	0.0000000000000
2.3519999980927	0.53071635961533	-0.77451598644257	73.000000000000	0.0000000000000
2.3559999465942	0.52969622612000	-0.77506929636002	73.000000000000	0.0000000000000
2.3599998950958	0.52867722511292	-0.77561807632446	73.000000000000	0.0000000000000
2.3640000820160	0.52765905857086	-0.77616244554520	73.000000000000	0.0000000000000
2.3680000305176	0.52664244174957	-0.77670216560364	73.000000000000	0.0000000000000
2.3719999790192	0.52562725543976	-0.77723741531372	73.000000000000	0.0000000000000
2.3759999275208	0.52461379766464	-0.77776807546616	73.000000000000	0.0000000000000
2.3800001144409	0.52360218763351	-0.77829432487488	73.000000000000	0.0000000000000
2.3840000629425	0.52259236574173	-0.77881598472595	73.000000000000	0.0000000000000
2.3880000114441	0.52158504724503	-0.77933317422867	73.000000000000	0.0000000000000
2.3919999599457	0.52057993412018	-0.77984589338303	73.000000000000	0.0000000000000
2.3959999084473	0.51957726478577	-0.78035426139832	73.000000000000	0.0000000000000
2.4000000953674	0.51857733726501	-0.78085821866989	73.000000000000	0.0000000000000
2.4040000438690	0.51758021116257	-0.78135782480240	73.000000000000	0.0000000000000
2.4079999923706	0.51658612489700	-0.78185325860977	73.000000000000	0.0000000000000
2.4119999408722	0.51559549570084	-0.78234446048737	73.000000000000	0.0000000000000
2.4159998893738	0.51460790634155	-0.78283154964447	73.000000000000	0.0000000000000
2.4200000762939	0.51362395286560	-0.78331464529037	73.000000000000	0.0000000000000
2.4240000247955	0.51264357566833	-0.78379374742508	73.000000000000	0.0000000000000
2.4279999732971	0.51166707277298	-0.78426903486252	73.000000000000	0.0000000000000
2.4319999217987	0.51069474220276	-0.78474050760269	73.000000000000	0.0000000000000
2.4360001087189	0.50972628593445	-0.78520828485489	73.000000000000	0.0000000000000
2.4400000572205	0.50876230001450	-0.78567266464233	73.000000000000	0.0000000000000
2.4440000057220	0.50780284404755	-0.78613352775574	73.000000000000	0.0000000000000
2.4479999542236	0.50684773921967	-0.78659117221832	73.000000000000	0.0000000000000
2.4519999027252	0.50589758157730	-0.78704559803009	73.000000000000	0.0000000000000
2.4560000896454	0.50495219230652	-0.78749704360962	73.000000000000	0.0000000000000
2.4600000381470	0.50401175022125	-0.78794568777084	73.000000000000	0.0000000000000
2.4639999866486	0.50307649374008	-0.78839141130447	73.000000000000	0.0000000000000
2.4679999351501	0.50214642286301	-0.78883469104767	73.000000000000	0.0000000000000
2.4719998836517	0.50122189521790	-0.78927558660507	73.000000000000	0.0000000000000
2.4760000705719	0.50030249357224	-0.78971421718597	73.000000000000	0.0000000000000
2.4800000190735	0.49938899278641	-0.79015076160431	73.000000000000	0.0000000000000
2.4839999675751	0.49848100543022	-0.79058551788330	73.000000000000	0.0000000000000
2.4879999160767	0.49757891893387	-0.79101842641830	73.000000000000	0.0000000000000
2.4920001029968	0.49668261408806	-0.79144990444183	73.000000000000	0.0000000000000
2.4960000514984	0.49579223990440	-0.79188001155853	73.000000000000	0.0000000000000
2.5000000000000	0.49490779638290	-0.79230904579163	73.000000000000	0.0000000000000
2.5039999485016	0.49402955174446	-0.79273718595505	73.000000000000	0.0000000000000
2.5079998970032	0.49315741658211	-0.79316449165344	73.000000000000	0.0000000000000
2.5120000839233	0.49229145050049	-0.79359126091003	73.000000000000	0.0000000000000
2.5160000324249	0.49143180251122	-0.79401779174805	73.000000000000	0.0000000000000
2.5199999809265	0.49057838320732	-0.79444420337677	73.000000000000	0.0000000000000
2.5239999294281	0.48973137140274	-0.79487067461014	73.000000000000	0.0000000000000
2.5280001163483	0.48889067769051	-0.79529756307602	73.000000000000	0.0000000000000
2.5320000648499	0.48805615305901	-0.79572486877441	73.000000000000	0.0000000000000
2.5360000133514	0.48722809553146	-0.79615312814713	73.000000000000	0.0000000000000
2.5399999618530	0.48640665411949	-0.79658216238022	73.000000000000	0.0000000000000
2.5439999103546	0.48559135198593	-0.79701256752014	73.000000000000	0.0000000000000
2.5480000972748	0.48478254675865	-0.79744434356689	73.000000000000	0.0000000000000
2.5520000457764	0.48398005962372	-0.79787778854370	73.000000000000	0.0000000000000
2.5559999942780	0.48318356275558	-0.79831314086914	73.000000000000	0.0000000000000
2.5599999427795	0.48239362239838	-0.79875063896179	73.000000000000	0.0000000000000
2.5639998912811	0.48161002993584	-0.79919046163559	73.000000000000	0.0000000000000
2.5680000782013	0.48083227872849	-0.79963290691376	73.000000000000	0.0000000000000
2.5720000267029	0.48006108403206	-0.80007809400558	73.000000000000	0.0000000000000
2.5759999752045	0.47929549217224	-0.80052626132965	73.000000000000	0.0000000000000
2.5799999237061	0.47853600978851	-0.80097770690918	73.000000000000	0.0000000000000
2.5840001106262	0.47778251767159	-0.80143266916275	73.000000000000	0.0000000000000
2.5880000591278	0.47703456878662	-0.80189120769501	73.000000000000	0.0000000000000
2.5920000076294	0.47629240155220	-0.80235373973846	73.000000000000	0.0000000000000
2.5959999561310	0.47555577754974	-0.80282032489777	73.000000000000	0.0000000000000
2.5999999046326	0.47482466697693	-0.80329126119614	73.000000000000	0.0000000000000
2.6040000915527	0.47409906983376	-0.80376666784286	73.000000000000	0.0000000000000
2.6080000400543	0.47337850928307	-0.80424690246582	73.000000000000	0.0000000000000
2.6119999885559	0.47266298532486	-0.80473208427429	73.000000000000	0.0000000000000
2.6159999370575	0.47195231914520	-0.80522245168686	73.000000000000	0.0000000000000
2.6199998855591	0.47124657034874	-0.80571806430817	73.000000000000	0.0000000000000
2.6240000724792	0.47054523229599	-0.80621916055679	73.000000000000	0.0000000000000
2.6280000209808	0.46984833478928	-0.80672603845596	73.000000000000	0.0000000000000
2.6319999694824	0.46915566921234	-0.80723869800568	73.000000000000	0.0000000000000
2.6359999179840	0.46846711635590	-0.80775755643845	73.000000000000	0.0000000000000
2.6400001049042	0.46778243780136	-0.80828249454498	73.000000000000	0.0000000000000
2.6440000534058	0.46710127592087	-0.80881398916245	73.000000000000	0.0000000000000
2.6480000019073	0.46642374992371	-0.80935186147690	73.000000000000	0.0000000000000
2.6519999504089	0.46574941277504	-0.80989652872086	73.000000000000	0.0000000000000
2.6559998989105	0.46507814526558	-0.81044793128967	73.000000000000	0.0000000000000
2.6600000858307	0.46440976858139	-0.81100642681122	73.000000000000	0.0000000000000
2.6640000343323	0.46374389529228	-0.81157195568085	73.000000000000	0.0000000000000
2.6679999828339	0.46308049559593	-0.81214475631714	73.000000000000	0.0000000000000
2.6719999313354	0.46241915225983	-0.81272482872009	73.000000000000	0.0000000000000
2.6760001182556	0.46175962686539	-0.81331241130829	73.000000000000	0.0000000000000
2.6800000667572	0.46110188961029	-0.81390750408173	73.000000000000	0.0000000000000
2.6840000152588	0.46044549345970	-0.81451028585434	73.000000000000	0.0000000000000
2.6879999637604	0.45979043841362	-0.81512081623077	73.000000000000	0.0000000000000
2.6919999122620	0.45913606882095	-0.81573903560638	73.000000000000	0.0000000000000
2.6960000991821	0.45848253369331	-0.81636524200439	73.000000000000	0.0000000000000
2.7000000476837	0.45782917737961	-0.81699937582016	73.000000000000	0.0000000000000
2.7039999961853	0.45717614889145	-0.81764143705368	73.000000000000	0.0000000000000
2.7079999446869	0.45652255415916	-0.81829154491425	73.000000000000	0.0000000000000
2.7119998931885	0.45586898922920	-0.81894969940186	73.000000000000	0.0000000000000
2.7160000801086	0.45521470904350	-0.81961596012115	73.000000000000	0.0000000000000
2.7200000286102	0.45455911755562	-0.82029038667679	73.000000000000	0.0000000000000
2.7239999771118	0.45390269160271	-0.82097280025482	73.000000000000	0.0000000000000
2.7279999256134	0.45324453711510	-0.82166349887848	73.000000000000	0.0000000000000
2.7320001125336	0.45258465409279	-0.82236218452454	73.000000000000	0.0000000000000
2.7360000610352	0.45192286372185	-0.82306897640228	73.000000000000	0.0000000000000
2.7400000095367	0.45125868916512	-0.82378381490707	73.000000000000	0.0000000000000
2.7439999580383	0.45059201121330	-0.82450664043427	73.000000000000	0.0000000000000
2.7479999065399	0.44992220401764	-0.82523751258850	73.000000000000	0.0000000000000
2.7520000934601	0.44924929738045	-0.82597619295120	73.000000000000	0.0000000000000
2.7560000419617	0.44857320189476	-0.82672274112701	73.000000000000	0.0000000000000
2.7599999904633	0.44789344072342	-0.82747721672058	73.000000000000	0.0000000000000
2.7639999389648	0.44720965623856	-0.82823920249939	73.000000000000	0.0000000000000
2.7679998874664	0.44652161002159	-0.82900893688202	73.000000000000	0.0000000000000
2.7720000743866	0.44582906365395	-0.82978618144989	73.000000000000	0.0000000000000
2.7760000228882	0.44513195753098	-0.83057081699371	73.000000000000	0.0000000000000
2.7799999713898	0.44442981481552	-0.83136260509491	73.000000000000	0.0000000000000
2.7839999198914	0.44372236728668	-0.83216154575348	73.000000000000	0.0000000000000
2.7880001068115	0.44300967454910	-0.83296775817871	73.000000000000	0.0000000000000
2.7920000553131	0.44229102134705	-0.83378070592880	73.000000000000	0.0000000000000
2.7960000038147	0.44156658649445	-0.83460032939911	73.000000000000	0.0000000000000
2.7999999523163	0.44083583354950	-0.83542668819427	73.000000000000	0.0000000000000
2.8039999008179	0.44009882211685	-0.83625942468643	73.000000000000	0.0000000000000
2.8080000877380	0.43935516476631	-0.83709830045700	73.000000000000	0.0000000000000
2.8120000362396	0.43860456347466	-0.83794331550598	73.000000000000	0.0000000000000
2.8159999847412	0.43784686923027	-0.83879423141479	73.000000000000	0.0000000000000
2.8199999332428	0.43708211183548	-0.83965075016022	73.000000000000	0.0000000000000
2.8239998817444	0.43630966544151	-0.84051293134689	73.000000000000	0.0000000000000
2.8280000686646	0.43552982807159	-0.84138023853302	73.000000000000	0.0000000000000
2.8320000171661	0.43474197387695	-0.84225267171860	73.000000000000	0.0000000000000
2.8359999656677	0.43394607305527	-0.84312993288040	73.000000000000	0.0000000000000
2.8399999141693	0.43314209580421	-0.84401190280914	73.000000000000	0.0000000000000
2.8440001010895	0.43232959508896	-0.84489816427231	73.000000000000	0.0000000000000
2.8480000495911	0.43150863051414	-0.84578859806061	73.000000000000	0.0000000000000
2.8519999980927	0.43067920207977	-0.84668302536011	73.000000000000	0.0000000000000
2.8559999465942	0.42984086275101	-0.84758114814758	73.000000000000	0.0000000000000
2.8599998950958	0.42899364233017	-0.84848272800446	73.000000000000	0.0000000000000
2.8640000820160	0.42813730239868	-0.84938740730286	73.000000000000	0.0000000000000
2.8680000305176	0.42727160453796	-0.85029500722885	73.000000000000	0.0000000000000
2.8719999790192	0.42639690637589	-0.85120540857315	73.000000000000	0.0000000000000
2.8759999275208	0.42551261186600	-0.85211813449860	73.000000000000	0.0000000000000
2.8800001144409	0.42461901903152	-0.85303294658661	73.000000000000	0.0000000000000
2.8840000629425	0.42371559143066	-0.85394966602325	73.000000000000	0.0000000000000
2.8880000114441	0.42280280590057	-0.85486805438995	73.000000000000	0.0000000000000
2.8919999599457	0.42188036441803	-0.85578769445419	73.000000000000	0.0000000000000
2.8959999084473	0.42094790935516	-0.85670840740204	73.000000000000	0.0000000000000
2.9000000953674	0.42000594735146	-0.85762995481491	73.000000000000	0.0000000000000
2.9040000438690	0.41905394196510	-0.85855197906494	73.000000000000	0.0000000000000
2.9079999923706	0.41809219121933	-0.85947424173355	73.000000000000	0.0000000000000
2.9119999408722	0.41712042689323	-0.86039650440216	73.000000000000	0.0000000000000
2.9159998893738	0.41613885760307	-0.86131829023361	73.000000000000	0.0000000000000
2.9200000762939	0.41514745354652	-0.86223959922791	73.000000000000	0.0000000000000
2.9240000247955	0.41414615511894	-0.86316007375717	73.000000000000	0.0000000000000
2.9279999732971	0.41313493251801	-0.86407929658890	73.000000000000	0.0000000000000
2.9319999217987	0.41211381554604	-0.86499714851379	73.000000000000	0.0000000000000
2.9360001087189	0.41108304262161	-0.86591333150864	73.000000000000	0.0000000000000
2.9400000572205	0.41004258394241	-0.86682742834091	73.000000000000	0.0000000000000
2.9440000057220	0.40899232029915	-0.86773943901062	73.000000000000	0.0000000000000
2.9479999542236	0.40793219208717	-0.86864894628525	73.000000000000	0.0000000000000
2.9519999027252	0.40686294436455	-0.86955559253693	73.000000000000	0.0000000000000
2.9560000896454	0.40578371286392	-0.87045931816101	73.000000000000	0.0000000000000
2.9600000381470	0.40469542145729	-0.87135976552963	73.000000000000	0.0000000000000
2.9639999866486	0.40359777212143	-0.87225657701492	73.000000000000	0.0000000000000
2.9679999351501	0.40249055624008	-0.87314975261688	73.000000000000	0.0000000000000
2.9719998836517	0.40137481689453	-0.87403893470764	73.000000000000	0.0000000000000
2.9760000705719	0.40024992823601	-0.87492370605469	73.000000000000	0.0000000000000
2.9800000190735	0.39911594986916	-0.87580412626266	73.000000000000	0.0000000000000
2.9839999675751	0.39797365665436	-0.87667965888977	73.000000000000	0.0000000000000
2.9879999160767	0.39682215452194	-0.87755048274994	73.000000000000	0.0000000000000
2.9920001029968	0.39566266536713	-0.87841600179672	73.000000000000	0.0000000000000
2.9960000514984	0.39449477195740	-0.87927621603012	73.000000000000	0.0000000000000
3.0000000000000	0.39331883192062	-0.88013076782227	73.000000000000	0.0000000000000
3.0039999485016	0.39213442802429	-0.88097971677780	73.000000000000	0.0000000000000
3.0079998970032	0.39094239473343	-0.88182276487350	73.000000000000	0.0000000000000
3.0120000839233	0.38974350690842	-0.88265913724899	73.000000000000	0.0000000000000
3.0160000324249	0.38853651285172	-0.88348960876465	73.000000000000	0.0000000000000
3.0199999809265	0.38732272386551	-0.88431340456009	73.000000000000	0.0000000000000
3.0239999294281	0.38610076904297	-0.88513082265854	73.000000000000	0.0000000000000
3.0280001163483	0.38487327098846	-0.88594090938568	73.000000000000	0.0000000000000
3.0320000648499	0.38363811373711	-0.88674455881119	73.000000000000	0.0000000000000
3.0360000133514	0.38239738345146	-0.88754063844681	73.000000000000	0.0000000000000
3.0399999618530	0.38114985823631	-0.88832968473434	73.000000000000	0.0000000000000
3.0439999103546	0.37989681959152	-0.88911116123199	73.000000000000	0.0000000000000
3.0480000972748	0.37863740324974	-0.88988524675369	73.000000000000	0.0000000000000
3.0520000457764	0.37737253308296	-0.89065170288086	73.000000000000	0.0000000000000
3.0559999942780	0.37610217928886	-0.89141041040421	73.000000000000	0.0000000000000
3.0599999427795	0.37482690811157	-0.89216136932373	73.000000000000	0.0000000000000
3.0639998912811	0.37354663014412	-0.89290434122086	73.000000000000	0.0000000000000
3.0680000782013	0.37226182222366	-0.89363920688629	73.000000000000	0.0000000000000
3.0720000267029	0.37097176909447	-0.89436644315720	73.000000000000	0.0000000000000
3.0759999752045	0.36967852711678	-0.89508497714996	73.000000000000	0.0000000000000
3.0799999237061	0.36838051676750	-0.89579570293427	73.000000000000	0.0000000000000
3.0840001106262	0.36707863211632	-0.89649820327759	73.000000000000	0.0000000000000
3.0880000591278	0.36577376723289	-0.89719229936600	73.000000000000	0.0000000000000
3.0920000076294	0.36446553468704	-0.89787799119949	73.000000000000	0.0000000000000
3.0959999561310	0.36315357685089	-0.89855563640594	73.000000000000	0.0000000000000
3.0999999046326	0.36183920502663	-0.89922481775284	73.000000000000	0.0000000000000
3.1040000915527	0.36052256822586	-0.89988541603088	73.000000000000	0.0000000000000
3.1080000400543	0.35920277237892	-0.90053808689117	73.000000000000	0.0000000000000
3.1119999885559	0.35788118839264	-0.90118217468262	73.000000000000	0.0000000000000
3.1159999370575	0.35655707120895	-0.90181827545166	73.000000000000	0.0000000000000
3.1199998855591	0.35523131489754	-0.90244591236115	73.000000000000	0.0000000000000
3.1240000724792	0.35390442609787	-0.90306520462036	73.000000000000	0.0000000000000
3.1280000209808	0.35257646441460	-0.90367603302002	73.000000000000	0.0000000000000
3.1319999694824	0.35124713182449	-0.90427911281586	73.000000000000	0.0000000000000
3.1359999179840	0.34991639852524	-0.90487402677536	73.000000000000	0.0000000000000
3.1400001049042	0.34858527779579	-0.90546077489853	73.000000000000	0.0000000000000
3.1440000534058	0.34725379943848	-0.90603959560394	73.000000000000	0.0000000000000
3.1480000019073	0.34592166543007	-0.90661060810089	73.000000000000	0.0000000000000
3.1519999504089	0.34458974003792	-0.90717351436615	73.000000000000	0.0000000000000
3.1559998989105	0.34325730800629	-0.90772902965546	73.000000000000	0.0000000000000
3.1600000858307	0.34192526340485	-0.90827679634094	73.000000000000	0.0000000000000
3.1640000343323	0.34059414267540	-0.90881693363190	73.000000000000	0.0000000000000
3.1679999828339	0.33926317095757	-0.90934967994690	73.000000000000	0.0000000000000
3.1719999313354	0.33793279528618	-0.90987521409988	73.000000000000	0.0000000000000
3.1760001182556	0.33660361170769	-0.91039335727692	73.000000000000	0.0000000000000
3.1800000667572	0.33527567982674	-0.91090440750122	73.000000000000	0.0000000000000
3.1840000152588	0.33394858241081	-0.91140860319138	73.000000000000	0.0000000000000
3.1879999637604	0.33262285590172	-0.91190582513809	73.000000000000	0.0000000000000
3.1919999122620	0.33129906654358	-0.91239631175995	73.000000000000	0.0000000000000
3.1960000991821	0.32997637987137	-0.91288048028946	73.000000000000	0.0000000000000
3.2000000476837	0.32865530252457	-0.91335809230804	73.000000000000	0.0000000000000
3.2039999961853	0.32733637094498	-0.91382938623428	73.000000000000	0.0000000000000
3.2079999446869	0.32601919770241	-0.91429460048676	73.000000000000	0.0000000000000
3.2119998931885	0.32470473647118	-0.91475361585617	73.000000000000	0.0000000000000
3.2160000801086	0.32339176535606	-0.91520696878433	73.000000000000	0.0000000000000
3.2200000286102	0.32208117842674	-0.91565465927124	73.000000000000	0.0000000000000
3.2239999771118	0.32077312469482	-0.91609668731689	73.000000000000	0.0000000000000
3.2279999256134	0.31946673989296	-0.91653358936310	73.000000000000	0.0000000000000
3.2320001125336	0.31816345453262	-0.91696506738663	73.000000000000	0.0000000000000
3.2360000610352	0.31686240434647	-0.91739159822464	73.000000000000	0.0000000000000
3.2400000095367	0.31556409597397	-0.91781318187714	73.000000000000	0.0000000000000
3.2439999580383	0.31426909565926	-0.91822975873947	73.000000000000	0.0000000000000
3.2479999065399	0.31297564506531	-0.91864216327667	73.000000000000	0.0000000000000
3.2520000934601	0.31168511509895	-0.91905009746552	73.000000000000	0.0000000000000
3.2560000419617	0.31039810180664	-0.91945350170135	73.000000000000	0.0000000000000
3.2599999904633	0.30911278724670	-0.91985309123993	73.000000000000	0.0000000000000
3.2639999389648	0.30783107876778	-0.92024856805801	73.000000000000	0.0000000000000
3.2679998874664	0.30655163526535	-0.92064034938812	73.000000000000	0.0000000000000
3.2720000743866	0.30527502298355	-0.92102855443954	73.000000000000	0.0000000000000
3.2760000228882	0.30400118231773	-0.92141318321228	73.000000000000	0.0000000000000
3.2799999713898	0.30272984504700	-0.92179465293884	73.000000000000	0.0000000000000
3.2839999198914	0.30146184563637	-0.92217260599136	73.000000000000	0.0000000000000
3.2880001068115	0.30019593238831	-0.92254787683487	73.000000000000	0.0000000000000
3.2920000553131	0.29893264174461	-0.92292028665543	73.000000000000	0.0000000000000
3.2960000038147	0.29767194390297	-0.92328989505768	73.000000000000	0.0000000000000
3.2999999523163	0.29641431570053	-0.92365676164627	73.000000000000	0.0000000000000
3.3039999008179	0.29515898227692	-0.92402112483978	73.000000000000	0.0000000000000
3.3080000877380	0.29390636086464	-0.92438322305679	73.000000000000	0.0000000000000
3.3120000362396	0.29265558719635	-0.92474323511124	73.000000000000	0.0000000000000
3.3159999847412	0.29140719771385	-0.92510116100311	73.000000000000	0.0000000000000
3.3199999332428	0.29016163945198	-0.92545700073242	73.000000000000	0.0000000000000
3.3239998817444	0.28891757130623	-0.92581105232239	73.000000000000	0.0000000000000
3.3280000686646	0.28767588734627	-0.92616337537766	73.000000000000	0.0000000000000
3.3320000171661	0.28643670678139	-0.92651385068893	73.000000000000	0.0000000000000
3.3359999656677	0.28519865870476	-0.92686307430267	73.000000000000	0.0000000000000
3.3399999141693	0.28396308422089	-0.92721062898636	73.000000000000	0.0000000000000
3.3440001010895	0.28272864222527	-0.92755699157715	73.000000000000	0.0000000000000
3.3480000495911	0.28149586915970	-0.92790210247040	73.000000000000	0.0000000000000
3.3519999980927	0.28026518225670	-0.92824572324753	73.000000000000	0.0000000000000
3.3559999465942	0.27903565764427	-0.92858850955963	73.000000000000	0.0000000000000
3.3599998950958	0.27780738472939	-0.92893010377884	73.000000000000	0.0000000000000
3.3640000820160	0.27658072113991	-0.92927068471909	73.000000000000	0.0000000000000
3.3680000305176	0.27535447478294	-0.92961049079895	73.000000000000	0.0000000000000
3.3719999790192	0.27413025498390	-0.92994910478592	73.000000000000	0.0000000000000
3.3759999275208	0.27290597558022	-0.93028706312180	73.000000000000	0.0000000000000
3.3800001144409	0.27168247103691	-0.93062424659729	73.000000000000	0.0000000000000
3.3840000629425	0.27045992016792	-0.93096053600311	73.000000000000	0.0000000000000
3.3880000114441	0.26923796534538	-0.93129605054855	73.000000000000	0.0000000000000
3.3919999599457	0.26801633834839	-0.93163102865219	73.000000000000	0.0000000000000
3.3959999084473	0.26679500937462	-0.93196511268616	73.000000000000	0.0000000000000
3.4000000953674	0.26557379961014	-0.93229854106903	73.000000000000	0.0000000000000
3.4040000438690	0.26435261964798	-0.93263119459152	73.000000000000	0.0000000000000
3.4079999923706	0.26313126087189	-0.93296313285828	73.000000000000	0.0000000000000
3.4119999408722	0.26190996170044	-0.93329435586929	73.000000000000	0.0000000000000
3.4159998893738	0.26068827509880	-0.93362486362457	73.000000000000	0.0000000000000
3.4200000762939	0.25946614146233	-0.93395447731018	73.000000000000	0.0000000000000
3.4240000247955	0.25824335217476	-0.93428343534470	73.000000000000	0.0000000000000
3.4279999732971	0.25701987743378	-0.93461149930954	73.000000000000	0.0000000000000
3.4319999217987	0.25579595565796	-0.93493860960007	73.000000000000	0.0000000000000
3.4360001087189	0.25457105040550	-0.93526488542557	73.000000000000	0.0000000000000
3.4400000572205	0.25334498286247	-0.93559026718140	73.000000000000	0.0000000000000
3.4440000057220	0.25211811065674	-0.93591445684433	73.000000000000	0.0000000000000
3.4479999542236	0.25089007616043	-0.93623763322830	73.000000000000	0.0000000000000
3.4519999027252	0.24966050684452	-0.93655961751938	73.000000000000	0.0000000000000
3.4560000896454	0.24842968583107	-0.93688052892685	73.000000000000	0.0000000000000
3.4600000381470	0.24719758331776	-0.93719989061356	73.000000000000	0.0000000000000
3.4639999866486	0.24596370756626	-0.93751806020737	73.000000000000	0.0000000000000
3.4679999351501	0.24472850561142	-0.93783473968506	73.000000000000	0.0000000000000
3.4719998836517	0.24349147081375	-0.93814980983734	73.000000000000	0.0000000000000
3.4760000705719	0.24225261807442	-0.93846321105957	73.000000000000	0.0000000000000
3.4800000190735	0.24101188778877	-0.93877500295639	73.000000000000	0.0000000000000
3.4839999675751	0.23976929485798	-0.93908488750458	73.000000000000	0.0000000000000
3.4879999160767	0.23852479457855	-0.93939286470413	73.000000000000	0.0000000000000
3.4920001029968	0.23727835714817	-0.93969875574112	73.000000000000	0.0000000000000
3.4960000514984	0.23602950572968	-0.94000256061554	73.000000000000	0.0000000000000
3.5000000000000	0.23477894067764	-0.94030416011810	73.000000000000	0.0000000000000
3.5039999485016	0.23352612555027	-0.94060325622559	73.000000000000	0.0000000000000
3.5079998970032	0.23227107524872	-0.94089990854263	73.000000000000	0.0000000000000
3.5120000839233	0.23101374506950	-0.94119387865067	73.000000000000	0.0000000000000
3.5160000324249	0.22975437343121	-0.94148534536362	73.000000000000	0.0000000000000
3.5199999809265	0.22849245369434	-0.94177383184433	73.000000000000	0.0000000000000
3.5239999294281	0.22722844779491	-0.94205933809280	73.000000000000	0.0000000000000
3.5280001163483	0.22596232593060	-0.94234192371368	73.000000000000	0.0000000000000
3.5320000648499	0.22469404339790	-0.94262111186981	73.000000000000	0.0000000000000
3.5360000133514	0.22342316806316	-0.94289702177048	73.000000000000	0.0000000000000
3.5399999618530	0.22215011715889	-0.94316953420639	73.000000000000	0.0000000000000
3.5439999103546	0.22087487578392	-0.94343847036362	73.000000000000	0.0000000000000
3.5480000972748	0.21959742903709	-0.94370371103287	73.000000000000	0.0000000000000
3.5520000457764	0.21831756830215	-0.94396519660950	73.000000000000	0.0000000000000
3.5559999942780	0.21703590452671	-0.94422268867493	73.000000000000	0.0000000000000
3.5599999427795	0.21575176715851	-0.94447612762451	73.000000000000	0.0000000000000
3.5639998912811	0.21446584165096	-0.94472551345825	73.000000000000	0.0000000000000
3.5680000782013	0.21317763626575	-0.94497036933899	73.000000000000	0.0000000000000
3.5720000267029	0.21188762784004	-0.94521099328995	73.000000000000	0.0000000000000
3.5759999752045	0.21059533953667	-0.94544702768326	73.000000000000	0.0000000000000
3.5799999237061	0.20930168032646	-0.94567853212357	73.000000000000	0.0000000000000
3.5840001106262	0.20800593495369	-0.94590520858765	73.000000000000	0.0000000000000
3.5880000591278	0.20670861005783	-0.94612705707550	73.000000000000	0.0000000000000
3.5920000076294	0.20540966093540	-0.94634401798248	73.000000000000	0.0000000000000
3.5959999561310	0.20410908758640	-0.94655591249466	73.000000000000	0.0000000000000
3.5999999046326	0.20280711352825	-0.94676256179810	73.000000000000	0.0000000000000
3.6040000915527	0.20150376856327	-0.94696408510208	73.000000000000	0.0000000000000
3.6080000400543	0.20019900798798	-0.94716030359268	73.000000000000	0.0000000000000
3.6119999885559	0.19889311492443	-0.94735109806061	73.000000000000	0.0000000000000
3.6159999370575	0.19758629798889	-0.94753623008728	73.000000000000	0.0000000000000
3.6199998855591	0.19627834856510	-0.94771605730057	73.000000000000	0.0000000000000
3.6240000724792	0.19496947526932	-0.94789004325867	73.000000000000	0.0000000000000
3.6280000209808	0.19365991652012	-0.94805848598480	73.000000000000	0.0000000000000
3.6319999694824	0.19234992563725	-0.94822102785110	73.000000000000	0.0000000000000
3.6359999179840	0.19103905558586	-0.94837778806686	73.000000000000	0.0000000000000
3.6400001049042	0.18972800672054	-0.94852870702744	73.000000000000	0.0000000000000
3.6440000534058	0.18841677904129	-0.94867366552353	73.000000000000	0.0000000000000
3.6480000019073	0.18710514903069	-0.94881260395050	73.000000000000	0.0000000000000
3.6519999504089	0.18579360842705	-0.94894552230835	73.000000000000	0.0000000000000
3.6559998989105	0.18448241055012	-0.94907236099243	73.000000000000	0.0000000000000
3.6600000858307	0.18317107856274	-0.94919312000275	73.000000000000	0.0000000000000
3.6640000343323	0.18186034262180	-0.94930785894394	73.000000000000	0.0000000000000
3.6679999828339	0.18054999411106	-0.94941633939743	73.000000000000	0.0000000000000
3.6719999313354	0.17924049496651	-0.94951874017715	73.000000000000	0.0000000000000
3.6760001182556	0.17793163657188	-0.94961500167847	73.000000000000	0.0000000000000
3.6800000667572	0.17662368714809	-0.94970506429672	73.000000000000	0.0000000000000
3.6840000152588	0.17531688511372	-0.94978898763657	73.000000000000	0.0000000000000
3.6879999637604	0.17401102185249	-0.94986683130264	73.000000000000	0.0000000000000
3.6919999122620	0.17270681262016	-0.94993841648102	73.000000000000	0.0000000000000
3.6960000991821	0.17140382528305	-0.95000398159027	73.000000000000	0.0000000000000
3.7000000476837	0.17010250687599	-0.95006340742111	73.000000000000	0.0000000000000
3.7039999961853	0.16880270838737	-0.95011681318283	73.000000000000	0.0000000000000
3.7079999446869	0.16750511527061	-0.95016413927078	73.000000000000	0.0000000000000
3.7119998931885	0.16620931029320	-0.95020550489426	73.000000000000	0.0000000000000
3.7160000801086	0.16491529345512	-0.95024102926254	73.000000000000	0.0000000000000
3.7200000286102	0.16362401843071	-0.95027053356171	73.000000000000	0.0000000000000
3.7239999771118	0.16233482956886	-0.95029419660568	73.000000000000	0.0000000000000
3.7279999256134	0.16104798018932	-0.95031213760376	73.000000000000	0.0000000000000
3.7320001125336	0.15976417064667	-0.95032429695129	73.000000000000	0.0000000000000
3.7360000610352	0.15848253667355	-0.95033091306686	73.000000000000	0.0000000000000
3.7400000095367	0.15720379352570	-0.95033192634583	73.000000000000	0.0000000000000
3.7439999580383	0.15592816472054	-0.95032727718353	73.000000000000	0.0000000000000
3.7479999065399	0.15465548634529	-0.95031744241714	73.000000000000	0.0000000000000
3.7520000934601	0.15338574349880	-0.95030212402344	73.000000000000	0.0000000000000
3.7560000419617	0.15211947262287	-0.95028167963028	73.000000000000	0.0000000000000
3.7599999904633	0.15085643529892	-0.95025593042374	73.000000000000	0.0000000000000
3.7639999389648	0.14959691464901	-0.95022517442703	73.000000000000	0.0000000000000
3.7679998874664	0.14834065735340	-0.95018941164017	73.000000000000	0.0000000000000
3.7720000743866	0.14708797633648	-0.95014888048172	73.000000000000	0.0000000000000
3.7760000228882	0.14583888649940	-0.95010358095169	73.000000000000	0.0000000000000
3.7799999713898	0.14459362626076	-0.95005357265472	73.000000000000	0.0000000000000
3.7839999198914	0.14335198700428	-0.94999909400940	73.000000000000	0.0000000000000
3.7880001068115	0.14211423695087	-0.94994002580643	73.000000000000	0.0000000000000
3.7920000553131	0.14088040590286	-0.94987684488297	73.000000000000	0.0000000000000
3.7960000038147	0.13965073227882	-0.94980925321579	73.000000000000	0.0000000000000
3.7999999523163	0.13842454552650	-0.94973760843277	73.000000000000	0.0000000000000
3.8039999008179	0.13720281422138	-0.94966202974319	73.000000000000	0.0000000000000
3.8080000877380	0.13598485291004	-0.94958257675171	73.000000000000	0.0000000000000
3.8120000362396	0.13477115333080	-0.94949936866760	73.000000000000	0.0000000000000
3.8159999847412	0.13356150686741	-0.94941264390945	73.000000000000	0.0000000000000
3.8199999332428	0.13235591351986	-0.94932222366333	73.000000000000	0.0000000000000
3.8239998817444	0.13115443289280	-0.94922852516174	73.000000000000	0.0000000000000
3.8280000686646	0.12995748221874	-0.94913148880005	73.000000000000	0.0000000000000
3.8320000171661	0.12876424193382	-0.94903141260147	73.000000000000	0.0000000000000
3.8359999656677	0.12757557630539	-0.94892817735672	73.000000000000	0.0000000000000
3.8399999141693	0.12639063596725	-0.94882208108902	73.000000000000	0.0000000000000
3.8440001010895	0.12521009147167	-0.94871318340302	73.000000000000	0.0000000000000
3.8480000495911	0.12403351813555	-0.94860154390335	73.000000000000	0.0000000000000
3.8519999980927	0.12286117672920	-0.94848740100861	73.000000000000	0.0000000000000
3.8559999465942	0.12169280648232	-0.94837057590485	73.000000000000	0.0000000000000
3.8599998950958	0.12052868306637	-0.94825166463852	73.000000000000	0.0000000000000
3.8640000820160	0.11936836689711	-0.94813024997711	73.000000000000	0.0000000000000
3.8680000305176	0.11821208149195	-0.94800686836243	73.000000000000	0.0000000000000
3.8719999790192	0.11705961078405	-0.94788128137589	73.000000000000	0.0000000000000
3.8759999275208	0.11591121554375	-0.94775378704071	73.000000000000	0.0000000000000
3.8800001144409	0.11476641893387	-0.94762432575226	73.000000000000	0.0000000000000
3.8840000629425	0.11362572014332	-0.94749313592911	73.000000000000	0.0000000000000
3.8880000114441	0.11248818039894	-0.94736027717590	73.000000000000	0.0000000000000
3.8919999599457	0.11135474592447	-0.94722574949265	73.000000000000	0.0000000000000
3.8959999084473	0.11022496223450	-0.94708973169327	73.000000000000	0.0000000000000
3.9000000953674	0.10909836739302	-0.94695222377777	73.000000000000	0.0000000000000
3.9040000438690	0.10797520726919	-0.94681328535080	73.000000000000	0.0000000000000
3.9079999923706	0.10685570538044	-0.94667303562164	73.000000000000	0.0000000000000
3.9119999408722	0.10573920607567	-0.94653153419495	73.000000000000	0.0000000000000
3.9159998893738	0.10462590306997	-0.94638872146606	73.000000000000	0.0000000000000
3.9200000762939	0.10351583361626	-0.94624477624893	73.000000000000	0.0000000000000
3.9240000247955	0.10240852087736	-0.94609969854355	73.000000000000	0.0000000000000
3.9279999732971	0.10130444169044	-0.94595354795456	73.000000000000	0.0000000000000
3.9319999217987	0.10020312666893	-0.94580638408661	73.000000000000	0.0000000000000
3.9360001087189	0.099104143679142	-0.94565820693970	73.000000000000	0.0000000000000
3.9400000572205	0.098008364439011	-0.94550889730453	73.000000000000	0.0000000000000
3.9440000057220	0.096914909780025	-0.94535875320435	73.000000000000	0.0000000000000
3.9479999542236	0.095823995769024	-0.94520753622055	73.000000000000	0.0000000000000
3.9519999027252	0.094735406339169	-0.94505548477173	73.000000000000	0.0000000000000
3.9560000896454	0.093649126589298	-0.94490242004395	73.000000000000	0.0000000000000
3.9600000381470	0.092565156519413	-0.94474846124649	73.000000000000	0.0000000000000
3.9639999866486	0.091483257710934	-0.94459342956543	73.000000000000	0.0000000000000
3.9679999351501	0.090403214097023	-0.94443750381470	73.000000000000	0.0000000000000
3.9719998836517	0.089325033128262	-0.94428056478500	73.000000000000	0.0000000000000
3.9760000705719	0.088248915970325	-0.94412261247635	73.000000000000	0.0000000000000
3.9800000190735	0.087174408137798	-0.94396358728409	73.000000000000	0.0000000000000
3.9839999675751	0.086101517081261	-0.94380342960358	73.000000000000	0.0000000000000
3.9879999160767	0.085030227899551	-0.94364231824875	73.000000000000	0.0000000000000
3.9920001029968	0.083960324525833	-0.94347995519638	73.000000000000	0.0000000000000
3.9960000514984	0.082892008125782	-0.94331634044647	73.000000000000	0.0000000000000
4.0000000000000	0.081825055181980	-0.94315147399902	73.000000000000	0.0000000000000
