#Parameters = {D=90; L=50}
#"Frequency / GHz"	"S1,1 (D=90) [Re]"	"S1,1 (D=90) [Im]"	"Ref.Imp. [Re]"	"Ref.Imp. [Im]"
#---------------------------------------------------------------------------------------
0.0000000000000	1.0000000000000	-0.0000000000000	73.000000000000	0.0000000000000
0.0040000001899898	0.99999809265137	-0.0018060152651742	73.000000000000	0.0000000000000
0.0080000003799796	0.99999260902405	-0.0036119995638728	73.000000000000	0.0000000000000
0.012000000104308	0.99998337030411	-0.0054179215803742	73.000000000000	0.0000000000000
0.016000000759959	0.99997043609619	-0.0072237499989569	73.000000000000	0.0000000000000
0.019999999552965	0.99995380640030	-0.0090294554829597	73.000000000000	0.0000000000000
0.024000000208616	0.99993354082108	-0.010835005901754	73.000000000000	0.0000000000000
0.028000000864267	0.99990957975388	-0.012640372850001	73.000000000000	0.0000000000000
0.032000001519918	0.99988204240799	-0.014445525594056	73.000000000000	0.0000000000000
0.035999998450279	0.99985074996948	-0.016250435262918	73.000000000000	0.0000000000000
0.039999999105930	0.99981594085693	-0.018055070191622	73.000000000000	0.0000000000000
0.043999999761581	0.99977725744247	-0.019859407097101	73.000000000000	0.0000000000000
0.048000000417233	0.99973505735397	-0.021663416177034	73.000000000000	0.0000000000000
0.052000001072884	0.99968940019608	-0.023467071354389	73.000000000000	0.0000000000000
0.056000001728535	0.99964004755020	-0.025270344689488	73.000000000000	0.0000000000000
0.059999998658895	0.99958711862564	-0.027073213830590	73.000000000000	0.0000000000000
0.064000003039837	0.99953061342239	-0.028875647112727	73.000000000000	0.0000000000000
0.068000003695488	0.99947059154510	-0.030677627772093	73.000000000000	0.0000000000000
0.071999996900558	0.99940711259842	-0.032479133456945	73.000000000000	0.0000000000000
0.075999997556210	0.99934005737305	-0.034280139952898	73.000000000000	0.0000000000000
0.079999998211861	0.99926948547363	-0.036080628633499	73.000000000000	0.0000000000000
0.083999998867512	0.99919563531876	-0.037880584597588	73.000000000000	0.0000000000000
0.087999999523163	0.99911808967590	-0.039679970592260	73.000000000000	0.0000000000000
0.092000000178814	0.99903732538223	-0.041478786617517	73.000000000000	0.0000000000000
0.096000000834465	0.99895316362381	-0.043277014046907	73.000000000000	0.0000000000000
0.10000000149012	0.99886554479599	-0.045074637979269	73.000000000000	0.0000000000000
0.10400000214577	0.99877470731735	-0.046871643513441	73.000000000000	0.0000000000000
0.10800000280142	0.99868047237396	-0.048668015748262	73.000000000000	0.0000000000000
0.11200000345707	0.99858283996582	-0.050463736057281	73.000000000000	0.0000000000000
0.11599999666214	0.99848198890686	-0.052258815616369	73.000000000000	0.0000000000000
0.11999999731779	0.99837809801102	-0.054053232073784	73.000000000000	0.0000000000000
0.12399999797344	0.99827075004578	-0.055846974253654	73.000000000000	0.0000000000000
0.12800000607967	0.99816030263901	-0.057640042155981	73.000000000000	0.0000000000000
0.13199999928474	0.99804669618607	-0.059432439506054	73.000000000000	0.0000000000000
0.13600000739098	0.99792981147766	-0.061224140226841	73.000000000000	0.0000000000000
0.14000000059605	0.99780994653702	-0.063015162944794	73.000000000000	0.0000000000000
0.14399999380112	0.99768692255020	-0.064805492758751	73.000000000000	0.0000000000000
0.14800000190735	0.99756085872650	-0.066595144569874	73.000000000000	0.0000000000000
0.15199999511242	0.99743169546127	-0.068384096026421	73.000000000000	0.0000000000000
0.15600000321865	0.99729955196381	-0.070172376930714	73.000000000000	0.0000000000000
0.15999999642372	0.99716436862946	-0.071959972381592	73.000000000000	0.0000000000000
0.16400000452995	0.99702614545822	-0.073746897280216	73.000000000000	0.0000000000000
0.16799999773502	0.99688500165939	-0.075533151626587	73.000000000000	0.0000000000000
0.17200000584126	0.99674087762833	-0.077318742871284	73.000000000000	0.0000000000000
0.17599999904633	0.99659395217896	-0.079103685915470	73.000000000000	0.0000000000000
0.18000000715256	0.99644404649734	-0.080887980759144	73.000000000000	0.0000000000000
0.18400000035763	0.99629127979279	-0.082671642303467	73.000000000000	0.0000000000000
0.18799999356270	0.99613553285599	-0.084454685449600	73.000000000000	0.0000000000000
0.19200000166893	0.99597716331482	-0.086237110197544	73.000000000000	0.0000000000000
0.19599999487400	0.99581581354141	-0.088018953800201	73.000000000000	0.0000000000000
0.20000000298023	0.99565166234970	-0.089800186455250	73.000000000000	0.0000000000000
0.20399999618530	0.99548470973969	-0.091580875217915	73.000000000000	0.0000000000000
0.20800000429153	0.99531495571136	-0.093360982835293	73.000000000000	0.0000000000000
0.21199999749660	0.99514240026474	-0.095140576362610	73.000000000000	0.0000000000000
0.21600000560284	0.99496716260910	-0.096919625997543	73.000000000000	0.0000000000000
0.21999999880791	0.99478906393051	-0.098698191344738	73.000000000000	0.0000000000000
0.22400000691414	0.99460804462433	-0.10047624260187	73.000000000000	0.0000000000000
0.22800000011921	0.99442452192307	-0.10225383192301	73.000000000000	0.0000000000000
0.23199999332428	0.99423819780350	-0.10403097420931	73.000000000000	0.0000000000000
0.23600000143051	0.99404913187027	-0.10580767691135	73.000000000000	0.0000000000000
0.23999999463558	0.99385732412338	-0.10758395493031	73.000000000000	0.0000000000000
0.24400000274181	0.99366289377213	-0.10935983061790	73.000000000000	0.0000000000000
0.24799999594688	0.99346548318863	-0.11113532632589	73.000000000000	0.0000000000000
0.25200000405312	0.99326556921005	-0.11291047185659	73.000000000000	0.0000000000000
0.25600001215935	0.99306273460388	-0.11468525230885	73.000000000000	0.0000000000000
0.25999999046326	0.99285727739334	-0.11645969748497	73.000000000000	0.0000000000000
0.26399999856949	0.99264901876450	-0.11823385208845	73.000000000000	0.0000000000000
0.26800000667572	0.99243789911270	-0.12000769376755	73.000000000000	0.0000000000000
0.27200001478195	0.99222421646118	-0.12178128212690	73.000000000000	0.0000000000000
0.27599999308586	0.99200767278671	-0.12355459481478	73.000000000000	0.0000000000000
0.28000000119209	0.99178838729858	-0.12532766163349	73.000000000000	0.0000000000000
0.28400000929832	0.99156624078751	-0.12710049748421	73.000000000000	0.0000000000000
0.28799998760223	0.99134129285812	-0.12887313961983	73.000000000000	0.0000000000000
0.29199999570847	0.99111360311508	-0.13064555823803	73.000000000000	0.0000000000000
0.29600000381470	0.99088305234909	-0.13241779804230	73.000000000000	0.0000000000000
0.30000001192093	0.99064958095551	-0.13418985903263	73.000000000000	0.0000000000000
0.30399999022484	0.99041324853897	-0.13596175611019	73.000000000000	0.0000000000000
0.30799999833107	0.99017417430878	-0.13773350417614	73.000000000000	0.0000000000000
0.31200000643730	0.98993206024170	-0.13950511813164	73.000000000000	0.0000000000000
0.31600001454353	0.98968702554703	-0.14127658307552	73.000000000000	0.0000000000000
0.31999999284744	0.98943912982941	-0.14304792881012	73.000000000000	0.0000000000000
0.32400000095367	0.98918825387955	-0.14481915533543	73.000000000000	0.0000000000000
0.32800000905991	0.98893427848816	-0.14659027755260	73.000000000000	0.0000000000000
0.33199998736382	0.98867750167847	-0.14836126565933	73.000000000000	0.0000000000000
0.33599999547005	0.98841762542725	-0.15013219416142	73.000000000000	0.0000000000000
0.34000000357628	0.98815459012985	-0.15190297365189	73.000000000000	0.0000000000000
0.34400001168251	0.98788863420486	-0.15367366373539	73.000000000000	0.0000000000000
0.34799998998642	0.98761934041977	-0.15544423460960	73.000000000000	0.0000000000000
0.35199999809265	0.98734730482101	-0.15721474587917	73.000000000000	0.0000000000000
0.35600000619888	0.98707181215286	-0.15898509323597	73.000000000000	0.0000000000000
0.36000001430511	0.98679322004318	-0.16075536608696	73.000000000000	0.0000000000000
0.36399999260902	0.98651152849197	-0.16252547502518	73.000000000000	0.0000000000000
0.36800000071526	0.98622655868530	-0.16429550945759	73.000000000000	0.0000000000000
0.37200000882149	0.98593831062317	-0.16606536507607	73.000000000000	0.0000000000000
0.37599998712540	0.98564684391022	-0.16783508658409	73.000000000000	0.0000000000000
0.37999999523163	0.98535197973251	-0.16960465908051	73.000000000000	0.0000000000000
0.38400000333786	0.98505395650864	-0.17137408256531	73.000000000000	0.0000000000000
0.38800001144409	0.98475253582001	-0.17314328253269	73.000000000000	0.0000000000000
0.39199998974800	0.98444783687592	-0.17491231858730	73.000000000000	0.0000000000000
0.39599999785423	0.98413962125778	-0.17668113112450	73.000000000000	0.0000000000000
0.40000000596046	0.98382794857025	-0.17844970524311	73.000000000000	0.0000000000000
0.40400001406670	0.98351293802261	-0.18021802604198	73.000000000000	0.0000000000000
0.40799999237061	0.98319453001022	-0.18198609352112	73.000000000000	0.0000000000000
0.41200000047684	0.98287260532379	-0.18375386297703	73.000000000000	0.0000000000000
0.41600000858307	0.98254716396332	-0.18552131950855	73.000000000000	0.0000000000000
0.41999998688698	0.98221826553345	-0.18728843331337	73.000000000000	0.0000000000000
0.42399999499321	0.98188585042953	-0.18905520439148	73.000000000000	0.0000000000000
0.42800000309944	0.98154979944229	-0.19082157313824	73.000000000000	0.0000000000000
0.43200001120567	0.98121023178101	-0.19258755445480	73.000000000000	0.0000000000000
0.43599998950958	0.98086708784103	-0.19435305893421	73.000000000000	0.0000000000000
0.43999999761581	0.98052030801773	-0.19611810147762	73.000000000000	0.0000000000000
0.44400000572205	0.98017013072968	-0.19788268208504	73.000000000000	0.0000000000000
0.44800001382828	0.97981607913971	-0.19964671134949	73.000000000000	0.0000000000000
0.45199999213219	0.97945845127106	-0.20141017436981	73.000000000000	0.0000000000000
0.45600000023842	0.97909736633301	-0.20317308604717	73.000000000000	0.0000000000000
0.46000000834465	0.97873252630234	-0.20493535697460	73.000000000000	0.0000000000000
0.46399998664856	0.97836405038834	-0.20669697225094	73.000000000000	0.0000000000000
0.46799999475479	0.97799193859100	-0.20845793187618	73.000000000000	0.0000000000000
0.47200000286102	0.97761619091034	-0.21021817624569	73.000000000000	0.0000000000000
0.47600001096725	0.97723668813705	-0.21197764575481	73.000000000000	0.0000000000000
0.47999998927116	0.97685348987579	-0.21373635530472	73.000000000000	0.0000000000000
0.48399999737740	0.97646689414978	-0.21549424529076	73.000000000000	0.0000000000000
0.48800000548363	0.97607630491257	-0.21725128591061	73.000000000000	0.0000000000000
0.49200001358986	0.97568231821060	-0.21900749206543	73.000000000000	0.0000000000000
0.49599999189377	0.97528463602066	-0.22076275944710	73.000000000000	0.0000000000000
0.50000000000000	0.97488331794739	-0.22251710295677	73.000000000000	0.0000000000000
0.50400000810623	0.97447824478149	-0.22427044808865	73.000000000000	0.0000000000000
0.50800001621246	0.97406959533691	-0.22602279484272	73.000000000000	0.0000000000000
0.51200002431870	0.97365736961365	-0.22777409851551	73.000000000000	0.0000000000000
0.51599997282028	0.97324156761169	-0.22952434420586	73.000000000000	0.0000000000000
0.51999998092651	0.97282207012177	-0.23127347230911	73.000000000000	0.0000000000000
0.52399998903275	0.97239917516708	-0.23302149772644	73.000000000000	0.0000000000000
0.52799999713898	0.97197246551514	-0.23476833105087	73.000000000000	0.0000000000000
0.53200000524521	0.97154229879379	-0.23651400208473	73.000000000000	0.0000000000000
0.53600001335144	0.97110867500305	-0.23825846612453	73.000000000000	0.0000000000000
0.54000002145767	0.97067153453827	-0.24000167846680	73.000000000000	0.0000000000000
0.54400002956390	0.97023075819016	-0.24174360930920	73.000000000000	0.0000000000000
0.54799997806549	0.96978670358658	-0.24348425865173	73.000000000000	0.0000000000000
0.55199998617172	0.96933901309967	-0.24522356688976	73.000000000000	0.0000000000000
0.55599999427795	0.96888804435730	-0.24696157872677	73.000000000000	0.0000000000000
0.56000000238419	0.96843367815018	-0.24869818985462	73.000000000000	0.0000000000000
0.56400001049042	0.96797585487366	-0.25043344497681	73.000000000000	0.0000000000000
0.56800001859665	0.96751469373703	-0.25216728448868	73.000000000000	0.0000000000000
0.57200002670288	0.96705013513565	-0.25389969348907	73.000000000000	0.0000000000000
0.57599997520447	0.96658247709274	-0.25563073158264	73.000000000000	0.0000000000000
0.57999998331070	0.96611148118973	-0.25736024975777	73.000000000000	0.0000000000000
0.58399999141693	0.96563702821732	-0.25908833742142	73.000000000000	0.0000000000000
0.58799999952316	0.96515953540802	-0.26081493496895	73.000000000000	0.0000000000000
0.59200000762939	0.96467882394791	-0.26254004240036	73.000000000000	0.0000000000000
0.59600001573563	0.96419495344162	-0.26426365971565	73.000000000000	0.0000000000000
0.60000002384186	0.96370792388916	-0.26598575711250	73.000000000000	0.0000000000000
0.60399997234344	0.96321779489517	-0.26770633459091	73.000000000000	0.0000000000000
0.60799998044968	0.96272456645966	-0.26942542195320	73.000000000000	0.0000000000000
0.61199998855591	0.96222829818726	-0.27114292979240	73.000000000000	0.0000000000000
0.61599999666214	0.96172904968262	-0.27285894751549	73.000000000000	0.0000000000000
0.62000000476837	0.96122676134109	-0.27457344532013	73.000000000000	0.0000000000000
0.62400001287460	0.96072161197662	-0.27628642320633	73.000000000000	0.0000000000000
0.62800002098083	0.96021342277527	-0.27799785137177	73.000000000000	0.0000000000000
0.63200002908707	0.95970243215561	-0.27970775961876	73.000000000000	0.0000000000000
0.63599997758865	0.95918852090836	-0.28141617774963	73.000000000000	0.0000000000000
0.63999998569489	0.95867168903351	-0.28312304615974	73.000000000000	0.0000000000000
0.64399999380112	0.95815205574036	-0.28482845425606	73.000000000000	0.0000000000000
0.64800000190735	0.95762968063354	-0.28653228282928	73.000000000000	0.0000000000000
0.65200001001358	0.95710450410843	-0.28823471069336	73.000000000000	0.0000000000000
0.65600001811981	0.95657646656036	-0.28993564844131	73.000000000000	0.0000000000000
0.66000002622604	0.95604580640793	-0.29163515567780	73.000000000000	0.0000000000000
0.66399997472763	0.95551252365112	-0.29333314299583	73.000000000000	0.0000000000000
0.66799998283386	0.95497643947601	-0.29502975940704	73.000000000000	0.0000000000000
0.67199999094009	0.95443767309189	-0.29672491550446	73.000000000000	0.0000000000000
0.67599999904633	0.95389622449875	-0.29841870069504	73.000000000000	0.0000000000000
0.68000000715256	0.95335227251053	-0.30011111497879	73.000000000000	0.0000000000000
0.68400001525879	0.95280557870865	-0.30180215835571	73.000000000000	0.0000000000000
0.68800002336502	0.95225650072098	-0.30349186062813	73.000000000000	0.0000000000000
0.69199997186661	0.95170462131500	-0.30518025159836	73.000000000000	0.0000000000000
0.69599997997284	0.95115023851395	-0.30686730146408	73.000000000000	0.0000000000000
0.69999998807907	0.95059329271317	-0.30855309963226	73.000000000000	0.0000000000000
0.70399999618530	0.95003378391266	-0.31023764610291	73.000000000000	0.0000000000000
0.70800000429153	0.94947171211243	-0.31192097067833	73.000000000000	0.0000000000000
0.71200001239777	0.94890707731247	-0.31360304355621	73.000000000000	0.0000000000000
0.71600002050400	0.94833993911743	-0.31528392434120	73.000000000000	0.0000000000000
0.72000002861023	0.94777017831802	-0.31696364283562	73.000000000000	0.0000000000000
0.72399997711182	0.94719803333282	-0.31864225864410	73.000000000000	0.0000000000000
0.72799998521805	0.94662326574326	-0.32031977176666	73.000000000000	0.0000000000000
0.73199999332428	0.94604593515396	-0.32199612259865	73.000000000000	0.0000000000000
0.73600000143051	0.94546610116959	-0.32367146015167	73.000000000000	0.0000000000000
0.74000000953674	0.94488370418549	-0.32534572482109	73.000000000000	0.0000000000000
0.74400001764297	0.94429880380630	-0.32701897621155	73.000000000000	0.0000000000000
0.74800002574921	0.94371134042740	-0.32869121432304	73.000000000000	0.0000000000000
0.75199997425079	0.94312119483948	-0.33036252856255	73.000000000000	0.0000000000000
0.75599998235703	0.94252860546112	-0.33203282952309	73.000000000000	0.0000000000000
0.75999999046326	0.94193339347839	-0.33370223641396	73.000000000000	0.0000000000000
0.76399999856949	0.94133555889130	-0.33537071943283	73.000000000000	0.0000000000000
0.76800000667572	0.94073510169983	-0.33703824877739	73.000000000000	0.0000000000000
0.77200001478195	0.94013202190399	-0.33870500326157	73.000000000000	0.0000000000000
0.77600002288818	0.93952631950378	-0.34037089347839	73.000000000000	0.0000000000000
0.77999997138977	0.93891781568527	-0.34203585982323	73.000000000000	0.0000000000000
0.78399997949600	0.93830668926239	-0.34370008111000	73.000000000000	0.0000000000000
0.78799998760223	0.93769288063049	-0.34536349773407	73.000000000000	0.0000000000000
0.79199999570847	0.93707633018494	-0.34702610969543	73.000000000000	0.0000000000000
0.79600000381470	0.93645691871643	-0.34868791699409	73.000000000000	0.0000000000000
0.80000001192093	0.93583476543427	-0.35034900903702	73.000000000000	0.0000000000000
0.80400002002716	0.93520981073380	-0.35200932621956	73.000000000000	0.0000000000000
0.80800002813339	0.93458193540573	-0.35366892814636	73.000000000000	0.0000000000000
0.81199997663498	0.93395125865936	-0.35532772541046	73.000000000000	0.0000000000000
0.81599998474121	0.93331766128540	-0.35698586702347	73.000000000000	0.0000000000000
0.81999999284744	0.93268108367920	-0.35864320397377	73.000000000000	0.0000000000000
0.82400000095367	0.93204158544540	-0.36029988527298	73.000000000000	0.0000000000000
0.82800000905991	0.93139904737473	-0.36195582151413	73.000000000000	0.0000000000000
0.83200001716614	0.93075358867645	-0.36361104249954	73.000000000000	0.0000000000000
0.83600002527237	0.93010491132736	-0.36526548862457	73.000000000000	0.0000000000000
0.83999997377396	0.92945331335068	-0.36691927909851	73.000000000000	0.0000000000000
0.84399998188019	0.92879843711853	-0.36857232451439	73.000000000000	0.0000000000000
0.84799998998642	0.92814046144485	-0.37022462487221	73.000000000000	0.0000000000000
0.85199999809265	0.92747932672501	-0.37187615036964	73.000000000000	0.0000000000000
0.85600000619888	0.92681485414505	-0.37352693080902	73.000000000000	0.0000000000000
0.86000001430511	0.92614728212357	-0.37517699599266	73.000000000000	0.0000000000000
0.86400002241135	0.92547631263733	-0.37682622671127	73.000000000000	0.0000000000000
0.86799997091293	0.92480206489563	-0.37847465276718	73.000000000000	0.0000000000000
0.87199997901917	0.92412447929382	-0.38012227416039	73.000000000000	0.0000000000000
0.87599998712540	0.92344349622726	-0.38176906108856	73.000000000000	0.0000000000000
0.87999999523163	0.92275911569595	-0.38341501355171	73.000000000000	0.0000000000000
0.88400000333786	0.92207127809525	-0.38506010174751	73.000000000000	0.0000000000000
0.88800001144409	0.92137986421585	-0.38670423626900	73.000000000000	0.0000000000000
0.89200001955032	0.92068499326706	-0.38834747672081	73.000000000000	0.0000000000000
0.89600002765656	0.91998672485352	-0.38998985290527	73.000000000000	0.0000000000000
0.89999997615814	0.91928482055664	-0.39163115620613	73.000000000000	0.0000000000000
0.90399998426437	0.91857933998108	-0.39327147603035	73.000000000000	0.0000000000000
0.90799999237061	0.91787022352219	-0.39491075277328	73.000000000000	0.0000000000000
0.91200000047684	0.91715747117996	-0.39654901623726	73.000000000000	0.0000000000000
0.91600000858307	0.91644114255905	-0.39818614721298	73.000000000000	0.0000000000000
0.92000001668930	0.91572105884552	-0.39982211589813	73.000000000000	0.0000000000000
0.92400002479553	0.91499727964401	-0.40145695209503	73.000000000000	0.0000000000000
0.92799997329712	0.91426980495453	-0.40309056639671	73.000000000000	0.0000000000000
0.93199998140335	0.91353863477707	-0.40472292900085	73.000000000000	0.0000000000000
0.93599998950958	0.91280364990234	-0.40635401010513	73.000000000000	0.0000000000000
0.93999999761581	0.91206502914429	-0.40798380970955	73.000000000000	0.0000000000000
0.94400000572205	0.91132259368896	-0.40961223840714	73.000000000000	0.0000000000000
0.94800001382828	0.91057628393173	-0.41123923659325	73.000000000000	0.0000000000000
0.95200002193451	0.90982621908188	-0.41286480426788	73.000000000000	0.0000000000000
0.95599997043610	0.90907245874405	-0.41448894143105	73.000000000000	0.0000000000000
0.95999997854233	0.90831482410431	-0.41611152887344	73.000000000000	0.0000000000000
0.96399998664856	0.90755349397659	-0.41773250699043	73.000000000000	0.0000000000000
0.96799999475479	0.90678822994232	-0.41935190558434	73.000000000000	0.0000000000000
0.97200000286102	0.90601927042007	-0.42096963524818	73.000000000000	0.0000000000000
0.97600001096725	0.90524625778198	-0.42258605360985	73.000000000000	0.0000000000000
0.98000001907349	0.90446972846985	-0.42420020699501	73.000000000000	0.0000000000000
0.98400002717972	0.90368926525116	-0.42581292986870	73.000000000000	0.0000000000000
0.98799997568130	0.90290492773056	-0.42742383480072	73.000000000000	0.0000000000000
0.99199998378754	0.90211701393127	-0.42903244495392	73.000000000000	0.0000000000000
0.99599999189377	0.90132540464401	-0.43063914775848	73.000000000000	0.0000000000000
1.0000000000000	0.90052980184555	-0.43224439024925	73.000000000000	0.0000000000000
1.0039999485016	0.89973068237305	-0.43384730815887	73.000000000000	0.0000000000000
1.0080000162125	0.89892750978470	-0.43544870615005	73.000000000000	0.0000000000000
1.0119999647141	0.89812076091766	-0.43704769015312	73.000000000000	0.0000000000000
1.0160000324249	0.89731025695801	-0.43864482641220	73.000000000000	0.0000000000000
1.0199999809265	0.89649623632431	-0.44023954868317	73.000000000000	0.0000000000000
1.0240000486374	0.89567875862122	-0.44183188676834	73.000000000000	0.0000000000000
1.0279999971390	0.89485716819763	-0.44342270493507	73.000000000000	0.0000000000000
1.0319999456406	0.89403218030930	-0.44501107931137	73.000000000000	0.0000000000000
1.0360000133514	0.89320367574692	-0.44659706950188	73.000000000000	0.0000000000000
1.0399999618530	0.89237135648727	-0.44818106293678	73.000000000000	0.0000000000000
1.0440000295639	0.89153587818146	-0.44976222515106	73.000000000000	0.0000000000000
1.0479999780655	0.89069664478302	-0.45134133100510	73.000000000000	0.0000000000000
1.0520000457764	0.88985407352448	-0.45291808247566	73.000000000000	0.0000000000000
1.0559999942780	0.88900798559189	-0.45449236035347	73.000000000000	0.0000000000000
1.0599999427795	0.88815855979919	-0.45606425404549	73.000000000000	0.0000000000000
1.0640000104904	0.88730579614639	-0.45763373374939	73.000000000000	0.0000000000000
1.0679999589920	0.88644939661026	-0.45920115709305	73.000000000000	0.0000000000000
1.0720000267029	0.88558983802795	-0.46076571941376	73.000000000000	0.0000000000000
1.0759999752045	0.88472723960876	-0.46232745051384	73.000000000000	0.0000000000000
1.0800000429153	0.88386094570160	-0.46388760209084	73.000000000000	0.0000000000000
1.0839999914169	0.88299179077148	-0.46544447541237	73.000000000000	0.0000000000000
1.0880000591278	0.88211941719055	-0.46699893474579	73.000000000000	0.0000000000000
1.0920000076294	0.88124388456345	-0.46855098009109	73.000000000000	0.0000000000000
1.0959999561310	0.88036507368088	-0.47010061144829	73.000000000000	0.0000000000000
1.1000000238419	0.87948316335678	-0.47164785861969	73.000000000000	0.0000000000000
1.1039999723434	0.87859815359116	-0.47319263219833	73.000000000000	0.0000000000000
1.1080000400543	0.87771004438400	-0.47473502159119	73.000000000000	0.0000000000000
1.1119999885559	0.87681931257248	-0.47627419233322	73.000000000000	0.0000000000000
1.1160000562668	0.87592548131943	-0.47781091928482	73.000000000000	0.0000000000000
1.1200000047684	0.87502849102020	-0.47934573888779	73.000000000000	0.0000000000000
1.1239999532700	0.87412875890732	-0.48087775707245	73.000000000000	0.0000000000000
1.1280000209808	0.87322604656219	-0.48240709304810	73.000000000000	0.0000000000000
1.1319999694824	0.87232059240341	-0.48393407464027	73.000000000000	0.0000000000000
1.1360000371933	0.87141233682632	-0.48545861244202	73.000000000000	0.0000000000000
1.1399999856949	0.87050122022629	-0.48698064684868	73.000000000000	0.0000000000000
1.1440000534058	0.86958736181259	-0.48850023746490	73.000000000000	0.0000000000000
1.1480000019073	0.86867058277130	-0.49001741409302	73.000000000000	0.0000000000000
1.1519999504089	0.86775118112564	-0.49153211712837	73.000000000000	0.0000000000000
1.1560000181198	0.86682897806168	-0.49304449558258	73.000000000000	0.0000000000000
1.1599999666214	0.86590415239334	-0.49455448985100	73.000000000000	0.0000000000000
1.1640000343323	0.86497658491135	-0.49606207013130	73.000000000000	0.0000000000000
1.1679999828339	0.86404627561569	-0.49756738543510	73.000000000000	0.0000000000000
1.1720000505447	0.86311334371567	-0.49907034635544	73.000000000000	0.0000000000000
1.1759999990463	0.86217772960663	-0.50057095289230	73.000000000000	0.0000000000000
1.1799999475479	0.86123949289322	-0.50206947326660	73.000000000000	0.0000000000000
1.1840000152588	0.86029857397079	-0.50356566905975	73.000000000000	0.0000000000000
1.1879999637604	0.85935491323471	-0.50505954027176	73.000000000000	0.0000000000000
1.1920000314713	0.85840862989426	-0.50655132532120	73.000000000000	0.0000000000000
1.1959999799728	0.85745966434479	-0.50804090499878	73.000000000000	0.0000000000000
1.2000000476837	0.85650807619095	-0.50952839851379	73.000000000000	0.0000000000000
1.2039999961853	0.85555386543274	-0.51101374626160	73.000000000000	0.0000000000000
1.2079999446869	0.85459697246552	-0.51249694824219	73.000000000000	0.0000000000000
1.2120000123978	0.85363715887070	-0.51397812366486	73.000000000000	0.0000000000000
1.2159999608994	0.85267478227615	-0.51545721292496	73.000000000000	0.0000000000000
1.2200000286102	0.85170978307724	-0.51693427562714	73.000000000000	0.0000000000000
1.2239999771118	0.85074192285538	-0.51840937137604	73.000000000000	0.0000000000000
1.2280000448227	0.84977132081985	-0.51988250017166	73.000000000000	0.0000000000000
1.2319999933243	0.84879785776138	-0.52135366201401	73.000000000000	0.0000000000000
1.2359999418259	0.84782171249390	-0.52282279729843	73.000000000000	0.0000000000000
1.2400000095367	0.84684252738953	-0.52429008483887	73.000000000000	0.0000000000000
1.2439999580383	0.84586054086685	-0.52575546503067	73.000000000000	0.0000000000000
1.2480000257492	0.84487575292587	-0.52721893787384	73.000000000000	0.0000000000000
1.2519999742508	0.84388792514801	-0.52868056297302	73.000000000000	0.0000000000000
1.2560000419617	0.84289705753326	-0.53014028072357	73.000000000000	0.0000000000000
1.2599999904633	0.84190326929092	-0.53159821033478	73.000000000000	0.0000000000000
1.2640000581741	0.84090644121170	-0.53305417299271	73.000000000000	0.0000000000000
1.2680000066757	0.83990639448166	-0.53450834751129	73.000000000000	0.0000000000000
1.2719999551773	0.83890336751938	-0.53596061468124	73.000000000000	0.0000000000000
1.2760000228882	0.83789712190628	-0.53741109371185	73.000000000000	0.0000000000000
1.2799999713898	0.83688765764236	-0.53885978460312	73.000000000000	0.0000000000000
1.2840000391006	0.83587485551834	-0.54030656814575	73.000000000000	0.0000000000000
1.2879999876022	0.83485883474350	-0.54175150394440	73.000000000000	0.0000000000000
1.2920000553131	0.83383917808533	-0.54319453239441	73.000000000000	0.0000000000000
1.2960000038147	0.83281642198563	-0.54463577270508	73.000000000000	0.0000000000000
1.2999999523163	0.83179008960724	-0.54607510566711	73.000000000000	0.0000000000000
1.3040000200272	0.83076012134552	-0.54751247167587	73.000000000000	0.0000000000000
1.3079999685287	0.82972663640976	-0.54894798994064	73.000000000000	0.0000000000000
1.3120000362396	0.82868957519531	-0.55038142204285	73.000000000000	0.0000000000000
1.3159999847412	0.82764887809753	-0.55181288719177	73.000000000000	0.0000000000000
1.3200000524521	0.82660430669785	-0.55324244499207	73.000000000000	0.0000000000000
1.3240000009537	0.82555598020554	-0.55466997623444	73.000000000000	0.0000000000000
1.3279999494553	0.82450389862061	-0.55609530210495	73.000000000000	0.0000000000000
1.3320000171661	0.82344794273376	-0.55751860141754	73.000000000000	0.0000000000000
1.3359999656677	0.82238793373108	-0.55893963575363	73.000000000000	0.0000000000000
1.3400000333786	0.82132405042648	-0.56035852432251	73.000000000000	0.0000000000000
1.3439999818802	0.82025605440140	-0.56177514791489	73.000000000000	0.0000000000000
1.3480000495911	0.81918400526047	-0.56318950653076	73.000000000000	0.0000000000000
1.3519999980927	0.81810790300369	-0.56460142135620	73.000000000000	0.0000000000000
1.3559999465942	0.81702750921249	-0.56601095199585	73.000000000000	0.0000000000000
1.3600000143051	0.81594288349152	-0.56741797924042	73.000000000000	0.0000000000000
1.3639999628067	0.81485414505005	-0.56882244348526	73.000000000000	0.0000000000000
1.3680000305176	0.81376087665558	-0.57022428512573	73.000000000000	0.0000000000000
1.3719999790192	0.81266355514526	-0.57162338495255	73.000000000000	0.0000000000000
1.3760000467300	0.81156158447266	-0.57301986217499	73.000000000000	0.0000000000000
1.3799999952316	0.81045538187027	-0.57441335916519	73.000000000000	0.0000000000000
1.3839999437332	0.80934458971024	-0.57580405473709	73.000000000000	0.0000000000000
1.3880000114441	0.80822938680649	-0.57719165086746	73.000000000000	0.0000000000000
1.3919999599457	0.80710971355438	-0.57857614755630	73.000000000000	0.0000000000000
1.3960000276566	0.80598556995392	-0.57995748519897	73.000000000000	0.0000000000000
1.3999999761581	0.80485683679581	-0.58133566379547	73.000000000000	0.0000000000000
1.4040000438690	0.80372357368469	-0.58271038532257	73.000000000000	0.0000000000000
1.4079999923706	0.80258572101593	-0.58408176898956	73.000000000000	0.0000000000000
1.4119999408722	0.80144321918488	-0.58544945716858	73.000000000000	0.0000000000000
1.4160000085831	0.80029624700546	-0.58681362867355	73.000000000000	0.0000000000000
1.4199999570847	0.79914462566376	-0.58817410469055	73.000000000000	0.0000000000000
1.4240000247955	0.79798847436905	-0.58953058719635	73.000000000000	0.0000000000000
1.4279999732971	0.79682779312134	-0.59088325500488	73.000000000000	0.0000000000000
1.4320000410080	0.79566240310669	-0.59223186969757	73.000000000000	0.0000000000000
1.4359999895096	0.79449260234833	-0.59357637166977	73.000000000000	0.0000000000000
1.4400000572205	0.79331815242767	-0.59491658210754	73.000000000000	0.0000000000000
1.4440000057220	0.79213917255402	-0.59625250101089	73.000000000000	0.0000000000000
1.4479999542236	0.79095572233200	-0.59758394956589	73.000000000000	0.0000000000000
1.4520000219345	0.78976780176163	-0.59891080856323	73.000000000000	0.0000000000000
1.4559999704361	0.78857558965683	-0.60023307800293	73.000000000000	0.0000000000000
1.4600000381470	0.78737866878510	-0.60155069828033	73.000000000000	0.0000000000000
1.4639999866486	0.78617769479752	-0.60286331176758	73.000000000000	0.0000000000000
1.4680000543594	0.78497231006622	-0.60417097806931	73.000000000000	0.0000000000000
1.4720000028610	0.78376269340515	-0.60547363758087	73.000000000000	0.0000000000000
1.4759999513626	0.78254890441895	-0.60677111148834	73.000000000000	0.0000000000000
1.4800000190735	0.78133094310760	-0.60806334018707	73.000000000000	0.0000000000000
1.4839999675751	0.78010880947113	-0.60935020446777	73.000000000000	0.0000000000000
1.4880000352859	0.77888280153275	-0.61063164472580	73.000000000000	0.0000000000000
1.4919999837875	0.77765291929245	-0.61190754175186	73.000000000000	0.0000000000000
1.4960000514984	0.77641904354095	-0.61317777633667	73.000000000000	0.0000000000000
1.5000000000000	0.77518135309219	-0.61444234848022	73.000000000000	0.0000000000000
1.5039999485016	0.77394020557404	-0.61570107936859	73.000000000000	0.0000000000000
1.5080000162125	0.77269518375397	-0.61695390939713	73.000000000000	0.0000000000000
1.5119999647141	0.77144688367844	-0.61820071935654	73.000000000000	0.0000000000000
1.5160000324249	0.77019494771957	-0.61944162845612	73.000000000000	0.0000000000000
1.5199999809265	0.76893985271454	-0.62067627906799	73.000000000000	0.0000000000000
1.5240000486374	0.76768141984940	-0.62190467119217	73.000000000000	0.0000000000000
1.5279999971390	0.76642000675201	-0.62312704324722	73.000000000000	0.0000000000000
1.5319999456406	0.76515549421310	-0.62434285879135	73.000000000000	0.0000000000000
1.5360000133514	0.76388806104660	-0.62555241584778	73.000000000000	0.0000000000000
1.5399999618530	0.76261794567108	-0.62675547599792	73.000000000000	0.0000000000000
1.5440000295639	0.76134508848190	-0.62795209884644	73.000000000000	0.0000000000000
1.5479999780655	0.76006972789764	-0.62914216518402	73.000000000000	0.0000000000000
1.5520000457764	0.75879180431366	-0.63032561540604	73.000000000000	0.0000000000000
1.5559999942780	0.75751173496246	-0.63150250911713	73.000000000000	0.0000000000000
1.5599999427795	0.75622928142548	-0.63267278671265	73.000000000000	0.0000000000000
1.5640000104904	0.75494492053986	-0.63383626937866	73.000000000000	0.0000000000000
1.5679999589920	0.75365859270096	-0.63499313592911	73.000000000000	0.0000000000000
1.5720000267029	0.75237059593201	-0.63614332675934	73.000000000000	0.0000000000000
1.5759999752045	0.75108075141907	-0.63728660345078	73.000000000000	0.0000000000000
1.5800000429153	0.74978935718536	-0.63842332363129	73.000000000000	0.0000000000000
1.5839999914169	0.74849653244019	-0.63955324888229	73.000000000000	0.0000000000000
1.5880000591278	0.74720245599747	-0.64067631959915	73.000000000000	0.0000000000000
1.5920000076294	0.74590724706650	-0.64179283380508	73.000000000000	0.0000000000000
1.5959999561310	0.74461084604263	-0.64290255308151	73.000000000000	0.0000000000000
1.6000000238419	0.74331372976303	-0.64400565624237	73.000000000000	0.0000000000000
1.6039999723434	0.74201577901840	-0.64510202407837	73.000000000000	0.0000000000000
1.6080000400543	0.74071711301804	-0.64619171619415	73.000000000000	0.0000000000000
1.6119999885559	0.73941785097122	-0.64727485179901	73.000000000000	0.0000000000000
1.6160000562668	0.73811835050583	-0.64835137128830	73.000000000000	0.0000000000000
1.6200000047684	0.73681837320328	-0.64942133426666	73.000000000000	0.0000000000000
1.6239999532700	0.73551827669144	-0.65048485994339	73.000000000000	0.0000000000000
1.6280000209808	0.73421818017960	-0.65154188871384	73.000000000000	0.0000000000000
1.6319999694824	0.73291808366776	-0.65259265899658	73.000000000000	0.0000000000000
1.6360000371933	0.73161816596985	-0.65363699197769	73.000000000000	0.0000000000000
1.6399999856949	0.73031848669052	-0.65467524528503	73.000000000000	0.0000000000000
1.6440000534058	0.72901916503906	-0.65570729970932	73.000000000000	0.0000000000000
1.6480000019073	0.72772026062012	-0.65673327445984	73.000000000000	0.0000000000000
1.6519999504089	0.72642201185226	-0.65775310993195	73.000000000000	0.0000000000000
1.6560000181198	0.72512441873550	-0.65876710414886	73.000000000000	0.0000000000000
1.6599999666214	0.72382754087448	-0.65977531671524	73.000000000000	0.0000000000000
1.6640000343323	0.72253143787384	-0.66077774763107	73.000000000000	0.0000000000000
1.6679999828339	0.72123605012894	-0.66177445650101	73.000000000000	0.0000000000000
1.6720000505447	0.71994203329086	-0.66276568174362	73.000000000000	0.0000000000000
1.6759999990463	0.71864879131317	-0.66375148296356	73.000000000000	0.0000000000000
1.6799999475479	0.71735662221909	-0.66473186016083	73.000000000000	0.0000000000000
1.6840000152588	0.71606588363647	-0.66570711135864	73.000000000000	0.0000000000000
1.6879999637604	0.71477603912354	-0.66667705774307	73.000000000000	0.0000000000000
1.6920000314713	0.71348750591278	-0.66764211654663	73.000000000000	0.0000000000000
1.6959999799728	0.71220040321350	-0.66860222816467	73.000000000000	0.0000000000000
1.7000000476837	0.71091455221176	-0.66955751180649	73.000000000000	0.0000000000000
1.7039999961853	0.70962995290756	-0.67050808668137	73.000000000000	0.0000000000000
1.7079999446869	0.70834684371948	-0.67145425081253	73.000000000000	0.0000000000000
1.7120000123978	0.70706516504288	-0.67239582538605	73.000000000000	0.0000000000000
1.7159999608994	0.70578479766846	-0.67333310842514	73.000000000000	0.0000000000000
1.7200000286102	0.70450586080551	-0.67426615953445	73.000000000000	0.0000000000000
1.7239999771118	0.70322817564011	-0.67519497871399	73.000000000000	0.0000000000000
1.7280000448227	0.70195221900940	-0.67611998319626	73.000000000000	0.0000000000000
1.7319999933243	0.70067733526230	-0.67704105377197	73.000000000000	0.0000000000000
1.7359999418259	0.69940388202667	-0.67795830965042	73.000000000000	0.0000000000000
1.7400000095367	0.69813168048859	-0.67887187004089	73.000000000000	0.0000000000000
1.7439999580383	0.69686090946198	-0.67978191375732	73.000000000000	0.0000000000000
1.7480000257492	0.69559121131897	-0.68068850040436	73.000000000000	0.0000000000000
1.7519999742508	0.69432288408279	-0.68159174919128	73.000000000000	0.0000000000000
1.7560000419617	0.69305551052094	-0.68249171972275	73.000000000000	0.0000000000000
1.7599999904633	0.69178944826126	-0.68338853120804	73.000000000000	0.0000000000000
1.7640000581741	0.69052433967590	-0.68428236246109	73.000000000000	0.0000000000000
1.7680000066757	0.68926018476486	-0.68517315387726	73.000000000000	0.0000000000000
1.7719999551773	0.68799686431885	-0.68606096506119	73.000000000000	0.0000000000000
1.7760000228882	0.68673449754715	-0.68694603443146	73.000000000000	0.0000000000000
1.7799999713898	0.68547260761261	-0.68782842159271	73.000000000000	0.0000000000000
1.7840000391006	0.68421155214310	-0.68870806694031	73.000000000000	0.0000000000000
1.7879999876022	0.68295091390610	-0.68958503007889	73.000000000000	0.0000000000000
1.7920000553131	0.68169063329697	-0.69045960903168	73.000000000000	0.0000000000000
1.7960000038147	0.68043076992035	-0.69133156538010	73.000000000000	0.0000000000000
1.7999999523163	0.67917132377625	-0.69220113754272	73.000000000000	0.0000000000000
1.8040000200272	0.67791175842285	-0.69306820631027	73.000000000000	0.0000000000000
1.8079999685287	0.67665225267410	-0.69393295049667	73.000000000000	0.0000000000000
1.8120000362396	0.67539268732071	-0.69479537010193	73.000000000000	0.0000000000000
1.8159999847412	0.67413282394409	-0.69565540552139	73.000000000000	0.0000000000000
1.8200000524521	0.67287248373032	-0.69651311635971	73.000000000000	0.0000000000000
1.8240000009537	0.67161196470261	-0.69736850261688	73.000000000000	0.0000000000000
1.8279999494553	0.67035067081451	-0.69822156429291	73.000000000000	0.0000000000000
1.8320000171661	0.66908860206604	-0.69907230138779	73.000000000000	0.0000000000000
1.8359999656677	0.66782569885254	-0.69992065429688	73.000000000000	0.0000000000000
1.8400000333786	0.66656184196472	-0.70076662302017	73.000000000000	0.0000000000000
1.8439999818802	0.66529703140259	-0.70161008834839	73.000000000000	0.0000000000000
1.8480000495911	0.66403084993362	-0.70245116949081	73.000000000000	0.0000000000000
1.8519999980927	0.66276341676712	-0.70328974723816	73.000000000000	0.0000000000000
1.8559999465942	0.66149431467056	-0.70412582159042	73.000000000000	0.0000000000000
1.8600000143051	0.66022372245789	-0.70495909452438	73.000000000000	0.0000000000000
1.8639999628067	0.65895128250122	-0.70578968524933	73.000000000000	0.0000000000000
1.8680000305176	0.65767717361450	-0.70661747455597	73.000000000000	0.0000000000000
1.8719999790192	0.65640091896057	-0.70744246244431	73.000000000000	0.0000000000000
1.8760000467300	0.65512281656265	-0.70826429128647	73.000000000000	0.0000000000000
1.8799999952316	0.65384244918823	-0.70908308029175	73.000000000000	0.0000000000000
1.8839999437332	0.65255963802338	-0.70989859104156	73.000000000000	0.0000000000000
1.8880000114441	0.65127456188202	-0.71071076393127	73.000000000000	0.0000000000000
1.8919999599457	0.64998680353165	-0.71151947975159	73.000000000000	0.0000000000000
1.8960000276566	0.64869660139084	-0.71232461929321	73.000000000000	0.0000000000000
1.8999999761581	0.64740377664566	-0.71312582492828	73.000000000000	0.0000000000000
1.9040000438690	0.64610838890076	-0.71392315626144	73.000000000000	0.0000000000000
1.9079999923706	0.64480978250504	-0.71471643447876	73.000000000000	0.0000000000000
1.9119999408722	0.64350843429565	-0.71550548076630	73.000000000000	0.0000000000000
1.9160000085831	0.64220416545868	-0.71628999710083	73.000000000000	0.0000000000000
1.9199999570847	0.64089685678482	-0.71706992387772	73.000000000000	0.0000000000000
1.9240000247955	0.63958656787872	-0.71784496307373	73.000000000000	0.0000000000000
1.9279999732971	0.63827317953110	-0.71861511468887	73.000000000000	0.0000000000000
1.9320000410080	0.63695669174194	-0.71937996149063	73.000000000000	0.0000000000000
1.9359999895096	0.63563698530197	-0.72013950347900	73.000000000000	0.0000000000000
1.9400000572205	0.63431441783905	-0.72089332342148	73.000000000000	0.0000000000000
1.9440000057220	0.63298839330673	-0.72164136171341	73.000000000000	0.0000000000000
1.9479999542236	0.63165932893753	-0.72238332033157	73.000000000000	0.0000000000000
1.9520000219345	0.63032722473145	-0.72311908006668	73.000000000000	0.0000000000000
1.9559999704361	0.62899196147919	-0.72384828329086	73.000000000000	0.0000000000000
1.9600000381470	0.62765377759933	-0.72457075119019	73.000000000000	0.0000000000000
1.9639999866486	0.62631249427795	-0.72528630495071	73.000000000000	0.0000000000000
1.9680000543594	0.62496846914291	-0.72599458694458	73.000000000000	0.0000000000000
1.9720000028610	0.62362158298492	-0.72669553756714	73.000000000000	0.0000000000000
1.9759999513626	0.62227171659470	-0.72738885879517	73.000000000000	0.0000000000000
1.9800000190735	0.62091964483261	-0.72807431221008	73.000000000000	0.0000000000000
1.9839999675751	0.61956471204758	-0.72875165939331	73.000000000000	0.0000000000000
1.9880000352859	0.61820739507675	-0.72942060232162	73.000000000000	0.0000000000000
1.9919999837875	0.61684769392014	-0.73008102178574	73.000000000000	0.0000000000000
1.9960000514984	0.61548590660095	-0.73073267936707	73.000000000000	0.0000000000000
2.0000000000000	0.61412233114243	-0.73137521743774	73.000000000000	0.0000000000000
2.0039999485016	0.61275678873062	-0.73200851678848	73.000000000000	0.0000000000000
2.0079998970032	0.61138969659805	-0.73263239860535	73.000000000000	0.0000000000000
2.0120000839233	0.61002093553543	-0.73324662446976	73.000000000000	0.0000000000000
2.0160000324249	0.60865110158920	-0.73385095596313	73.000000000000	0.0000000000000
2.0199999809265	0.60728031396866	-0.73444509506226	73.000000000000	0.0000000000000
2.0239999294281	0.60590863227844	-0.73502898216248	73.000000000000	0.0000000000000
2.0280001163483	0.60453641414642	-0.73560243844986	73.000000000000	0.0000000000000
2.0320000648499	0.60316383838654	-0.73616510629654	73.000000000000	0.0000000000000
2.0360000133514	0.60179138183594	-0.73671692609787	73.000000000000	0.0000000000000
2.0399999618530	0.60041916370392	-0.73725783824921	73.000000000000	0.0000000000000
2.0439999103546	0.59904724359512	-0.73778748512268	73.000000000000	0.0000000000000
2.0480000972748	0.59767627716064	-0.73830562829971	73.000000000000	0.0000000000000
2.0520000457764	0.59630650281906	-0.73881244659424	73.000000000000	0.0000000000000
2.0559999942780	0.59493803977966	-0.73930758237839	73.000000000000	0.0000000000000
2.0599999427795	0.59357130527496	-0.73979097604752	73.000000000000	0.0000000000000
2.0639998912811	0.59220683574677	-0.74026250839233	73.000000000000	0.0000000000000
2.0680000782013	0.59084469079971	-0.74072194099426	73.000000000000	0.0000000000000
2.0720000267029	0.58948522806168	-0.74116939306259	73.000000000000	0.0000000000000
2.0759999752045	0.58812904357910	-0.74160474538803	73.000000000000	0.0000000000000
2.0799999237061	0.58677631616592	-0.74202787876129	73.000000000000	0.0000000000000
2.0840001106262	0.58542746305466	-0.74243861436844	73.000000000000	0.0000000000000
2.0880000591278	0.58408278226852	-0.74283719062805	73.000000000000	0.0000000000000
2.0920000076294	0.58274281024933	-0.74322330951691	73.000000000000	0.0000000000000
2.0959999561310	0.58140784502029	-0.74359714984894	73.000000000000	0.0000000000000
2.0999999046326	0.58007830381393	-0.74395871162415	73.000000000000	0.0000000000000
2.1040000915527	0.57875454425812	-0.74430781602859	73.000000000000	0.0000000000000
2.1080000400543	0.57743716239929	-0.74464470148087	73.000000000000	0.0000000000000
2.1119999885559	0.57612633705139	-0.74496936798096	73.000000000000	0.0000000000000
2.1159999370575	0.57482242584229	-0.74528175592422	73.000000000000	0.0000000000000
2.1199998855591	0.57352614402771	-0.74558216333389	73.000000000000	0.0000000000000
2.1240000724792	0.57223761081696	-0.74587053060532	73.000000000000	0.0000000000000
2.1280000209808	0.57095736265182	-0.74614697694778	73.000000000000	0.0000000000000
2.1319999694824	0.56968587636948	-0.74641174077988	73.000000000000	0.0000000000000
2.1359999179840	0.56842339038849	-0.74666482210159	73.000000000000	0.0000000000000
2.1400001049042	0.56717056035995	-0.74690639972687	73.000000000000	0.0000000000000
2.1440000534058	0.56592756509781	-0.74713677167892	73.000000000000	0.0000000000000
2.1480000019073	0.56469506025314	-0.74735605716705	73.000000000000	0.0000000000000
2.1519999504089	0.56347316503525	-0.74756449460983	73.000000000000	0.0000000000000
2.1559998989105	0.56226247549057	-0.74776232242584	73.000000000000	0.0000000000000
2.1600000858307	0.56106305122375	-0.74794971942902	73.000000000000	0.0000000000000
2.1640000343323	0.55987584590912	-0.74812692403793	73.000000000000	0.0000000000000
2.1679999828339	0.55870079994202	-0.74829435348511	73.000000000000	0.0000000000000
2.1719999313354	0.55753850936890	-0.74845218658447	73.000000000000	0.0000000000000
2.1760001182556	0.55638921260834	-0.74860084056854	73.000000000000	0.0000000000000
2.1800000667572	0.55525326728821	-0.74874049425125	73.000000000000	0.0000000000000
2.1840000152588	0.55413132905960	-0.74887162446976	73.000000000000	0.0000000000000
2.1879999637604	0.55302327871323	-0.74899452924728	73.000000000000	0.0000000000000
2.1919999122620	0.55192965269089	-0.74910962581635	73.000000000000	0.0000000000000
2.1960000991821	0.55085092782974	-0.74921727180481	73.000000000000	0.0000000000000
2.2000000476837	0.54978710412979	-0.74931782484055	73.000000000000	0.0000000000000
2.2039999961853	0.54873871803284	-0.74941182136536	73.000000000000	0.0000000000000
2.2079999446869	0.54770594835281	-0.74949955940247	73.000000000000	0.0000000000000
2.2119998931885	0.54668927192688	-0.74958157539368	73.000000000000	0.0000000000000
2.2160000801086	0.54568845033646	-0.74965816736221	73.000000000000	0.0000000000000
2.2200000286102	0.54470419883728	-0.74973005056381	73.000000000000	0.0000000000000
2.2239999771118	0.54373675584793	-0.74979758262634	73.000000000000	0.0000000000000
2.2279999256134	0.54278594255447	-0.74986124038696	73.000000000000	0.0000000000000
2.2320001125336	0.54185229539871	-0.74992150068283	73.000000000000	0.0000000000000
2.2360000610352	0.54093581438065	-0.74997901916504	73.000000000000	0.0000000000000
2.2400000095367	0.54003667831421	-0.75003415346146	73.000000000000	0.0000000000000
2.2439999580383	0.53915512561798	-0.75008749961853	73.000000000000	0.0000000000000
2.2479999065399	0.53829139471054	-0.75013959407806	73.000000000000	0.0000000000000
2.2520000934601	0.53744518756866	-0.75019103288651	73.000000000000	0.0000000000000
2.2560000419617	0.53661674261093	-0.75024229288101	73.000000000000	0.0000000000000
2.2599999904633	0.53580647706985	-0.75029402971268	73.000000000000	0.0000000000000
2.2639999389648	0.53501409292221	-0.75034660100937	73.000000000000	0.0000000000000
2.2679998874664	0.53423959016800	-0.75040090084076	73.000000000000	0.0000000000000
2.2720000743866	0.53348314762115	-0.75045728683472	73.000000000000	0.0000000000000
2.2760000228882	0.53274470567703	-0.75051629543304	73.000000000000	0.0000000000000
2.2799999713898	0.53202438354492	-0.75057870149612	73.000000000000	0.0000000000000
2.2839999198914	0.53132176399231	-0.75064492225647	73.000000000000	0.0000000000000
2.2880001068115	0.53063684701920	-0.75071555376053	73.000000000000	0.0000000000000
2.2920000553131	0.52996993064880	-0.75079125165939	73.000000000000	0.0000000000000
2.2960000038147	0.52932059764862	-0.75087255239487	73.000000000000	0.0000000000000
2.2999999523163	0.52868860960007	-0.75096011161804	73.000000000000	0.0000000000000
2.3039999008179	0.52807402610779	-0.75105434656143	73.000000000000	0.0000000000000
2.3080000877380	0.52747666835785	-0.75115597248077	73.000000000000	0.0000000000000
2.3120000362396	0.52689599990845	-0.75126558542252	73.000000000000	0.0000000000000
2.3159999847412	0.52633225917816	-0.75138348340988	73.000000000000	0.0000000000000
2.3199999332428	0.52578502893448	-0.75151062011719	73.000000000000	0.0000000000000
2.3239998817444	0.52525383234024	-0.75164723396301	73.000000000000	0.0000000000000
2.3280000686646	0.52473878860474	-0.75179398059845	73.000000000000	0.0000000000000
2.3320000171661	0.52423918247223	-0.75195145606995	73.000000000000	0.0000000000000
2.3359999656677	0.52375501394272	-0.75212013721466	73.000000000000	0.0000000000000
2.3399999141693	0.52328562736511	-0.75230050086975	73.000000000000	0.0000000000000
2.3440001010895	0.52283090353012	-0.75249308347702	73.000000000000	0.0000000000000
2.3480000495911	0.52239042520523	-0.75269836187363	73.000000000000	0.0000000000000
2.3519999980927	0.52196389436722	-0.75291693210602	73.000000000000	0.0000000000000
2.3559999465942	0.52155053615570	-0.75314915180206	73.000000000000	0.0000000000000
2.3599998950958	0.52115017175674	-0.75339549779892	73.000000000000	0.0000000000000
2.3640000820160	0.52076232433319	-0.75365632772446	73.000000000000	0.0000000000000
2.3680000305176	0.52038669586182	-0.75393223762512	73.000000000000	0.0000000000000
2.3719999790192	0.52002245187759	-0.75422346591949	73.000000000000	0.0000000000000
2.3759999275208	0.51966929435730	-0.75453066825867	73.000000000000	0.0000000000000
2.3800001144409	0.51932668685913	-0.75485390424728	73.000000000000	0.0000000000000
2.3840000629425	0.51899409294128	-0.75519371032715	73.000000000000	0.0000000000000
2.3880000114441	0.51867103576660	-0.75555038452148	73.000000000000	0.0000000000000
2.3919999599457	0.51835668087006	-0.75592428445816	73.000000000000	0.0000000000000
2.3959999084473	0.51805067062378	-0.75631576776505	73.000000000000	0.0000000000000
2.4000000953674	0.51775252819061	-0.75672501325607	73.000000000000	0.0000000000000
2.4040000438690	0.51746147871017	-0.75715219974518	73.000000000000	0.0000000000000
2.4079999923706	0.51717704534531	-0.75759780406952	73.000000000000	0.0000000000000
2.4119999408722	0.51689857244492	-0.75806188583374	73.000000000000	0.0000000000000
2.4159998893738	0.51662528514862	-0.75854474306107	73.000000000000	0.0000000000000
2.4200000762939	0.51635682582855	-0.75904649496078	73.000000000000	0.0000000000000
2.4240000247955	0.51609253883362	-0.75956726074219	73.000000000000	0.0000000000000
2.4279999732971	0.51583153009415	-0.76010715961456	73.000000000000	0.0000000000000
2.4319999217987	0.51557326316833	-0.76066642999649	73.000000000000	0.0000000000000
2.4360001087189	0.51531708240509	-0.76124513149261	73.000000000000	0.0000000000000
2.4400000572205	0.51506268978119	-0.76184320449829	73.000000000000	0.0000000000000
2.4440000057220	0.51480883359909	-0.76246082782745	73.000000000000	0.0000000000000
2.4479999542236	0.51455533504486	-0.76309794187546	73.000000000000	0.0000000000000
2.4519999027252	0.51430124044418	-0.76375466585159	73.000000000000	0.0000000000000
2.4560000896454	0.51404613256454	-0.76443076133728	73.000000000000	0.0000000000000
2.4600000381470	0.51378911733627	-0.76512634754181	73.000000000000	0.0000000000000
2.4639999866486	0.51352983713150	-0.76584118604660	73.000000000000	0.0000000000000
2.4679999351501	0.51326733827591	-0.76657533645630	73.000000000000	0.0000000000000
2.4719998836517	0.51300114393234	-0.76732873916626	73.000000000000	0.0000000000000
2.4760000705719	0.51273047924042	-0.76810097694397	73.000000000000	0.0000000000000
2.4800000190735	0.51245504617691	-0.76889222860336	73.000000000000	0.0000000000000
2.4839999675751	0.51217377185822	-0.76970195770264	73.000000000000	0.0000000000000
2.4879999160767	0.51188623905182	-0.77053016424179	73.000000000000	0.0000000000000
2.4920001029968	0.51159214973450	-0.77137655019760	73.000000000000	0.0000000000000
2.4960000514984	0.51129025220871	-0.77224087715149	73.000000000000	0.0000000000000
2.5000000000000	0.51098036766052	-0.77312284708023	73.000000000000	0.0000000000000
2.5039999485016	0.51066190004349	-0.77402228116989	73.000000000000	0.0000000000000
2.5079998970032	0.51033431291580	-0.77493870258331	73.000000000000	0.0000000000000
2.5120000839233	0.50999677181244	-0.77587187290192	73.000000000000	0.0000000000000
2.5160000324249	0.50964915752411	-0.77682137489319	73.000000000000	0.0000000000000
2.5199999809265	0.50929051637650	-0.77778679132462	73.000000000000	0.0000000000000
2.5239999294281	0.50892066955566	-0.77876788377762	73.000000000000	0.0000000000000
2.5280001163483	0.50853878259659	-0.77976417541504	73.000000000000	0.0000000000000
2.5320000648499	0.50814467668533	-0.78077524900436	73.000000000000	0.0000000000000
2.5360000133514	0.50773769617081	-0.78180050849915	73.000000000000	0.0000000000000
2.5399999618530	0.50731760263443	-0.78283959627151	73.000000000000	0.0000000000000
2.5439999103546	0.50688391923904	-0.78389221429825	73.000000000000	0.0000000000000
2.5480000972748	0.50643587112427	-0.78495770692825	73.000000000000	0.0000000000000
2.5520000457764	0.50597345829010	-0.78603547811508	73.000000000000	0.0000000000000
2.5559999942780	0.50549620389938	-0.78712517023087	73.000000000000	0.0000000000000
2.5599999427795	0.50500369071960	-0.78822612762451	73.000000000000	0.0000000000000
2.5639998912811	0.50449550151825	-0.78933811187744	73.000000000000	0.0000000000000
2.5680000782013	0.50397175550461	-0.79046016931534	73.000000000000	0.0000000000000
2.5720000267029	0.50343173742294	-0.79159194231033	73.000000000000	0.0000000000000
2.5759999752045	0.50287508964539	-0.79273289442062	73.000000000000	0.0000000000000
2.5799999237061	0.50230193138123	-0.79388231039047	73.000000000000	0.0000000000000
2.5840001106262	0.50171178579330	-0.79503977298737	73.000000000000	0.0000000000000
2.5880000591278	0.50110441446304	-0.79620474576950	73.000000000000	0.0000000000000
2.5920000076294	0.50048011541367	-0.79737633466721	73.000000000000	0.0000000000000
2.5959999561310	0.49983808398247	-0.79855406284332	73.000000000000	0.0000000000000
2.5999999046326	0.49917846918106	-0.79973757266998	73.000000000000	0.0000000000000
2.6040000915527	0.49850124120712	-0.80092602968216	73.000000000000	0.0000000000000
2.6080000400543	0.49780607223511	-0.80211895704269	73.000000000000	0.0000000000000
2.6119999885559	0.49709314107895	-0.80331557989120	73.000000000000	0.0000000000000
2.6159999370575	0.49636223912239	-0.80451536178589	73.000000000000	0.0000000000000
2.6199998855591	0.49561339616776	-0.80571782588959	73.000000000000	0.0000000000000
2.6240000724792	0.49484670162201	-0.80692225694656	73.000000000000	0.0000000000000
2.6280000209808	0.49406185746193	-0.80812805891037	73.000000000000	0.0000000000000
2.6319999694824	0.49325913190842	-0.80933463573456	73.000000000000	0.0000000000000
2.6359999179840	0.49243864417076	-0.81054151058197	73.000000000000	0.0000000000000
2.6400001049042	0.49160045385361	-0.81174796819687	73.000000000000	0.0000000000000
2.6440000534058	0.49074470996857	-0.81295341253281	73.000000000000	0.0000000000000
2.6480000019073	0.48987120389938	-0.81415742635727	73.000000000000	0.0000000000000
2.6519999504089	0.48898056149483	-0.81535929441452	73.000000000000	0.0000000000000
2.6559998989105	0.48807254433632	-0.81655853986740	73.000000000000	0.0000000000000
2.6600000858307	0.48714751005173	-0.81775456666946	73.000000000000	0.0000000000000
2.6640000343323	0.48620581626892	-0.81894707679749	73.000000000000	0.0000000000000
2.6679999828339	0.48524746298790	-0.82013523578644	73.000000000000	0.0000000000000
2.6719999313354	0.48427280783653	-0.82131868600845	73.000000000000	0.0000000000000
2.6760001182556	0.48328191041946	-0.82249689102173	73.000000000000	0.0000000000000
2.6800000667572	0.48227533698082	-0.82366949319839	73.000000000000	0.0000000000000
2.6840000152588	0.48125323653221	-0.82483565807343	73.000000000000	0.0000000000000
2.6879999637604	0.48021590709686	-0.82599544525146	73.000000000000	0.0000000000000
2.6919999122620	0.47916376590729	-0.82714802026749	73.000000000000	0.0000000000000
2.6960000991821	0.47809690237045	-0.82829314470291	73.000000000000	0.0000000000000
2.7000000476837	0.47701612114906	-0.82943028211594	73.000000000000	0.0000000000000
2.7039999961853	0.47592142224312	-0.83055913448334	73.000000000000	0.0000000000000
2.7079999446869	0.47481310367584	-0.83167940378189	73.000000000000	0.0000000000000
2.7119998931885	0.47369197010994	-0.83279055356979	73.000000000000	0.0000000000000
2.7160000801086	0.47255784273148	-0.83389240503311	73.000000000000	0.0000000000000
2.7200000286102	0.47141191363335	-0.83498448133469	73.000000000000	0.0000000000000
2.7239999771118	0.47025376558304	-0.83606654405594	73.000000000000	0.0000000000000
2.7279999256134	0.46908429265022	-0.83713841438293	73.000000000000	0.0000000000000
2.7320001125336	0.46790391206741	-0.83819967508316	73.000000000000	0.0000000000000
2.7360000610352	0.46671304106712	-0.83925014734268	73.000000000000	0.0000000000000
2.7400000095367	0.46551215648651	-0.84028959274292	73.000000000000	0.0000000000000
2.7439999580383	0.46430134773254	-0.84131783246994	73.000000000000	0.0000000000000
2.7479999065399	0.46308147907257	-0.84233462810516	73.000000000000	0.0000000000000
2.7520000934601	0.46185305714607	-0.84333986043930	73.000000000000	0.0000000000000
2.7560000419617	0.46061614155769	-0.84433329105377	73.000000000000	0.0000000000000
2.7599999904633	0.45937150716782	-0.84531491994858	73.000000000000	0.0000000000000
2.7639999389648	0.45811942219734	-0.84628450870514	73.000000000000	0.0000000000000
2.7679998874664	0.45686060190201	-0.84724211692810	73.000000000000	0.0000000000000
2.7720000743866	0.45559543371201	-0.84818762540817	73.000000000000	0.0000000000000
2.7760000228882	0.45432439446449	-0.84912073612213	73.000000000000	0.0000000000000
2.7799999713898	0.45304763317108	-0.85004186630249	73.000000000000	0.0000000000000
2.7839999198914	0.45176568627357	-0.85095053911209	73.000000000000	0.0000000000000
2.7880001068115	0.45047953724861	-0.85184699296951	73.000000000000	0.0000000000000
2.7920000553131	0.44918900728226	-0.85273140668869	73.000000000000	0.0000000000000
2.7960000038147	0.44789496064186	-0.85360348224640	73.000000000000	0.0000000000000
2.7999999523163	0.44659736752510	-0.85446351766586	73.000000000000	0.0000000000000
2.8039999008179	0.44529712200165	-0.85531157255173	73.000000000000	0.0000000000000
2.8080000877380	0.44399443268776	-0.85614752769470	73.000000000000	0.0000000000000
2.8120000362396	0.44268959760666	-0.85697180032730	73.000000000000	0.0000000000000
2.8159999847412	0.44138339161873	-0.85778433084488	73.000000000000	0.0000000000000
2.8199999332428	0.44007572531700	-0.85858511924744	73.000000000000	0.0000000000000
2.8239998817444	0.43876746296883	-0.85937458276749	73.000000000000	0.0000000000000
2.8280000686646	0.43745857477188	-0.86015284061432	73.000000000000	0.0000000000000
2.8320000171661	0.43614959716797	-0.86091995239258	73.000000000000	0.0000000000000
2.8359999656677	0.43484076857567	-0.86167615652084	73.000000000000	0.0000000000000
2.8399999141693	0.43353268504143	-0.86242187023163	73.000000000000	0.0000000000000
2.8440001010895	0.43222534656525	-0.86315697431564	73.000000000000	0.0000000000000
2.8480000495911	0.43091949820518	-0.86388188600540	73.000000000000	0.0000000000000
2.8519999980927	0.42961490154266	-0.86459672451019	73.000000000000	0.0000000000000
2.8559999465942	0.42831224203110	-0.86530190706253	73.000000000000	0.0000000000000
2.8599998950958	0.42701160907745	-0.86599755287170	73.000000000000	0.0000000000000
2.8640000820160	0.42571303248405	-0.86668407917023	73.000000000000	0.0000000000000
2.8680000305176	0.42441731691360	-0.86736166477203	73.000000000000	0.0000000000000
2.8719999790192	0.42312437295914	-0.86803048849106	73.000000000000	0.0000000000000
2.8759999275208	0.42183426022530	-0.86869102716446	73.000000000000	0.0000000000000
2.8800001144409	0.42054730653763	-0.86934351921082	73.000000000000	0.0000000000000
2.8840000629425	0.41926363110542	-0.86998826265335	73.000000000000	0.0000000000000
2.8880000114441	0.41798368096352	-0.87062543630600	73.000000000000	0.0000000000000
2.8919999599457	0.41670739650726	-0.87125545740128	73.000000000000	0.0000000000000
2.8959999084473	0.41543468832970	-0.87187868356705	73.000000000000	0.0000000000000
2.9000000953674	0.41416594386101	-0.87249529361725	73.000000000000	0.0000000000000
2.9040000438690	0.41290110349655	-0.87310570478439	73.000000000000	0.0000000000000
2.9079999923706	0.41164055466652	-0.87371015548706	73.000000000000	0.0000000000000
2.9119999408722	0.41038417816162	-0.87430906295776	73.000000000000	0.0000000000000
2.9159998893738	0.40913173556328	-0.87490260601044	73.000000000000	0.0000000000000
2.9200000762939	0.40788349509239	-0.87549126148224	73.000000000000	0.0000000000000
2.9240000247955	0.40663969516754	-0.87607526779175	73.000000000000	0.0000000000000
2.9279999732971	0.40540015697479	-0.87665468454361	73.000000000000	0.0000000000000
2.9319999217987	0.40416502952576	-0.87723010778427	73.000000000000	0.0000000000000
2.9360001087189	0.40293377637863	-0.87780177593231	73.000000000000	0.0000000000000
2.9400000572205	0.40170696377754	-0.87836998701096	73.000000000000	0.0000000000000
2.9440000057220	0.40048399567604	-0.87893491983414	73.000000000000	0.0000000000000
2.9479999542236	0.39926525950432	-0.87949693202972	73.000000000000	0.0000000000000
2.9519999027252	0.39805033802986	-0.88005632162094	73.000000000000	0.0000000000000
2.9560000896454	0.39683976769447	-0.88061326742172	73.000000000000	0.0000000000000
2.9600000381470	0.39563259482384	-0.88116806745529	73.000000000000	0.0000000000000
2.9639999866486	0.39442953467369	-0.88172096014023	73.000000000000	0.0000000000000
2.9679999351501	0.39322954416275	-0.88227230310440	73.000000000000	0.0000000000000
2.9719998836517	0.39203336834908	-0.88282203674316	73.000000000000	0.0000000000000
2.9760000705719	0.39084017276764	-0.88337075710297	73.000000000000	0.0000000000000
2.9800000190735	0.38965082168579	-0.88391804695129	73.000000000000	0.0000000000000
2.9839999675751	0.38846331834793	-0.88446515798569	73.000000000000	0.0000000000000
2.9879999160767	0.38727977871895	-0.88501095771790	73.000000000000	0.0000000000000
2.9920001029968	0.38609811663628	-0.88555687665939	73.000000000000	0.0000000000000
2.9960000514984	0.38491919636726	-0.88610213994980	73.000000000000	0.0000000000000
3.0000000000000	0.38374221324921	-0.88664752244949	73.000000000000	0.0000000000000
3.0039999485016	0.38256758451462	-0.88719278573990	73.000000000000	0.0000000000000
3.0079998970032	0.38139486312866	-0.88773810863495	73.000000000000	0.0000000000000
3.0120000839233	0.38022369146347	-0.88828372955322	73.000000000000	0.0000000000000
3.0160000324249	0.37905403971672	-0.88882976770401	73.000000000000	0.0000000000000
3.0199999809265	0.37788552045822	-0.88937628269196	73.000000000000	0.0000000000000
3.0239999294281	0.37671759724617	-0.88992339372635	73.000000000000	0.0000000000000
3.0280001163483	0.37555074691772	-0.89047098159790	73.000000000000	0.0000000000000
3.0320000648499	0.37438452243805	-0.89101922512054	73.000000000000	0.0000000000000
3.0360000133514	0.37321841716766	-0.89156812429428	73.000000000000	0.0000000000000
3.0399999618530	0.37205287814140	-0.89211767911911	73.000000000000	0.0000000000000
3.0439999103546	0.37088704109192	-0.89266794919968	73.000000000000	0.0000000000000
3.0480000972748	0.36972084641457	-0.89321905374527	73.000000000000	0.0000000000000
3.0520000457764	0.36855465173721	-0.89377057552338	73.000000000000	0.0000000000000
3.0559999942780	0.36738669872284	-0.89432322978973	73.000000000000	0.0000000000000
3.0599999427795	0.36621823906898	-0.89487630128860	73.000000000000	0.0000000000000
3.0639998912811	0.36504882574081	-0.89542984962463	73.000000000000	0.0000000000000
3.0680000782013	0.36387789249420	-0.89598405361176	73.000000000000	0.0000000000000
3.0720000267029	0.36270549893379	-0.89653873443604	73.000000000000	0.0000000000000
3.0759999752045	0.36153113842010	-0.89709395170212	73.000000000000	0.0000000000000
3.0799999237061	0.36035463213921	-0.89764934778214	73.000000000000	0.0000000000000
3.0840001106262	0.35917645692825	-0.89820492267609	73.000000000000	0.0000000000000
3.0880000591278	0.35799565911293	-0.89876061677933	73.000000000000	0.0000000000000
3.0920000076294	0.35681256651878	-0.89931625127792	73.000000000000	0.0000000000000
3.0959999561310	0.35562673211098	-0.89987170696259	73.000000000000	0.0000000000000
3.0999999046326	0.35443806648254	-0.90042692422867	73.000000000000	0.0000000000000
3.1040000915527	0.35324653983116	-0.90098160505295	73.000000000000	0.0000000000000
3.1080000400543	0.35205158591270	-0.90153598785400	73.000000000000	0.0000000000000
3.1119999885559	0.35085362195969	-0.90208941698074	73.000000000000	0.0000000000000
3.1159999370575	0.34965294599533	-0.90264171361923	73.000000000000	0.0000000000000
3.1199998855591	0.34844827651978	-0.90319311618805	73.000000000000	0.0000000000000
3.1240000724792	0.34724035859108	-0.90374320745468	73.000000000000	0.0000000000000
3.1280000209808	0.34602871537209	-0.90429186820984	73.000000000000	0.0000000000000
3.1319999694824	0.34481325745583	-0.90483891963959	73.000000000000	0.0000000000000
3.1359999179840	0.34359431266785	-0.90538394451141	73.000000000000	0.0000000000000
3.1400001049042	0.34237149357796	-0.90592700242996	73.000000000000	0.0000000000000
3.1440000534058	0.34114462137222	-0.90646797418594	73.000000000000	0.0000000000000
3.1480000019073	0.33991414308548	-0.90700638294220	73.000000000000	0.0000000000000
3.1519999504089	0.33867955207825	-0.90754228830338	73.000000000000	0.0000000000000
3.1559998989105	0.33744072914124	-0.90807527303696	73.000000000000	0.0000000000000
3.1600000858307	0.33619901537895	-0.90860497951508	73.000000000000	0.0000000000000
3.1640000343323	0.33495256304741	-0.90913182497025	73.000000000000	0.0000000000000
3.1679999828339	0.33370265364647	-0.90965503454208	73.000000000000	0.0000000000000
3.1719999313354	0.33244919776917	-0.91017442941666	73.000000000000	0.0000000000000
3.1760001182556	0.33119133114815	-0.91069024801254	73.000000000000	0.0000000000000
3.1800000667572	0.32993027567863	-0.91120183467865	73.000000000000	0.0000000000000
3.1840000152588	0.32866513729095	-0.91170936822891	73.000000000000	0.0000000000000
3.1879999637604	0.32739675045013	-0.91221231222153	73.000000000000	0.0000000000000
3.1919999122620	0.32612422108650	-0.91271084547043	73.000000000000	0.0000000000000
3.1960000991821	0.32484880089760	-0.91320449113846	73.000000000000	0.0000000000000
3.2000000476837	0.32357048988342	-0.91369295120239	73.000000000000	0.0000000000000
3.2039999961853	0.32228878140450	-0.91417634487152	73.000000000000	0.0000000000000
3.2079999446869	0.32100328803062	-0.91465473175049	73.000000000000	0.0000000000000
3.2119998931885	0.31971570849419	-0.91512733697891	73.000000000000	0.0000000000000
3.2160000801086	0.31842520833015	-0.91559439897537	73.000000000000	0.0000000000000
3.2200000286102	0.31713205575943	-0.91605561971664	73.000000000000	0.0000000000000
3.2239999771118	0.31583642959595	-0.91651105880737	73.000000000000	0.0000000000000
3.2279999256134	0.31453821063042	-0.91696047782898	73.000000000000	0.0000000000000
3.2320001125336	0.31323793530464	-0.91740387678146	73.000000000000	0.0000000000000
3.2360000610352	0.31193640828133	-0.91784065961838	73.000000000000	0.0000000000000
3.2400000095367	0.31063231825829	-0.91827142238617	73.000000000000	0.0000000000000
3.2439999580383	0.30932703614235	-0.91869562864304	73.000000000000	0.0000000000000
3.2479999065399	0.30802056193352	-0.91911315917969	73.000000000000	0.0000000000000
3.2520000934601	0.30671250820160	-0.91952431201935	73.000000000000	0.0000000000000
3.2560000419617	0.30540373921394	-0.91992866992950	73.000000000000	0.0000000000000
3.2599999904633	0.30409422516823	-0.92032629251480	73.000000000000	0.0000000000000
3.2639999389648	0.30278366804123	-0.92071729898453	73.000000000000	0.0000000000000
3.2679998874664	0.30147334933281	-0.92110133171082	73.000000000000	0.0000000000000
3.2720000743866	0.30016288161278	-0.92147862911224	73.000000000000	0.0000000000000
3.2760000228882	0.29885190725327	-0.92184913158417	73.000000000000	0.0000000000000
3.2799999713898	0.29754170775414	-0.92221289873123	73.000000000000	0.0000000000000
3.2839999198914	0.29623195528984	-0.92256975173950	73.000000000000	0.0000000000000
3.2880001068115	0.29492306709290	-0.92291975021362	73.000000000000	0.0000000000000
3.2920000553131	0.29361510276794	-0.92326289415359	73.000000000000	0.0000000000000
3.2960000038147	0.29230773448944	-0.92359966039658	73.000000000000	0.0000000000000
3.2999999523163	0.29100230336189	-0.92392957210541	73.000000000000	0.0000000000000
3.3039999008179	0.28969797492027	-0.92425292730331	73.000000000000	0.0000000000000
3.3080000877380	0.28839522600174	-0.92456978559494	73.000000000000	0.0000000000000
3.3120000362396	0.28709504008293	-0.92488008737564	73.000000000000	0.0000000000000
3.3159999847412	0.28579699993134	-0.92518413066864	73.000000000000	0.0000000000000
3.3199999332428	0.28450074791908	-0.92548197507858	73.000000000000	0.0000000000000
3.3239998817444	0.28320723772049	-0.92577356100082	73.000000000000	0.0000000000000
3.3280000686646	0.28191691637039	-0.92605912685394	73.000000000000	0.0000000000000
3.3320000171661	0.28062903881073	-0.92633891105652	73.000000000000	0.0000000000000
3.3359999656677	0.27934408187866	-0.92661291360855	73.000000000000	0.0000000000000
3.3399999141693	0.27806255221367	-0.92688131332397	73.000000000000	0.0000000000000
3.3440001010895	0.27678450942039	-0.92714428901672	73.000000000000	0.0000000000000
3.3480000495911	0.27550956606865	-0.92740195989609	73.000000000000	0.0000000000000
3.3519999980927	0.27423778176308	-0.92765474319458	73.000000000000	0.0000000000000
3.3559999465942	0.27297016978264	-0.92790246009827	73.000000000000	0.0000000000000
3.3599998950958	0.27170673012733	-0.92814528942108	73.000000000000	0.0000000000000
3.3640000820160	0.27044710516930	-0.92838358879089	73.000000000000	0.0000000000000
3.3680000305176	0.26919138431549	-0.92861759662628	73.000000000000	0.0000000000000
3.3719999790192	0.26793959736824	-0.92884737253189	73.000000000000	0.0000000000000
3.3759999275208	0.26669225096703	-0.92907321453094	73.000000000000	0.0000000000000
3.3800001144409	0.26544949412346	-0.92929512262344	73.000000000000	0.0000000000000
3.3840000629425	0.26421079039574	-0.92951351404190	73.000000000000	0.0000000000000
3.3880000114441	0.26297628879547	-0.92972862720490	73.000000000000	0.0000000000000
3.3919999599457	0.26174652576447	-0.92994058132172	73.000000000000	0.0000000000000
3.3959999084473	0.26052105426788	-0.93014955520630	73.000000000000	0.0000000000000
3.4000000953674	0.25929996371269	-0.93035578727722	73.000000000000	0.0000000000000
3.4040000438690	0.25808352231979	-0.93055951595306	73.000000000000	0.0000000000000
3.4079999923706	0.25687158107758	-0.93076092004776	73.000000000000	0.0000000000000
3.4119999408722	0.25566390156746	-0.93096017837524	73.000000000000	0.0000000000000
3.4159998893738	0.25446060299873	-0.93115770816803	73.000000000000	0.0000000000000
3.4200000762939	0.25326192378998	-0.93135350942612	73.000000000000	0.0000000000000
3.4240000247955	0.25206747651100	-0.93154782056808	73.000000000000	0.0000000000000
3.4279999732971	0.25087705254555	-0.93174076080322	73.000000000000	0.0000000000000
3.4319999217987	0.24969120323658	-0.93193268775940	73.000000000000	0.0000000000000
3.4360001087189	0.24850922822952	-0.93212378025055	73.000000000000	0.0000000000000
3.4400000572205	0.24733118712902	-0.93231421709061	73.000000000000	0.0000000000000
3.4440000057220	0.24615734815598	-0.93250411748886	73.000000000000	0.0000000000000
3.4479999542236	0.24498707056046	-0.93269377946854	73.000000000000	0.0000000000000
3.4519999027252	0.24382081627846	-0.93288320302963	73.000000000000	0.0000000000000
3.4560000896454	0.24265794456005	-0.93307256698608	73.000000000000	0.0000000000000
3.4600000381470	0.24149826169014	-0.93326228857040	73.000000000000	0.0000000000000
3.4639999866486	0.24034246802330	-0.93345224857330	73.000000000000	0.0000000000000
3.4679999351501	0.23918922245502	-0.93364274501801	73.000000000000	0.0000000000000
3.4719998836517	0.23803924024105	-0.93383389711380	73.000000000000	0.0000000000000
3.4760000705719	0.23689204454422	-0.93402582406998	73.000000000000	0.0000000000000
3.4800000190735	0.23574744164944	-0.93421852588654	73.000000000000	0.0000000000000
3.4839999675751	0.23460544645786	-0.93441224098206	73.000000000000	0.0000000000000
3.4879999160767	0.23346559703350	-0.93460696935654	73.000000000000	0.0000000000000
3.4920001029968	0.23232792317867	-0.93480300903320	73.000000000000	0.0000000000000
3.4960000514984	0.23119218647480	-0.93500030040741	73.000000000000	0.0000000000000
3.5000000000000	0.23005816340446	-0.93519890308380	73.000000000000	0.0000000000000
3.5039999485016	0.22892539203167	-0.93539893627167	73.000000000000	0.0000000000000
3.5079998970032	0.22779408097267	-0.93560034036636	73.000000000000	0.0000000000000
3.5120000839233	0.22666402161121	-0.93580323457718	73.000000000000	0.0000000000000
3.5160000324249	0.22553451359272	-0.93600767850876	73.000000000000	0.0000000000000
3.5199999809265	0.22440598905087	-0.93621367216110	73.000000000000	0.0000000000000
3.5239999294281	0.22327774763107	-0.93642109632492	73.000000000000	0.0000000000000
3.5280001163483	0.22215002775192	-0.93663024902344	73.000000000000	0.0000000000000
3.5320000648499	0.22102208435535	-0.93684083223343	73.000000000000	0.0000000000000
3.5360000133514	0.21989418566227	-0.93705296516418	73.000000000000	0.0000000000000
3.5399999618530	0.21876578032970	-0.93726652860641	73.000000000000	0.0000000000000
3.5439999103546	0.21763689815998	-0.93748146295547	73.000000000000	0.0000000000000
3.5480000972748	0.21650701761246	-0.93769776821136	73.000000000000	0.0000000000000
3.5520000457764	0.21537613868713	-0.93791538476944	73.000000000000	0.0000000000000
3.5559999942780	0.21424444019794	-0.93813419342041	73.000000000000	0.0000000000000
3.5599999427795	0.21311122179031	-0.93835419416428	73.000000000000	0.0000000000000
3.5639998912811	0.21197621524334	-0.93857508897781	73.000000000000	0.0000000000000
3.5680000782013	0.21083985269070	-0.93879693746567	73.000000000000	0.0000000000000
3.5720000267029	0.20970138907433	-0.93901973962784	73.000000000000	0.0000000000000
3.5759999752045	0.20856079459190	-0.93924301862717	73.000000000000	0.0000000000000
3.5799999237061	0.20741802453995	-0.93946677446365	73.000000000000	0.0000000000000
3.5840001106262	0.20627285540104	-0.93969112634659	73.000000000000	0.0000000000000
3.5880000591278	0.20512497425079	-0.93991559743881	73.000000000000	0.0000000000000
3.5920000076294	0.20397455990314	-0.94014000892639	73.000000000000	0.0000000000000
3.5959999561310	0.20282138884068	-0.94036442041397	73.000000000000	0.0000000000000
3.5999999046326	0.20166492462158	-0.94058853387833	73.000000000000	0.0000000000000
3.6040000915527	0.20050562918186	-0.94081217050552	73.000000000000	0.0000000000000
3.6080000400543	0.19934317469597	-0.94103509187698	73.000000000000	0.0000000000000
3.6119999885559	0.19817732274532	-0.94125729799271	73.000000000000	0.0000000000000
3.6159999370575	0.19700802862644	-0.94147831201553	73.000000000000	0.0000000000000
3.6199998855591	0.19583548605442	-0.94169807434082	73.000000000000	0.0000000000000
3.6240000724792	0.19465941190720	-0.94191646575928	73.000000000000	0.0000000000000
3.6280000209808	0.19347955286503	-0.94213300943375	73.000000000000	0.0000000000000
3.6319999694824	0.19229610264301	-0.94234782457352	73.000000000000	0.0000000000000
3.6359999179840	0.19110944867134	-0.94256031513214	73.000000000000	0.0000000000000
3.6400001049042	0.18991866707802	-0.94277060031891	73.000000000000	0.0000000000000
3.6440000534058	0.18872417509556	-0.94297826290131	73.000000000000	0.0000000000000
3.6480000019073	0.18752638995647	-0.94318312406540	73.000000000000	0.0000000000000
3.6519999504089	0.18632459640503	-0.94338494539261	73.000000000000	0.0000000000000
3.6559998989105	0.18511919677258	-0.94358354806900	73.000000000000	0.0000000000000
3.6600000858307	0.18391019105911	-0.94377851486206	73.000000000000	0.0000000000000
3.6640000343323	0.18269777297974	-0.94396996498108	73.000000000000	0.0000000000000
3.6679999828339	0.18148189783096	-0.94415736198425	73.000000000000	0.0000000000000
3.6719999313354	0.18026234209538	-0.94434076547623	73.000000000000	0.0000000000000
3.6760001182556	0.17903926968575	-0.94451981782913	73.000000000000	0.0000000000000
3.6800000667572	0.17781315743923	-0.94469422101974	73.000000000000	0.0000000000000
3.6840000152588	0.17658394575119	-0.94486379623413	73.000000000000	0.0000000000000
3.6879999637604	0.17535163462162	-0.94502848386765	73.000000000000	0.0000000000000
3.6919999122620	0.17411620914936	-0.94518798589706	73.000000000000	0.0000000000000
3.6960000991821	0.17287814617157	-0.94534218311310	73.000000000000	0.0000000000000
3.7000000476837	0.17163735628128	-0.94549071788788	73.000000000000	0.0000000000000
3.7039999961853	0.17039389908314	-0.94563353061676	73.000000000000	0.0000000000000
3.7079999446869	0.16914817690849	-0.94577038288116	73.000000000000	0.0000000000000
3.7119998931885	0.16790045797825	-0.94590121507645	73.000000000000	0.0000000000000
3.7160000801086	0.16665047407150	-0.94602590799332	73.000000000000	0.0000000000000
3.7200000286102	0.16539891064167	-0.94614416360855	73.000000000000	0.0000000000000
3.7239999771118	0.16414533555508	-0.94625580310822	73.000000000000	0.0000000000000
3.7279999256134	0.16289041936398	-0.94636088609695	73.000000000000	0.0000000000000
3.7320001125336	0.16163441538811	-0.94645917415619	73.000000000000	0.0000000000000
3.7360000610352	0.16037730872631	-0.94655054807663	73.000000000000	0.0000000000000
3.7400000095367	0.15911935269833	-0.94663506746292	73.000000000000	0.0000000000000
3.7439999580383	0.15786077082157	-0.94671243429184	73.000000000000	0.0000000000000
3.7479999065399	0.15660183131695	-0.94678258895874	73.000000000000	0.0000000000000
3.7520000934601	0.15534296631813	-0.94684559106827	73.000000000000	0.0000000000000
3.7560000419617	0.15408401191235	-0.94690138101578	73.000000000000	0.0000000000000
3.7599999904633	0.15282543003559	-0.94694977998734	73.000000000000	0.0000000000000
3.7639999389648	0.15156744420528	-0.94699078798294	73.000000000000	0.0000000000000
3.7679998874664	0.15031033754349	-0.94702446460724	73.000000000000	0.0000000000000
3.7720000743866	0.14905411005020	-0.94705069065094	73.000000000000	0.0000000000000
3.7760000228882	0.14779925346375	-0.94706964492798	73.000000000000	0.0000000000000
3.7799999713898	0.14654602110386	-0.94708114862442	73.000000000000	0.0000000000000
3.7839999198914	0.14529423415661	-0.94708526134491	73.000000000000	0.0000000000000
3.7880001068115	0.14404504001141	-0.94708210229874	73.000000000000	0.0000000000000
3.7920000553131	0.14279755949974	-0.94707167148590	73.000000000000	0.0000000000000
3.7960000038147	0.14155295491219	-0.94705396890640	73.000000000000	0.0000000000000
3.7999999523163	0.14031107723713	-0.94702917337418	73.000000000000	0.0000000000000
3.8039999008179	0.13907191157341	-0.94699728488922	73.000000000000	0.0000000000000
3.8080000877380	0.13783593475819	-0.94695842266083	73.000000000000	0.0000000000000
3.8120000362396	0.13660348951817	-0.94691270589828	73.000000000000	0.0000000000000
3.8159999847412	0.13537475466728	-0.94686019420624	73.000000000000	0.0000000000000
3.8199999332428	0.13414981961250	-0.94680106639862	73.000000000000	0.0000000000000
3.8239998817444	0.13292869925499	-0.94673544168472	73.000000000000	0.0000000000000
3.8280000686646	0.13171188533306	-0.94666349887848	73.000000000000	0.0000000000000
3.8320000171661	0.13049966096878	-0.94658529758453	73.000000000000	0.0000000000000
3.8359999656677	0.12929180264473	-0.94650107622147	73.000000000000	0.0000000000000
3.8399999141693	0.12808905541897	-0.94641095399857	73.000000000000	0.0000000000000
3.8440001010895	0.12689077854156	-0.94631510972977	73.000000000000	0.0000000000000
3.8480000495911	0.12569789588451	-0.94621384143829	73.000000000000	0.0000000000000
3.8519999980927	0.12451022863388	-0.94610720872879	73.000000000000	0.0000000000000
3.8559999465942	0.12332781404257	-0.94599550962448	73.000000000000	0.0000000000000
3.8599998950958	0.12215112894773	-0.94587880373001	73.000000000000	0.0000000000000
3.8640000820160	0.12097978591919	-0.94575738906860	73.000000000000	0.0000000000000
3.8680000305176	0.11981445550919	-0.94563156366348	73.000000000000	0.0000000000000
3.8719999790192	0.11865475773811	-0.94550150632858	73.000000000000	0.0000000000000
3.8759999275208	0.11750070750713	-0.94536727666855	73.000000000000	0.0000000000000
3.8800001144409	0.11635302007198	-0.94522929191589	73.000000000000	0.0000000000000
3.8840000629425	0.11521103233099	-0.94508779048920	73.000000000000	0.0000000000000
3.8880000114441	0.11407547444105	-0.94494289159775	73.000000000000	0.0000000000000
3.8919999599457	0.11294569820166	-0.94479495286942	73.000000000000	0.0000000000000
3.8959999084473	0.11182216554880	-0.94464403390884	73.000000000000	0.0000000000000
3.9000000953674	0.11070491373539	-0.94449049234390	73.000000000000	0.0000000000000
3.9040000438690	0.10959374159575	-0.94433450698853	73.000000000000	0.0000000000000
3.9079999923706	0.10848867148161	-0.94417649507523	73.000000000000	0.0000000000000
3.9119999408722	0.10738974064589	-0.94401645660400	73.000000000000	0.0000000000000
3.9159998893738	0.10629671812057	-0.94385480880737	73.000000000000	0.0000000000000
3.9200000762939	0.10520985722542	-0.94369155168533	73.000000000000	0.0000000000000
3.9240000247955	0.10412875562906	-0.94352710247040	73.000000000000	0.0000000000000
3.9279999732971	0.10305385291576	-0.94336169958115	73.000000000000	0.0000000000000
3.9319999217987	0.10198450088501	-0.94319540262222	73.000000000000	0.0000000000000
3.9360001087189	0.10092114657164	-0.94302850961685	73.000000000000	0.0000000000000
3.9400000572205	0.099863156676292	-0.94286137819290	73.000000000000	0.0000000000000
3.9440000057220	0.098810747265816	-0.94269388914108	73.000000000000	0.0000000000000
3.9479999542236	0.097763717174530	-0.94252657890320	73.000000000000	0.0000000000000
3.9519999027252	0.096721850335598	-0.94235938787460	73.000000000000	0.0000000000000
3.9560000896454	0.095685131847858	-0.94219243526459	73.000000000000	0.0000000000000
3.9600000381470	0.094653382897377	-0.94202613830566	73.000000000000	0.0000000000000
3.9639999866486	0.093626350164413	-0.94186061620712	73.000000000000	0.0000000000000
3.9679999351501	0.092604048550129	-0.94169586896896	73.000000000000	0.0000000000000
3.9719998836517	0.091586031019688	-0.94153219461441	73.000000000000	0.0000000000000
3.9760000705719	0.090572305023670	-0.94136953353882	73.000000000000	0.0000000000000
3.9800000190735	0.089562647044659	-0.94120836257935	73.000000000000	0.0000000000000
3.9839999675751	0.088557049632072	-0.94104832410812	73.000000000000	0.0000000000000
3.9879999160767	0.087554603815079	-0.94088983535767	73.000000000000	0.0000000000000
3.9920001029968	0.086556002497673	-0.94073301553726	73.000000000000	0.0000000000000
3.9960000514984	0.085560314357281	-0.94057768583298	73.000000000000	0.0000000000000
4.0000000000000	0.084568008780479	-0.94042414426804	73.000000000000	0.0000000000000
