#Parameters = {L=161.5; D=10; Gap=1.5; Z0=73}
#"Frequency / GHz"	"S1,1 (L=161.5) [Magnitude]"
#----------------------------------------------
0.10000000149012	-0.76900080367993
0.10440000146627	-0.73225285379914
0.10880000144243	-0.69475468857289
0.11320000141859	-0.65658556041083
0.11760000139475	-0.61782845744194
0.12200000137091	-0.57856301470217
0.12639999389648	-0.53886657565615
0.13079999387264	-0.49881924833371
0.13519999384880	-0.45849468530590
0.13959999382496	-0.41797168348919
0.14399999380112	-0.37732065513761
0.14839999377728	-0.33661523978449
0.15279999375343	-0.29592421176912
0.15719999372959	-0.25531735847031
0.16159999370575	-0.21486047779770
0.16599999368191	-0.17461688430027
0.17039999365807	-0.13465129881257
0.17479999363422	-0.095022222650735
0.17919999361038	-0.055788799633742
0.18359999358654	-0.017008132747824
0.18799999356270	0.021265636271997
0.19239999353886	0.058980874295150
0.19679999351501	0.096086569076850
0.20119999349117	0.13253344692432
0.20559999346733	0.16827557400900
0.20999999344349	0.20326789791454
0.21439999341965	0.23746762433181
0.21879999339581	0.27083297459073
0.22319999337196	0.30332436906671
0.22759999334812	0.33490363000820
0.23199999332428	0.36553502876179
0.23639999330044	0.39518333052154
0.24079999327660	0.42381617145646
0.24519999325275	0.45139938066955
0.24959999322891	0.47790470225705
0.25400000810623	0.50330203255580
0.25839999318123	0.52756313086544
0.26280000805855	0.55066160350807
0.26719999313354	0.57257175521114
0.27160000801086	0.59326739200711
0.27599999308586	0.61272618068819
0.28040000796318	0.63092685141142
0.28479999303818	0.64784433585372
0.28920000791550	0.66346104874332
0.29359999299049	0.67775492394706
0.29800000786781	0.69070626648957
0.30239999294281	0.70229819471607
0.30680000782013	0.71251124283063
0.31119999289513	0.72132925319878
0.31560000777245	0.72873365134311
0.31999999284744	0.73470878942185
0.32440000772476	0.73924147971540
0.32879999279976	0.74231293531793
0.33320000767708	0.74390845755620
0.33759999275208	0.74401582077430
0.34200000762939	0.74261793543044
0.34639999270439	0.73970259394285
0.35080000758171	0.73525695120829
0.35519999265671	0.72926542466682
0.35960000753403	0.72171521222936
0.36399999260902	0.71259316584863
0.36840000748634	0.70188734673980
0.37279999256134	0.68958309881878
0.37720000743866	0.67566959195415
0.38159999251366	0.66013198766244
0.38600000739098	0.64295920550475
0.39039999246597	0.62413747267837
0.39480000734329	0.60365402776284
0.39919999241829	0.58149648645926
0.40360000729561	0.55765223598424
0.40799999237061	0.53210596023704
0.41240000724792	0.50484671739583
0.41679999232292	0.47586031683073
0.42120000720024	0.44513229325786
0.42559999227524	0.41264946425992
0.43000000715256	0.37839825356236
0.43439999222755	0.34236421978882
0.43880000710487	0.30453224761740
0.44319999217987	0.26488705959819
0.44760000705719	0.22341316014707
0.45199999213219	0.18009600952894
0.45640000700951	0.13491936873943
0.46079999208450	0.087866191884868
0.46520000696182	0.038919235272552
0.46959999203682	-0.011938009200026
0.47400000691414	-0.064724265003957
0.47839999198914	-0.11945683001640
0.48280000686646	-0.17615479578429
0.48719999194145	-0.23483798905058
0.49160000681877	-0.29552756337751
0.49599999189377	-0.35824243952508
0.50040000677109	-0.42300526521461
0.50480002164841	-0.48983760770438
0.50919997692108	-0.55876240368761
0.51359999179840	-0.62980336682845
0.51800000667572	-0.70298458193302
0.52240002155304	-0.77833046929142
0.52679997682571	-0.85586864417341
0.53119999170303	-0.93562485126405
0.53560000658035	-1.0176275160930
0.54000002145767	-1.1019044556162
0.54439997673035	-1.1884866429100
0.54879999160767	-1.2774042118906
0.55320000648499	-1.3686881129178
0.55760002136230	-1.4623730986303
0.56199997663498	-1.5584921676358
0.56639999151230	-1.6570801110840
0.57080000638962	-1.7581752869134
0.57520002126694	-1.8618132347389
0.57959997653961	-1.9680348920545
0.58399999141693	-2.0768800372549
0.58840000629425	-2.1883905171720
0.59280002117157	-2.3026092111975
0.59719997644424	-2.4195818417442
0.60159999132156	-2.5393551804733
0.60600000619888	-2.6619747500573
0.61040002107620	-2.7874918408137
0.61479997634888	-2.9159580429227
0.61919999122620	-3.0474233533821
0.62360000610352	-3.1819453789461
0.62800002098083	-3.3195794617181
0.63239997625351	-3.4603801198105
0.63679999113083	-3.6044112491566
0.64120000600815	-3.7517304063679
0.64560002088547	-3.9024022463135
0.64999997615814	-4.0564888106721
0.65439999103546	-4.2140571368274
0.65880000591278	-4.3751728300292
0.66320002079010	-4.5399052531564
0.66759997606277	-4.7083213912398
0.67199999094009	-4.8804905368342
0.67640000581741	-5.0564827477659
0.68080002069473	-5.2363684390659
0.68519997596741	-5.4202144454868
0.68959999084473	-5.6080902526436
0.69400000572205	-5.8000604083824
0.69840002059937	-5.9961892300403
0.70279997587204	-6.1965339695779
0.70719999074936	-6.4011494380361
0.71160000562668	-6.6100812843414
0.71600002050400	-6.8233680396373
0.72039997577667	-7.0410393369131
0.72479999065399	-7.2631063928580
0.72920000553131	-7.4895681358350
0.73360002040863	-7.7204023274617
0.73799997568130	-7.9555599691122
0.74239999055862	-8.1949657405060
0.74680000543594	-8.4385051244202
0.75120002031326	-8.6860255304871
0.75559997558594	-8.9373190446149
0.75999999046326	-9.1921188857923
0.76440000534058	-9.4500882956292
0.76880002021790	-9.7108092532360
0.77319997549057	-9.9737649686812
0.77759999036789	-10.238326684927
0.78200000524521	-10.503741066778
0.78640002012253	-10.769108016427
0.79079997539520	-11.033368308546
0.79519999027252	-11.295288547165
0.79960000514984	-11.553439457236
0.80400002002716	-11.806198205212
0.80839997529984	-12.051736300454
0.81279999017715	-12.288031247398
0.81720000505447	-12.512883285528
0.82160001993179	-12.723952176715
0.82599997520447	-12.918803910399
0.83039999008179	-13.094986434093
0.83480000495911	-13.250114993850
0.83920001983643	-13.381971969444
0.84359997510910	-13.488617160882
0.84799998998642	-13.568490788120
0.85240000486374	-13.620509043220
0.85680001974106	-13.644131959641
0.86119997501373	-13.639394078411
0.86559998989105	-13.606905264022
0.87000000476837	-13.547810616702
0.87440001964569	-13.463720522430
0.87879997491837	-13.356610445464
0.88319998979568	-13.228719487377
0.88760000467300	-13.082442349587
0.89200001955032	-12.920225038208
0.89639997482300	-12.744484279956
0.90079998970032	-12.557538572232
0.90520000457764	-12.361558294768
0.90960001945496	-12.158532048990
0.91399997472763	-11.950253865415
0.91839998960495	-11.738315294562
0.92280000448227	-11.524107593370
0.92720001935959	-11.308836375757
0.93159997463226	-11.093529188411
0.93599998950958	-10.879056579244
0.94040000438690	-10.666148570403
0.94480001926422	-10.455409359639
0.94919997453690	-10.247334733089
0.95359998941422	-10.042323039223
0.95800000429153	-9.8406917251097
0.96240001916885	-9.6426933811465
0.96679997444153	-9.4485167376456
0.97119998931885	-9.2583028782218
0.97560000419617	-9.0721523273892
0.98000001907349	-8.8901281929732
0.98439997434616	-8.7122659623571
0.98879998922348	-8.5385781138401
0.99320000410080	-8.3690534779273
0.99760001897812	-8.2036695772557
1.0019999742508	-8.0423862136157
1.0063999891281	-7.8851568894322
1.0108000040054	-7.7319235363232
1.0152000188828	-7.5826217928314
1.0196000337601	-7.4371844311425
1.0240000486374	-7.2955364448160
1.0283999443054	-7.1576037069263
1.0327999591827	-7.0233080116299
1.0371999740601	-6.8925708816418
1.0415999889374	-6.7653119719866
1.0460000038147	-6.6414522174176
1.0504000186920	-6.5209106217944
1.0548000335693	-6.4036101360468
1.0592000484467	-6.2894703507012
1.0635999441147	-6.1784166587991
1.0679999589920	-6.0703692166451
1.0723999738693	-5.9652552014819
1.0767999887466	-5.8630020813708
1.0812000036240	-5.7635346123851
1.0856000185013	-5.6667838245909
1.0900000333786	-5.5726816282175
1.0944000482559	-5.4811586385103
1.0987999439240	-5.3921480518925
1.1031999588013	-5.3055876511421
1.1075999736786	-5.2214122352219
1.1119999885559	-5.1395611053109
1.1164000034332	-5.0599726333648
1.1208000183105	-4.9825880740964
1.1252000331879	-4.9073518246973
1.1296000480652	-4.8342050767839
1.1339999437332	-4.7630952058773
1.1383999586105	-4.6939659374981
1.1427999734879	-4.6267686914726
1.1471999883652	-4.5614471135078
1.1516000032425	-4.4979537793684
1.1560000181198	-4.4362388481815
1.1604000329971	-4.3762573205457
1.1648000478745	-4.3179579208906
1.1691999435425	-4.2612970169566
1.1735999584198	-4.2062296068895
1.1779999732971	-4.1527115121791
1.1823999881744	-4.1006991886408
1.1868000030518	-4.0501499581679
1.1912000179291	-4.0010250392340
1.1956000328064	-3.9532812974949
1.2000000476837	-3.9068788513571
1.2043999433517	-3.8617810138372
1.2087999582291	-3.8179467787726
1.2131999731064	-3.7753402681085
1.2175999879837	-3.7339244775279
1.2220000028610	-3.6936639182875
1.2264000177383	-3.6545231520517
1.2308000326157	-3.6164655197233
1.2352000474930	-3.5794596501284
1.2395999431610	-3.5434716436660
1.2439999580383	-3.5084667079983
1.2483999729156	-3.4744166731787
1.2527999877930	-3.4412843634329
1.2572000026703	-3.4090438545343
1.2616000175476	-3.3776632160624
1.2660000324249	-3.3471131083266
1.2704000473022	-3.3173641001573
1.2747999429703	-3.2883864759240
1.2791999578476	-3.2601538723293
1.2835999727249	-3.2326387111037
1.2879999876022	-3.2058146907145
1.2924000024796	-3.1796550542340
1.2968000173569	-3.1541334508671
1.3012000322342	-3.1292271207679
1.3056000471115	-3.1049085989942
1.3099999427795	-3.0811569379437
1.3143999576569	-3.0579469653730
1.3187999725342	-3.0352565235460
1.3231999874115	-3.0130646367162
1.3276000022888	-2.9913481359099
1.3320000171661	-2.9700870890495
1.3364000320435	-2.9492608718287
1.3408000469208	-2.9288499731302
1.3451999425888	-2.9088344418313
1.3495999574661	-2.8891959269546
1.3539999723434	-2.8699176417383
1.3583999872208	-2.8509813495416
1.3628000020981	-2.8323699925594
1.3672000169754	-2.8140681426519
1.3716000318527	-2.7960601512272
1.3760000467300	-2.7783301472571
1.3803999423981	-2.7608638619754
1.3847999572754	-2.7436487291579
1.3891999721527	-2.7266705692725
1.3935999870300	-2.7099170222919
1.3980000019073	-2.6933759625900
1.4024000167847	-2.6770357565486
1.4068000316620	-2.6608851667529
1.4112000465393	-2.6449150527889
1.4155999422073	-2.6291145482608
1.4199999570847	-2.6134756853642
1.4243999719620	-2.5979881590888
1.4287999868393	-2.5826447011313
1.4332000017166	-2.5674377337186
1.4376000165939	-2.5523612176086
1.4420000314713	-2.5374079693470
1.4464000463486	-2.5225705801105
1.4507999420166	-2.5078448347243
1.4551999568939	-2.4932255057994
1.4595999717712	-2.4787087330259
1.4639999866486	-2.4642893323018
1.4684000015259	-2.4499641421243
1.4728000164032	-2.4357299002737
1.4772000312805	-2.4215842217328
1.4816000461578	-2.4075242200389
1.4859999418259	-2.3935462366152
1.4903999567032	-2.3796519446841
1.4947999715805	-2.3658388158343
1.4991999864578	-2.3521046805690
1.5036000013351	-2.3384501264442
1.5080000162125	-2.3248740638163
1.5124000310898	-2.3113777565694
1.5168000459671	-2.2979599218146
1.5211999416351	-2.2846224680687
1.5255999565125	-2.2713653438940
1.5299999713898	-2.2581899542159
1.5343999862671	-2.2450975539699
1.5388000011444	-2.2320884679189
1.5432000160217	-2.2191664288156
1.5476000308990	-2.2063304746634
1.5520000457764	-2.1935852286024
1.5563999414444	-2.1809300965949
1.5607999563217	-2.1683690074765
1.5651999711990	-2.1559045935747
1.5695999860764	-2.1435376566635
1.5740000009537	-2.1312719126968
1.5784000158310	-2.1191085618356
1.5828000307083	-2.1070501451232
1.5872000455856	-2.0950993865269
1.5915999412537	-2.0832601690574
1.5959999561310	-2.0715329490310
1.6003999710083	-2.0599219188220
1.6047999858856	-2.0484280665666
1.6092000007629	-2.0370553870211
1.6136000156403	-2.0258047670165
1.6180000305176	-2.0146796819146
1.6224000453949	-2.0036821529698
1.6267999410629	-1.9928144392437
1.6311999559402	-1.9820773191282
1.6355999708176	-1.9714748647637
1.6399999856949	-1.9610078735237
1.6444000005722	-1.9506785548450
1.6488000154495	-1.9404878282930
1.6532000303268	-1.9304383536200
1.6576000452042	-1.9205318318991
1.6619999408722	-1.9107686777964
1.6663999557495	-1.9011501525387
1.6707999706268	-1.8916772615652
1.6751999855042	-1.8823523970416
1.6796000003815	-1.8731754204656
1.6840000152588	-1.8641465120956
1.6884000301361	-1.8552674312504
1.6928000450134	-1.8465368494629
1.6971999406815	-1.8379572229516
1.7015999555588	-1.8295275091622
1.7059999704361	-1.8212474541525
1.7103999853134	-1.8131170327215
1.7148000001907	-1.8051371812949
1.7192000150681	-1.7973054866602
1.7236000299454	-1.7896243863606
1.7280000448227	-1.7820903190114
1.7323999404907	-1.7747034323094
1.7367999553680	-1.7674640691287
1.7411999702454	-1.7603713177824
1.7455999851227	-1.7534227513866
1.7500000000000	-1.7466172307389
1.7544000148773	-1.7399543390024
1.7588000297546	-1.7334328101732
1.7632000446320	-1.7270500445520
1.7676000595093	-1.7208071609621
1.7719999551773	-1.7146985616917
1.7763999700546	-1.7087268132653
1.7807999849319	-1.7028888314036
1.7851999998093	-1.6971821927442
1.7896000146866	-1.6916063842788
1.7940000295639	-1.6861578070394
1.7984000444412	-1.6808372709005
1.8028000593185	-1.6756418062955
1.8071999549866	-1.6705697271249
1.8115999698639	-1.6656193722722
1.8159999847412	-1.6607897304945
1.8203999996185	-1.6560785609622
1.8248000144958	-1.6514840234362
1.8292000293732	-1.6470047291486
1.8336000442505	-1.6426405298892
1.8380000591278	-1.6383894684763
1.8423999547958	-1.6342489785189
1.8467999696732	-1.6302180401679
1.8511999845505	-1.6262969074408
1.8555999994278	-1.6224849783809
1.8600000143051	-1.6187797332203
1.8644000291824	-1.6151807514764
1.8688000440598	-1.6116892038895
1.8732000589371	-1.6083026325064
1.8775999546051	-1.6050210368345
1.8819999694824	-1.6018456759322
1.8863999843597	-1.5987736601009
1.8907999992371	-1.5958084555896
1.8952000141144	-1.5929492804718
1.8996000289917	-1.5901968845135
1.9040000438690	-1.5875517122237
1.9084000587463	-1.5850150387853
1.9127999544144	-1.5825876376467
1.9171999692917	-1.5802711339110
1.9215999841690	-1.5780653621095
1.9259999990463	-1.5759764648126
1.9304000139236	-1.5740032452319
1.9348000288010	-1.5721491251743
1.9392000436783	-1.5704158477200
1.9436000585556	-1.5688067915206
1.9479999542236	-1.5673239381425
1.9523999691010	-1.5659718286956
1.9567999839783	-1.5647533739655
1.9611999988556	-1.5636724381656
1.9656000137329	-1.5627318590084
1.9700000286102	-1.5619367690132
1.9744000434875	-1.5612908424960
1.9788000583649	-1.5608004115133
1.9831999540329	-1.5604693302899
1.9875999689102	-1.5603022290183
1.9919999837875	-1.5603039102594
1.9963999986649	-1.5604808739163
2.0007998943329	-1.5608392008640
2.0051999092102	-1.5613824432597
2.0095999240875	-1.5621193675176
2.0139999389648	-1.5630548067713
2.0183999538422	-1.5641973997036
2.0227999687195	-1.5655504611559
2.0271999835968	-1.5671237622029
2.0315999984741	-1.5689226657204
2.0360000133514	-1.5709551289701
2.0404000282288	-1.5732287091002
2.0448000431061	-1.5757498668161
2.0492000579834	-1.5785274450914
2.0536000728607	-1.5815684450125
2.0580000877380	-1.5848823856806
2.0624001026154	-1.5884750496357
2.0668001174927	-1.5923560844910
2.0711998939514	-1.5965328419929
2.0755999088287	-1.6010157765370
2.0799999237061	-1.6058113939494
2.0843999385834	-1.6109274123774
2.0887999534607	-1.6163748625116
2.0931999683380	-1.6221606312267
2.0975999832153	-1.6282942497867
2.1019999980927	-1.6347837684888
2.1064000129700	-1.6416388550356
2.1108000278473	-1.6488662124822
2.1152000427246	-1.6564775045582
2.1196000576019	-1.6644784311752
2.1240000724792	-1.6728804936778
2.1284000873566	-1.6816912599370
2.1328001022339	-1.6909189960513
2.1372001171112	-1.7005711103187
2.1415998935699	-1.7106584067289
2.1459999084473	-1.7211887758526
2.1503999233246	-1.7321693894087
2.1547999382019	-1.7436094141955
2.1591999530792	-1.7555157778303
2.1635999679565	-1.7678979862277
2.1679999828339	-1.7807632535051
2.1723999977112	-1.7941190776327
2.1768000125885	-1.8079739238712
2.1812000274658	-1.8223338350104
2.1856000423431	-1.8372065471198
2.1900000572205	-1.8525988476159
2.1944000720978	-1.8685177783461
2.1988000869751	-1.8849693318483
2.2032001018524	-1.9019605136033
2.2076001167297	-1.9194970192172
2.2119998931885	-1.9375842596751
2.2163999080658	-1.9562274606900
2.2207999229431	-1.9754329152105
2.2251999378204	-1.9952050380074
2.2295999526978	-2.0155484881898
2.2339999675751	-2.0364663140617
2.2383999824524	-2.0579639623143
2.2427999973297	-2.0800437725292
2.2472000122070	-2.1027087375578
2.2516000270844	-2.1259624852944
2.2560000419617	-2.1498067905086
2.2604000568390	-2.1742440883754
2.2648000717163	-2.1992738588904
2.2692000865936	-2.2248988977242
2.2736001014709	-2.2511185291063
2.2780001163483	-2.2779336814980
2.2823998928070	-2.3053419361177
2.2867999076843	-2.3333438578233
2.2911999225616	-2.3619354012253
2.2955999374390	-2.3911172147347
2.2999999523163	-2.4208844803460
2.3043999671936	-2.4512333301855
2.3087999820709	-2.4821589368006
2.3131999969482	-2.5136572331468
2.3176000118256	-2.5457230520446
2.3220000267029	-2.5783483280909
2.3264000415802	-2.6115297080611
2.3308000564575	-2.6452532053353
2.3352000713348	-2.6795145400810
2.3396000862122	-2.7143012281031
2.3440001010895	-2.7496046014598
2.3484001159668	-2.7854121731104
2.3527998924255	-2.8217110919005
2.3571999073029	-2.8584899354339
2.3615999221802	-2.8957342560600
2.3659999370575	-2.9334274714675
2.3703999519348	-2.9715533830051
2.3747999668121	-3.0100943673109
2.3791999816895	-3.0490347978174
2.3835999965668	-3.0883520386642
2.3880000114441	-3.1280264110110
2.3924000263214	-3.1680352354093
2.3968000411987	-3.2083569339188
2.4012000560760	-3.2489685196638
2.4056000709534	-3.2898420489494
2.4100000858307	-3.3309518875379
2.4144001007080	-3.3722714207087
2.4188001155853	-3.4137684567027
2.4231998920441	-3.4554162199108
2.4275999069214	-3.4971813788490
2.4319999217987	-3.5390302820193
2.4363999366760	-3.5809307449019
2.4407999515533	-3.6228467617348
2.4451999664307	-3.6647420584761
2.4495999813080	-3.7065795439875
2.4539999961853	-3.7483170581386
2.4584000110626	-3.7899170058095
2.4628000259399	-3.8313373150288
2.4672000408173	-3.8725371450163
2.4716000556946	-3.9134705103893
2.4760000705719	-3.9540923757642
2.4804000854492	-3.9943618837158
2.4848001003265	-4.0342276568287
2.4892001152039	-4.0736458501585
2.4935998916626	-4.1125660514434
2.4979999065399	-4.1509414019429
2.5023999214172	-4.1887220796372
2.5067999362946	-4.2258609526191
2.5111999511719	-4.2623056461795
2.5155999660492	-4.2980061603660
2.5199999809265	-4.3329146758853
2.5243999958038	-4.3669802305385
2.5288000106812	-4.4001527040604
2.5332000255585	-4.4323840659243
2.5376000404358	-4.4636245289640
2.5420000553131	-4.4938282323259
2.5464000701904	-4.5229466216248
2.5508000850677	-4.5509337589079
2.5552000999451	-4.5777455964360
2.5596001148224	-4.6033391538820
2.5639998912811	-4.6276718125878
2.5683999061584	-4.6507056251853
2.5727999210358	-4.6723999904044
2.5771999359131	-4.6927204958952
2.5815999507904	-4.7116347183635
2.5859999656677	-4.7291110983292
2.5903999805450	-4.7451214857303
2.5947999954224	-4.7596376925176
2.5992000102997	-4.7726411385542
2.6036000251770	-4.7841080007612
2.6080000400543	-4.7940224781702
2.6124000549316	-4.8023725545238
2.6168000698090	-4.8091451194140
2.6212000846863	-4.8143354817536
2.6256000995636	-4.8179369792550
2.6300001144409	-4.8199525383435
2.6343998908997	-4.8203823390132
2.6387999057770	-4.8192313459280
2.6431999206543	-4.8165108544312
2.6475999355316	-4.8122341045850
2.6519999504089	-4.8064135322234
2.6563999652863	-4.7990719555691
2.6607999801636	-4.7902293236114
2.6651999950409	-4.7799083608269
2.6696000099182	-4.7681386375660
2.6740000247955	-4.7549506274460
2.6784000396729	-4.7403752183781
2.6828000545502	-4.7244479774527
2.6872000694275	-4.7072061435528
2.6916000843048	-4.6886876068600
2.6960000991821	-4.6689348974820
2.7004001140594	-4.6479899077939
2.7047998905182	-4.6258941642859
2.7091999053955	-4.6026958637568
2.7135999202728	-4.5784404897866
2.7179999351501	-4.5531745287124
2.7223999500275	-4.5269469291827
2.7267999649048	-4.4998069212085
2.7311999797821	-4.4718010048972
2.7355999946594	-4.4429810776582
2.7400000095367	-4.4133955492507
2.7444000244141	-4.3830943605984
2.7488000392914	-4.3521260211103
2.7532000541687	-4.3205398941660
2.7576000690460	-4.2883853065037
2.7620000839233	-4.2557091964377
2.7664000988007	-4.2225599560697
2.7708001136780	-4.1889841119785
2.7751998901367	-4.1550268236147
2.7795999050140	-4.1207340741085
2.7839999198914	-4.0861499140483
2.7883999347687	-4.0513161114610
2.7927999496460	-4.0162758995367
2.7971999645233	-3.9810704591907
2.8015999794006	-3.9457375980283
2.8059999942780	-3.9103170491643
2.8104000091553	-3.8748465523631
2.8148000240326	-3.8393595195942
2.8192000389099	-3.8038930251448
2.8236000537872	-3.7684791719235
2.8280000686646	-3.7331502857926
2.8324000835419	-3.6979362167013
2.8368000984192	-3.6628676104516
2.8412001132965	-3.6279703380399
2.8455998897552	-3.5932733696266
2.8499999046326	-3.5588002495625
2.8543999195099	-3.5245773927979
2.8587999343872	-3.4906253366997
2.8631999492645	-3.4569652492999
2.8675999641418	-3.4236197646760
2.8719999790192	-3.3906060517040
2.8763999938965	-3.3579428588426
2.8808000087738	-3.3256452205864
2.8852000236511	-3.2937315226487
2.8896000385284	-3.2622132732932
2.8940000534058	-3.2311051938235
2.8984000682831	-3.2004195864819
2.9028000831604	-3.1701668700384
2.9072000980377	-3.1403567716913
2.9116001129150	-3.1110001099096
2.9159998893738	-3.0821025823338
2.9203999042511	-3.0536724936413
2.9247999191284	-3.0257165373707
2.9291999340057	-2.9982393173912
2.9335999488831	-2.9712458406061
2.9379999637604	-2.9447388961896
2.9423999786377	-2.9187218374026
2.9467999935150	-2.8931969673725
2.9512000083923	-2.8681639409601
2.9556000232697	-2.8436240231169
2.9600000381470	-2.8195771692409
2.9644000530243	-2.7960231181478
2.9688000679016	-2.7729580223903
2.9732000827789	-2.7503816179345
2.9776000976562	-2.7282905334084
2.9820001125336	-2.7066797986440
2.9863998889923	-2.6855469132795
2.9907999038696	-2.6648860469298
2.9951999187469	-2.6446929583158
2.9995999336243	-2.6249623911863
3.0039999485016	-2.6056851909426
3.0083999633789	-2.5868578712758
3.0127999782562	-2.5684711527234
3.0171999931335	-2.5505200342237
3.0216000080109	-2.5329936089214
3.0260000228882	-2.5158845215318
3.0304000377655	-2.4991841890806
3.0348000526428	-2.4828847365089
3.0392000675201	-2.4669742894748
3.0436000823975	-2.4514449032959
3.0480000972748	-2.4362869680252
3.0524001121521	-2.4214878251625
3.0567998886108	-2.4070400848828
3.0611999034882	-2.3929312572430
3.0655999183655	-2.3791513121172
3.0699999332428	-2.3656881861644
3.0743999481201	-2.3525321021564
3.0787999629974	-2.3396709453129
3.0831999778748	-2.3270936376655
3.0875999927521	-2.3147872608487
3.0920000076294	-2.3027428004193
3.0964000225067	-2.2909469645302
3.1008000373840	-2.2793879866140
3.1052000522614	-2.2680558566952
3.1096000671387	-2.2569378684772
3.1140000820160	-2.2460219580320
3.1184000968933	-2.2352970971182
3.1228001117706	-2.2247525470538
3.1271998882294	-2.2143773154807
3.1315999031067	-2.2041590753061
3.1359999179840	-2.1940869920416
3.1403999328613	-2.1841516132233
3.1447999477386	-2.1743413080223
3.1491999626160	-2.1646451929069
3.1535999774933	-2.1550535866294
3.1579999923706	-2.1455556476627
3.1624000072479	-2.1361435198552
3.1668000221252	-2.1268058329920
3.1712000370026	-2.1175354835473
3.1756000518799	-2.1083227097133
3.1800000667572	-2.0991588792357
3.1844000816345	-2.0900351839443
3.1888000965118	-2.0809454591024
3.1932001113892	-2.0718808269930
3.1975998878479	-2.0628357986496
3.2019999027252	-2.0538027229786
3.2063999176025	-2.0447754881865
3.2107999324799	-2.0357485215638
3.2151999473572	-2.0267160902134
3.2195999622345	-2.0176734474752
3.2239999771118	-2.0086159906106
3.2283999919891	-1.9995395258635
3.2328000068665	-1.9904408535117
3.2372000217438	-1.9813164209748
3.2416000366211	-1.9721647619464
3.2460000514984	-1.9629799952526
3.2504000663757	-1.9537645860044
3.2548000812531	-1.9445143968345
3.2592000961304	-1.9352290930523
3.2636001110077	-1.9259085843666
3.2679998874664	-1.9165516380657
3.2723999023438	-1.9071609263094
3.2767999172211	-1.8977344367343
3.2811999320984	-1.8882749964080
3.2855999469757	-1.8787837567662
3.2899999618530	-1.8692634205402
3.2943999767303	-1.8597166225243
3.2987999916077	-1.8501439454679
3.3032000064850	-1.8405500629007
3.3076000213623	-1.8309370140924
3.3120000362396	-1.8213110860897
3.3164000511169	-1.8116738715979
3.3208000659943	-1.8020315884213
3.3252000808716	-1.7923878875960
3.3296000957489	-1.7827488928407
3.3340001106262	-1.7731193650334
3.3383998870850	-1.7635033145765
3.3427999019623	-1.7539063898997
3.3471999168396	-1.7443381900773
3.3515999317169	-1.7347998380367
3.3559999465942	-1.7253013593427
3.3603999614716	-1.7158470772049
3.3647999763489	-1.7064421772989
3.3691999912262	-1.6970980159028
3.3736000061035	-1.6878167257434
3.3780000209808	-1.6786059684938
3.3824000358582	-1.6694739271098
3.3868000507355	-1.6604273482132
3.3912000656128	-1.6514711378744
3.3956000804901	-1.6426133938477
3.4000000953674	-1.6338614803515
3.4044001102448	-1.6252209020846
3.4087998867035	-1.6167002663192
3.4131999015808	-1.6083037018963
3.4175999164581	-1.6000378232571
3.4219999313354	-1.5919114825453
3.4263999462128	-1.5839292883586
3.4307999610901	-1.5760975594015
3.4351999759674	-1.5684232235233
3.4395999908447	-1.5609111719411
3.4440000057220	-1.5535659475203
3.4484000205994	-1.5463937972184
3.4528000354767	-1.5394006287344
3.4572000503540	-1.5325916441948
3.4616000652313	-1.5259706847599
3.4660000801086	-1.5195404875526
3.4704000949860	-1.5133100978396
3.4748001098633	-1.5072776143619
3.4791998863220	-1.5014528707280
3.4835999011993	-1.4958339684932
3.4879999160767	-1.4904273510621
3.4923999309540	-1.4852339020399
3.4967999458313	-1.4802572956825
3.5011999607086	-1.4754998186688
3.5055999755859	-1.4709612600482
3.5099999904633	-1.4666452620736
3.5144000053406	-1.4625528866139
3.5188000202179	-1.4586844576586
3.5232000350952	-1.4550409354009
3.5276000499725	-1.4516212432688
3.5320000648499	-1.4484266106271
3.5364000797272	-1.4454560391334
3.5408000946045	-1.4427107662344
3.5452001094818	-1.4401862130803
3.5495998859406	-1.4378820747450
3.5539999008179	-1.4357978720184
3.5583999156952	-1.4339318592283
3.5627999305725	-1.4322776509636
3.5671999454498	-1.4308377162966
3.5715999603271	-1.4296051432746
3.5759999752045	-1.4285802098044
3.5803999900818	-1.4277534141289
3.5848000049591	-1.4271280844613
3.5892000198364	-1.4266931374772
3.5936000347137	-1.4264500436248
3.5980000495911	-1.4263895076377
3.6024000644684	-1.4265088059841
3.6068000793457	-1.4268015997457
3.6112000942230	-1.4272626232441
3.6156001091003	-1.4278853933535
3.6199998855591	-1.4286661760805
3.6243999004364	-1.4295972660898
3.6287999153137	-1.4306734574460
3.6331999301910	-1.4318867488099
3.6375999450684	-1.4332305697081
3.6419999599457	-1.4346993183011
3.6463999748230	-1.4362854924085
3.6507999897003	-1.4379811300218
3.6552000045776	-1.4397814088822
3.6596000194550	-1.4416776982319
3.6640000343323	-1.4436643347186
3.6684000492096	-1.4457306749009
3.6728000640869	-1.4478742407210
3.6772000789642	-1.4500834329859
3.6816000938416	-1.4523532560496
3.6860001087189	-1.4546778014551
3.6903998851776	-1.4570470777483
3.6947999000549	-1.4594575334472
3.6991999149323	-1.4618991127198
3.7035999298096	-1.4643676186736
3.7079999446869	-1.4668541340092
3.7123999595642	-1.4693541240961
3.7167999744415	-1.4718617035685
3.7211999893188	-1.4743701629103
3.7256000041962	-1.4768730716105
3.7300000190735	-1.4793665699155
3.7344000339508	-1.4818441497364
3.7388000488281	-1.4843012810797
3.7432000637054	-1.4867336373899
3.7476000785828	-1.4891371441107
3.7520000934601	-1.4915071809094
3.7564001083374	-1.4938407951950
3.7607998847961	-1.4961348510780
3.7651998996735	-1.4983856245448
3.7695999145508	-1.5005921572820
3.7739999294281	-1.5027521549047
3.7783999443054	-1.5048629149508
3.7827999591827	-1.5069238961741
3.7871999740601	-1.5089352923724
3.7915999889374	-1.5108955862223
3.7960000038147	-1.5128062464967
3.8004000186920	-1.5146669978674
3.8048000335693	-1.5164791452851
3.8092000484467	-1.5182440675215
3.8136000633240	-1.5199644131490
3.8180000782013	-1.5216431041768
3.8224000930786	-1.5232822352404
3.8268001079559	-1.5248861176244
3.8311998844147	-1.5264576690042
3.8355998992920	-1.5280017180713
3.8399999141693	-1.5295243590956
3.8443999290466	-1.5310278347126
3.8487999439240	-1.5325210826395
3.8531999588013	-1.5340083994070
3.8575999736786	-1.5354978882550
3.8619999885559	-1.5369939563448
3.8664000034332	-1.5385060417257
3.8708000183105	-1.5400413331842
3.8752000331879	-1.5416071596733
3.8796000480652	-1.5432127544700
3.8840000629425	-1.5448669874529
3.8884000778198	-1.5465779574712
3.8928000926971	-1.5483551701784
3.8972001075745	-1.5502079797959
3.9015998840332	-1.5521466435092
3.9059998989105	-1.5541790826108
3.9103999137878	-1.5563202837500
3.9147999286652	-1.5585744897084
3.9191999435425	-1.5609560225909
3.9235999584198	-1.5634760386592
3.9279999732971	-1.5661417329534
3.9323999881744	-1.5689649337270
3.9368000030518	-1.5719583345889
3.9412000179291	-1.5751302369333
3.9456000328064	-1.5784940283446
3.9500000476837	-1.5820567068491
3.9544000625610	-1.5858312531488
3.9588000774384	-1.5898297773847
3.9632000923157	-1.5940597599475
3.9676001071930	-1.5985318436087
3.9719998836517	-1.6032562512048
3.9763998985291	-1.6082435004387
3.9807999134064	-1.6135023515695
3.9851999282837	-1.6190444906807
3.9895999431610	-1.6248762280369
3.9939999580383	-1.6310064061803
3.9983999729156	-1.6374434243221
4.0027999877930	-1.6441975029707
4.0071997642517	-1.6512755144482
4.0116000175476	-1.6586839899010
4.0159997940063	-1.6664286925042
4.0204000473022	-1.6745175776672
4.0247998237610	-1.6829582300409
4.0292000770569	-1.6917505104994
4.0335998535156	-1.7009041347694
4.0380001068115	-1.7104192532344
4.0423998832703	-1.7203045256433
4.0468001365662	-1.7305582652338
4.0511999130249	-1.7411849765084
4.0556001663208	-1.7521867388453
4.0599999427795	-1.7635635652412
4.0644001960754	-1.7753142400262
4.0687999725342	-1.7874421363746
4.0732002258301	-1.7999418534547
4.0776000022888	-1.8128143332085
4.0819997787476	-1.8260566276703
4.0864000320435	-1.8396631620415
4.0907998085022	-1.8536302490436
4.0952000617981	-1.8679538285174
4.0995998382568	-1.8826258340735
4.1040000915527	-1.8976404854410
4.1083998680115	-1.9129897495837
4.1128001213074	-1.9286629043463
4.1171998977661	-1.9446532409893
4.1216001510620	-1.9609481525464
4.1259999275208	-1.9775368013146
4.1304001808167	-1.9944044816819
4.1347999572754	-2.0115392536802
4.1392002105713	-2.0289276389442
4.1435999870300	-2.0465513513182
4.1479997634888	-2.0643961987909
4.1524000167847	-2.0824424497057
4.1567997932434	-2.1006741153405
4.1612000465393	-2.1190688121570
4.1655998229980	-2.1376070069952
4.1700000762939	-2.1562705405988
4.1743998527527	-2.1750321934274
4.1788001060486	-2.1938731925326
4.1831998825073	-2.2127664642600
4.1876001358032	-2.2316883215327
4.1919999122620	-2.2506138708719
4.1964001655579	-2.2695135526037
4.2007999420166	-2.2883628350448
4.2052001953125	-2.3071346943123
4.2095999717712	-2.3257983300231
4.2140002250671	-2.3443235582014
4.2184000015259	-2.3626829695652
4.2227997779846	-2.3808440566266
4.2272000312805	-2.3987796564023
4.2315998077393	-2.4164552661547
4.2360000610352	-2.4338385997935
4.2403998374939	-2.4509027124287
4.2448000907898	-2.4676125322576
4.2491998672485	-2.4839380479573
4.2536001205444	-2.4998474429379
4.2579998970032	-2.5153076299406
4.2624001502991	-2.5302887065905
4.2667999267578	-2.5447601455666
4.2712001800537	-2.5586912050702
4.2755999565125	-2.5720534944192
4.2800002098083	-2.5848141205722
4.2843999862671	-2.5969495491302
4.2887997627258	-2.6084283704349
4.2932000160217	-2.6192286399678
4.2975997924805	-2.6293206483993
4.3020000457764	-2.6386822545743
4.3063998222351	-2.6472925814688
4.3108000755310	-2.6551280348615
4.3151998519897	-2.6621693448906
4.3196001052856	-2.6683990636647
4.3239998817444	-2.6738007289846
4.3284001350403	-2.6783582750075
4.3327999114990	-2.6820625883241
4.3372001647949	-2.6849016652735
4.3415999412537	-2.6868645175728
4.3460001945496	-2.6879486164775
4.3503999710083	-2.6881437756997
4.3548002243042	-2.6874545867729
4.3592000007629	-2.6858759340850
4.3635997772217	-2.6834112863659
4.3680000305176	-2.6800665555843
4.3723998069763	-2.6758447744596
4.3768000602722	-2.6707587312660
4.3811998367310	-2.6648151739178
4.3856000900269	-2.6580314227942
4.3899998664856	-2.6504177837176
4.3944001197815	-2.6419951922660
4.3987998962402	-2.6327829271627
4.4032001495361	-2.6227993601547
4.4075999259949	-2.6120674989584
4.4120001792908	-2.6006140426719
4.4163999557495	-2.5884641963569
4.4208002090454	-2.5756467706788
4.4251999855042	-2.5621901848866
4.4295997619629	-2.5481254534291
4.4340000152588	-2.5334851035420
4.4383997917175	-2.5183027340847
4.4428000450134	-2.5026103865491
4.4471998214722	-2.4864460012691
4.4516000747681	-2.4698448039462
4.4559998512268	-2.4528426398421
4.4604001045227	-2.4354776136685
4.4647998809814	-2.4177879093490
4.4692001342773	-2.3998107378984
4.4735999107361	-2.3815867323733
4.4780001640320	-2.3631539574713
4.4823999404907	-2.3445480250344
4.4868001937866	-2.3258110522281
4.4911999702454	-2.3069810742990
4.4956002235413	-2.2880978085664
4.5000000000000	-2.2691950814298
