#Parameters = {D=8; L=80; d_a=10; e_m=9; e_s=30; gap=1.5; m_x=30; m_y=40; m_z=100; mu_m=1; mu_s=1; s_d=2}
#"Frequency / GHz"	"S1,1 (m_z=100) [Re]"	"S1,1 (m_z=100) [Im]"	"Ref.Imp. [Re]"	"Ref.Imp. [Im]"
#---------------------------------------------------------------------------------------------
0.0000000000000	0.99994099140167	-0.0000000000000	73.000000000000	0.0000000000000
0.0040000001899898	0.99987113475800	-0.011831778101623	73.000000000000	0.0000000000000
0.0080000003799796	0.99966132640839	-0.023662798106670	73.000000000000	0.0000000000000
0.012000000104308	0.99931150674820	-0.035492271184921	73.000000000000	0.0000000000000
0.016000000759959	0.99882131814957	-0.047319386154413	73.000000000000	0.0000000000000
0.019999999552965	0.99819040298462	-0.059143215417862	73.000000000000	0.0000000000000
0.024000000208616	0.99741834402084	-0.070962779223919	73.000000000000	0.0000000000000
0.028000000864267	0.99650448560715	-0.082776963710785	73.000000000000	0.0000000000000
0.032000001519918	0.99544829130173	-0.094584561884403	73.000000000000	0.0000000000000
0.035999998450279	0.99424922466278	-0.10638422518969	73.000000000000	0.0000000000000
0.039999999105930	0.99290657043457	-0.11817449331284	73.000000000000	0.0000000000000
0.043999999761581	0.99142003059387	-0.12995378673077	73.000000000000	0.0000000000000
0.048000000417233	0.98978877067566	-0.14172039926052	73.000000000000	0.0000000000000
0.052000001072884	0.98801261186600	-0.15347254276276	73.000000000000	0.0000000000000
0.056000001728535	0.98609125614166	-0.16520835459232	73.000000000000	0.0000000000000
0.059999998658895	0.98402440547943	-0.17692594230175	73.000000000000	0.0000000000000
0.064000003039837	0.98181200027466	-0.18862332403660	73.000000000000	0.0000000000000
0.068000003695488	0.97945410013199	-0.20029850304127	73.000000000000	0.0000000000000
0.071999996900558	0.97695088386536	-0.21194963157177	73.000000000000	0.0000000000000
0.075999997556210	0.97430264949799	-0.22357475757599	73.000000000000	0.0000000000000
0.079999998211861	0.97150963544846	-0.23517204821110	73.000000000000	0.0000000000000
0.083999998867512	0.96857249736786	-0.24673976004124	73.000000000000	0.0000000000000
0.087999999523163	0.96549159288406	-0.25827628374100	73.000000000000	0.0000000000000
0.092000000178814	0.96226763725281	-0.26978006958961	73.000000000000	0.0000000000000
0.096000000834465	0.95890104770660	-0.28124973177910	73.000000000000	0.0000000000000
0.10000000149012	0.95539271831512	-0.29268395900726	73.000000000000	0.0000000000000
0.10400000214577	0.95174276828766	-0.30408161878586	73.000000000000	0.0000000000000
0.10800000280142	0.94795197248459	-0.31544160842896	73.000000000000	0.0000000000000
0.11200000345707	0.94402068853378	-0.32676306366920	73.000000000000	0.0000000000000
0.11599999666214	0.93994915485382	-0.33804506063461	73.000000000000	0.0000000000000
0.11999999731779	0.93573755025864	-0.34928676486015	73.000000000000	0.0000000000000
0.12399999797344	0.93138599395752	-0.36048743128777	73.000000000000	0.0000000000000
0.12800000607967	0.92689418792725	-0.37164622545242	73.000000000000	0.0000000000000
0.13199999928474	0.92226219177246	-0.38276240229607	73.000000000000	0.0000000000000
0.13600000739098	0.91748946905136	-0.39383503794670	73.000000000000	0.0000000000000
0.14000000059605	0.91257548332214	-0.40486332774162	73.000000000000	0.0000000000000
0.14399999380112	0.90751969814301	-0.41584616899490	73.000000000000	0.0000000000000
0.14800000190735	0.90232151746750	-0.42678245902061	73.000000000000	0.0000000000000
0.15199999511242	0.89698010683060	-0.43767091631889	73.000000000000	0.0000000000000
0.15600000321865	0.89149451255798	-0.44851019978523	73.000000000000	0.0000000000000
0.15999999642372	0.88586407899857	-0.45929870009422	73.000000000000	0.0000000000000
0.16400000452995	0.88008785247803	-0.47003474831581	73.000000000000	0.0000000000000
0.16799999773502	0.87416499853134	-0.48071649670601	73.000000000000	0.0000000000000
0.17200000584126	0.86809486150742	-0.49134203791618	73.000000000000	0.0000000000000
0.17599999904633	0.86187678575516	-0.50190925598145	73.000000000000	0.0000000000000
0.18000000715256	0.85550987720490	-0.51241582632065	73.000000000000	0.0000000000000
0.18400000035763	0.84899395704269	-0.52285969257355	73.000000000000	0.0000000000000
0.18799999356270	0.84232848882675	-0.53323835134506	73.000000000000	0.0000000000000
0.19200000166893	0.83551305532455	-0.54354959726334	73.000000000000	0.0000000000000
0.19599999487400	0.82854771614075	-0.55379092693329	73.000000000000	0.0000000000000
0.20000000298023	0.82143205404282	-0.56396007537842	73.000000000000	0.0000000000000
0.20399999618530	0.81416624784470	-0.57405447959900	73.000000000000	0.0000000000000
0.20800000429153	0.80675035715103	-0.58407205343246	73.000000000000	0.0000000000000
0.21199999749660	0.79918444156647	-0.59401035308838	73.000000000000	0.0000000000000
0.21600000560284	0.79146856069565	-0.60386723279953	73.000000000000	0.0000000000000
0.21999999880791	0.78360271453857	-0.61364060640335	73.000000000000	0.0000000000000
0.22400000691414	0.77558737993240	-0.62332838773727	73.000000000000	0.0000000000000
0.22800000011921	0.76742231845856	-0.63292837142944	73.000000000000	0.0000000000000
0.23199999332428	0.75910758972168	-0.64243865013123	73.000000000000	0.0000000000000
0.23600000143051	0.75064319372177	-0.65185725688934	73.000000000000	0.0000000000000
0.23999999463558	0.74202895164490	-0.66118216514587	73.000000000000	0.0000000000000
0.24400000274181	0.73326444625854	-0.67041128873825	73.000000000000	0.0000000000000
0.24799999594688	0.72434955835342	-0.67954254150391	73.000000000000	0.0000000000000
0.25200000405312	0.71528375148773	-0.68857371807098	73.000000000000	0.0000000000000
0.25600001215935	0.70606613159180	-0.69750255346298	73.000000000000	0.0000000000000
0.25999999046326	0.69669640064240	-0.70632666349411	73.000000000000	0.0000000000000
0.26399999856949	0.68717378377914	-0.71504324674606	73.000000000000	0.0000000000000
0.26800000667572	0.67749738693237	-0.72364974021912	73.000000000000	0.0000000000000
0.27200001478195	0.66766649484634	-0.73214298486710	73.000000000000	0.0000000000000
0.27599999308586	0.65768027305603	-0.74051976203918	73.000000000000	0.0000000000000
0.28000000119209	0.64753800630569	-0.74877673387527	73.000000000000	0.0000000000000
0.28400000929832	0.63723939657211	-0.75691026449203	73.000000000000	0.0000000000000
0.28799998760223	0.62678325176239	-0.76491647958755	73.000000000000	0.0000000000000
0.29199999570847	0.61616951227188	-0.77279120683670	73.000000000000	0.0000000000000
0.29600000381470	0.60539811849594	-0.78053039312363	73.000000000000	0.0000000000000
0.30000001192093	0.59446853399277	-0.78812938928604	73.000000000000	0.0000000000000
0.30399999022484	0.58338141441345	-0.79558384418488	73.000000000000	0.0000000000000
0.30799999833107	0.57213675975800	-0.80288904905319	73.000000000000	0.0000000000000
0.31200000643730	0.56073486804962	-0.81004011631012	73.000000000000	0.0000000000000
0.31600001454353	0.54917711019516	-0.81703227758408	73.000000000000	0.0000000000000
0.31999999284744	0.53746408224106	-0.82386070489883	73.000000000000	0.0000000000000
0.32400000095367	0.52559745311737	-0.83052033185959	73.000000000000	0.0000000000000
0.32800000905991	0.51357805728912	-0.83700662851334	73.000000000000	0.0000000000000
0.33199998736382	0.50140798091888	-0.84331440925598	73.000000000000	0.0000000000000
0.33599999547005	0.48908880352974	-0.84943908452988	73.000000000000	0.0000000000000
0.34000000357628	0.47662252187729	-0.85537576675415	73.000000000000	0.0000000000000
0.34400001168251	0.46401116251945	-0.86111992597580	73.000000000000	0.0000000000000
0.34799998998642	0.45125690102577	-0.86666661500931	73.000000000000	0.0000000000000
0.35199999809265	0.43836218118668	-0.87201154232025	73.000000000000	0.0000000000000
0.35600000619888	0.42532899975777	-0.87714993953705	73.000000000000	0.0000000000000
0.36000001430511	0.41215997934341	-0.88207709789276	73.000000000000	0.0000000000000
0.36399999260902	0.39885735511780	-0.88678884506226	73.000000000000	0.0000000000000
0.36800000071526	0.38542380928993	-0.89128005504608	73.000000000000	0.0000000000000
0.37200000882149	0.37186220288277	-0.89554649591446	73.000000000000	0.0000000000000
0.37599998712540	0.35817420482635	-0.89958322048187	73.000000000000	0.0000000000000
0.37999999523163	0.34436342120171	-0.90338522195816	73.000000000000	0.0000000000000
0.38400000333786	0.33043229579926	-0.90694797039032	73.000000000000	0.0000000000000
0.38800001144409	0.31638377904892	-0.91026586294174	73.000000000000	0.0000000000000
0.39199998974800	0.30222105979919	-0.91333401203156	73.000000000000	0.0000000000000
0.39599999785423	0.28794708848000	-0.91614687442780	73.000000000000	0.0000000000000
0.40000000596046	0.27356544137001	-0.91869896650314	73.000000000000	0.0000000000000
0.40400001406670	0.25907978415489	-0.92098468542099	73.000000000000	0.0000000000000
0.40799999237061	0.24449463188648	-0.92299801111221	73.000000000000	0.0000000000000
0.41200000047684	0.22981379926205	-0.92473322153091	73.000000000000	0.0000000000000
0.41600000858307	0.21504241228104	-0.92618429660797	73.000000000000	0.0000000000000
0.41999998688698	0.20018529891968	-0.92734521627426	73.000000000000	0.0000000000000
0.42399999499321	0.18524792790413	-0.92821002006531	73.000000000000	0.0000000000000
0.42800000309944	0.17023685574532	-0.92877268791199	73.000000000000	0.0000000000000
0.43200001120567	0.15515772998333	-0.92902731895447	73.000000000000	0.0000000000000
0.43599998950958	0.14001767337322	-0.92896819114685	73.000000000000	0.0000000000000
0.43999999761581	0.12482411414385	-0.92858976125717	73.000000000000	0.0000000000000
0.44400000572205	0.10958459228277	-0.92788672447205	73.000000000000	0.0000000000000
0.44800001382828	0.094306915998459	-0.92685395479202	73.000000000000	0.0000000000000
0.45199999213219	0.078999683260918	-0.92548668384552	73.000000000000	0.0000000000000
0.45600000023842	0.063671730458736	-0.92378044128418	73.000000000000	0.0000000000000
0.46000000834465	0.048332199454308	-0.92173123359680	73.000000000000	0.0000000000000
0.46399998664856	0.032990481704473	-0.91933536529541	73.000000000000	0.0000000000000
0.46799999475479	0.017655774950981	-0.91658967733383	73.000000000000	0.0000000000000
0.47200000286102	0.0023381537757814	-0.91349118947983	73.000000000000	0.0000000000000
0.47600001096725	-0.012952753342688	-0.91003745794296	73.000000000000	0.0000000000000
0.47999998927116	-0.028206689283252	-0.90622651576996	73.000000000000	0.0000000000000
0.48399999737740	-0.043413873761892	-0.90205675363541	73.000000000000	0.0000000000000
0.48800000548363	-0.058563932776451	-0.89752674102783	73.000000000000	0.0000000000000
0.49200001358986	-0.073646977543831	-0.89263564348221	73.000000000000	0.0000000000000
0.49599999189377	-0.088652566075325	-0.88738304376602	73.000000000000	0.0000000000000
0.50000000000000	-0.10357094556093	-0.88176840543747	73.000000000000	0.0000000000000
0.50400000810623	-0.11839202791452	-0.87579196691513	73.000000000000	0.0000000000000
0.50800001621246	-0.13310518860817	-0.86945402622223	73.000000000000	0.0000000000000
0.51200002431870	-0.14770090579987	-0.86275500059128	73.000000000000	0.0000000000000
0.51599997282028	-0.16216892004013	-0.85569578409195	73.000000000000	0.0000000000000
0.51999998092651	-0.17649923264980	-0.84827744960785	73.000000000000	0.0000000000000
0.52399998903275	-0.19068250060081	-0.84050083160400	73.000000000000	0.0000000000000
0.52799999713898	-0.20470686256886	-0.83236801624298	73.000000000000	0.0000000000000
0.53200000524521	-0.21856425702572	-0.82388001680374	73.000000000000	0.0000000000000
0.53600001335144	-0.23224292695522	-0.81503915786743	73.000000000000	0.0000000000000
0.54000002145767	-0.24573299288750	-0.80584746599197	73.000000000000	0.0000000000000
0.54400002956390	-0.25902429223061	-0.79630720615387	73.000000000000	0.0000000000000
0.54799997806549	-0.27210661768913	-0.78642094135284	73.000000000000	0.0000000000000
0.55199998617172	-0.28496924042702	-0.77619183063507	73.000000000000	0.0000000000000
0.55599999427795	-0.29760089516640	-0.76562333106995	73.000000000000	0.0000000000000
0.56000000238419	-0.30999204516411	-0.75471866130829	73.000000000000	0.0000000000000
0.56400001049042	-0.32213130593300	-0.74348211288452	73.000000000000	0.0000000000000
0.56800001859665	-0.33400776982307	-0.73191815614700	73.000000000000	0.0000000000000
0.57200002670288	-0.34561133384705	-0.72003132104874	73.000000000000	0.0000000000000
0.57599997520447	-0.35693109035492	-0.70782703161240	73.000000000000	0.0000000000000
0.57999998331070	-0.36795604228973	-0.69531112909317	73.000000000000	0.0000000000000
0.58399999141693	-0.37867593765259	-0.68248945474625	73.000000000000	0.0000000000000
0.58799999952316	-0.38908070325851	-0.66936850547791	73.000000000000	0.0000000000000
0.59200000762939	-0.39915949106216	-0.65595537424088	73.000000000000	0.0000000000000
0.59600001573563	-0.40890291333199	-0.64225715398788	73.000000000000	0.0000000000000
0.60000002384186	-0.41830039024353	-0.62828177213669	73.000000000000	0.0000000000000
0.60399997234344	-0.42734292149544	-0.61403709650040	73.000000000000	0.0000000000000
0.60799998044968	-0.43602120876312	-0.59953135251999	73.000000000000	0.0000000000000
0.61199998855591	-0.44432616233826	-0.58477300405502	73.000000000000	0.0000000000000
0.61599999666214	-0.45224869251251	-0.56977099180222	73.000000000000	0.0000000000000
0.62000000476837	-0.45978036522865	-0.55453449487686	73.000000000000	0.0000000000000
0.62400001287460	-0.46691295504570	-0.53907227516174	73.000000000000	0.0000000000000
0.62800002098083	-0.47363817691803	-0.52339404821396	73.000000000000	0.0000000000000
0.63200002908707	-0.47994807362556	-0.50750905275345	73.000000000000	0.0000000000000
0.63599997758865	-0.48583504557610	-0.49142694473267	73.000000000000	0.0000000000000
0.63999998569489	-0.49129086732864	-0.47515749931335	73.000000000000	0.0000000000000
0.64399999380112	-0.49630808830261	-0.45871073007584	73.000000000000	0.0000000000000
0.64800000190735	-0.50087946653366	-0.44209629297256	73.000000000000	0.0000000000000
0.65200001001358	-0.50499647855759	-0.42532485723495	73.000000000000	0.0000000000000
0.65600001811981	-0.50865215063095	-0.40840664505959	73.000000000000	0.0000000000000
0.66000002622604	-0.51183807849884	-0.39135265350342	73.000000000000	0.0000000000000
0.66399997472763	-0.51454693078995	-0.37417373061180	73.000000000000	0.0000000000000
0.66799998283386	-0.51677054166794	-0.35688164830208	73.000000000000	0.0000000000000
0.67199999094009	-0.51850092411041	-0.33948814868927	73.000000000000	0.0000000000000
0.67599999904633	-0.51972973346710	-0.32200616598129	73.000000000000	0.0000000000000
0.68000000715256	-0.52044945955276	-0.30444851517677	73.000000000000	0.0000000000000
0.68400001525879	-0.52065134048462	-0.28682956099510	73.000000000000	0.0000000000000
0.68800002336502	-0.52032798528671	-0.26916354894638	73.000000000000	0.0000000000000
0.69199997186661	-0.51947146654129	-0.25146594643593	73.000000000000	0.0000000000000
0.69599997997284	-0.51807403564453	-0.23375333845615	73.000000000000	0.0000000000000
0.69999998807907	-0.51612877845764	-0.21604293584824	73.000000000000	0.0000000000000
0.70399999618530	-0.51362895965576	-0.19835279881954	73.000000000000	0.0000000000000
0.70800000429153	-0.51056861877441	-0.18070201575756	73.000000000000	0.0000000000000
0.71200001239777	-0.50694221258163	-0.16311095654964	73.000000000000	0.0000000000000
0.71600002050400	-0.50274533033371	-0.14560006558895	73.000000000000	0.0000000000000
0.72000002861023	-0.49797421693802	-0.12819167971611	73.000000000000	0.0000000000000
0.72399997711182	-0.49262654781342	-0.11090814322233	73.000000000000	0.0000000000000
0.72799998521805	-0.48670098185539	-0.093772850930691	73.000000000000	0.0000000000000
0.73199999332428	-0.48019742965698	-0.076809860765934	73.000000000000	0.0000000000000
0.73600000143051	-0.47311720252037	-0.060043733566999	73.000000000000	0.0000000000000
0.74000000953674	-0.46546325087547	-0.043499302119017	73.000000000000	0.0000000000000
0.74400001764297	-0.45723983645439	-0.027202067896724	73.000000000000	0.0000000000000
0.74800002574921	-0.44845291972160	-0.011177152395248	73.000000000000	0.0000000000000
0.75199997425079	-0.43911001086235	0.0045498288236558	73.000000000000	0.0000000000000
0.75599998235703	-0.42922031879425	0.019953504204750	73.000000000000	0.0000000000000
0.75999999046326	-0.41879466176033	0.035008952021599	73.000000000000	0.0000000000000
0.76399999856949	-0.40784540772438	0.049691502004862	73.000000000000	0.0000000000000
0.76800000667572	-0.39638668298721	0.063976906239986	73.000000000000	0.0000000000000
0.77200001478195	-0.38443392515182	0.077842056751251	73.000000000000	0.0000000000000
0.77600002288818	-0.37200427055359	0.091264002025127	73.000000000000	0.0000000000000
0.77999997138977	-0.35911616683006	0.10422140359879	73.000000000000	0.0000000000000
0.78399997949600	-0.34578946232796	0.11669328808784	73.000000000000	0.0000000000000
0.78799998760223	-0.33204510807991	0.12866039574146	73.000000000000	0.0000000000000
0.79199999570847	-0.31790545582771	0.14010414481163	73.000000000000	0.0000000000000
0.79600000381470	-0.30339366197586	0.15100762248039	73.000000000000	0.0000000000000
0.80000001192093	-0.28853401541710	0.16135525703430	73.000000000000	0.0000000000000
0.80400002002716	-0.27335172891617	0.17113253474236	73.000000000000	0.0000000000000
0.80800002813339	-0.25787246227264	0.18032678961754	73.000000000000	0.0000000000000
0.81199997663498	-0.24212284386158	0.18892662227154	73.000000000000	0.0000000000000
0.81599998474121	-0.22612991929054	0.19692218303680	73.000000000000	0.0000000000000
0.81999999284744	-0.20992124080658	0.20430502295494	73.000000000000	0.0000000000000
0.82400000095367	-0.19352462887764	0.21106860041618	73.000000000000	0.0000000000000
0.82800000905991	-0.17696817219257	0.21720758080482	73.000000000000	0.0000000000000
0.83200001716614	-0.16028027236462	0.22271841764450	73.000000000000	0.0000000000000
0.83600002527237	-0.14348931610584	0.22759890556335	73.000000000000	0.0000000000000
0.83999997377396	-0.12662357091904	0.23184864223003	73.000000000000	0.0000000000000
0.84399998188019	-0.10971137136221	0.23546862602234	73.000000000000	0.0000000000000
0.84799998998642	-0.092780746519566	0.23846149444580	73.000000000000	0.0000000000000
0.85199999809265	-0.075859315693378	0.24083143472672	73.000000000000	0.0000000000000
0.85600000619888	-0.058974552899599	0.24258409440517	73.000000000000	0.0000000000000
0.86000001430511	-0.042153123766184	0.24372662603855	73.000000000000	0.0000000000000
0.86400002241135	-0.025421520695090	0.24426771700382	73.000000000000	0.0000000000000
0.86799997091293	-0.0088050961494446	0.24421741068363	73.000000000000	0.0000000000000
0.87199997901917	0.0076713552698493	0.24358722567558	73.000000000000	0.0000000000000
0.87599998712540	0.023983897641301	0.24238997697830	73.000000000000	0.0000000000000
0.87999999523163	0.040109675377607	0.24063968658447	73.000000000000	0.0000000000000
0.88400000333786	0.056026913225651	0.23835162818432	73.000000000000	0.0000000000000
0.88800001144409	0.071714989840984	0.23554222285748	73.000000000000	0.0000000000000
0.89200001955032	0.087154559791088	0.23222884535789	73.000000000000	0.0000000000000
0.89600002765656	0.10232752561569	0.22842980921268	73.000000000000	0.0000000000000
0.89999997615814	0.11721722036600	0.22416418790817	73.000000000000	0.0000000000000
0.90399998426437	0.13180854916573	0.21945182979107	73.000000000000	0.0000000000000
0.90799999237061	0.14608770608902	0.21431300044060	73.000000000000	0.0000000000000
0.91200000047684	0.16004252433777	0.20876842737198	73.000000000000	0.0000000000000
0.91600000858307	0.17366230487823	0.20283913612366	73.000000000000	0.0000000000000
0.92000001668930	0.18693785369396	0.19654628634453	73.000000000000	0.0000000000000
0.92400002479553	0.19986160099506	0.18991099298000	73.000000000000	0.0000000000000
0.92799997329712	0.21242728829384	0.18295426666737	73.000000000000	0.0000000000000
0.93199998140335	0.22463007271290	0.17569689452648	73.000000000000	0.0000000000000
0.93599998950958	0.23646646738052	0.16815915703773	73.000000000000	0.0000000000000
0.93999999761581	0.24793432652950	0.16036103665829	73.000000000000	0.0000000000000
0.94400000572205	0.25903254747391	0.15232184529305	73.000000000000	0.0000000000000
0.94800001382828	0.26976114511490	0.14406017959118	73.000000000000	0.0000000000000
0.95200002193451	0.28012102842331	0.13559404015541	73.000000000000	0.0000000000000
0.95599997043610	0.29011404514313	0.12694063782692	73.000000000000	0.0000000000000
0.95999997854233	0.29974272847176	0.11811632663012	73.000000000000	0.0000000000000
0.96399998664856	0.30901014804840	0.10913673788309	73.000000000000	0.0000000000000
0.96799999475479	0.31791993975639	0.10001664608717	73.000000000000	0.0000000000000
0.97200000286102	0.32647621631622	0.090770088136196	73.000000000000	0.0000000000000
0.97600001096725	0.33468329906464	0.081410326063633	73.000000000000	0.0000000000000
0.98000001907349	0.34254577755928	0.071949936449528	73.000000000000	0.0000000000000
0.98400002717972	0.35006833076477	0.062400817871094	73.000000000000	0.0000000000000
0.98799997568130	0.35725590586662	0.052774302661419	73.000000000000	0.0000000000000
0.99199998378754	0.36411345005035	0.043081160634756	73.000000000000	0.0000000000000
0.99599999189377	0.37064579129219	0.033331707119942	73.000000000000	0.0000000000000
1.0000000000000	0.37685799598694	0.023535843938589	73.000000000000	0.0000000000000
1.0039999485016	0.38275510072708	0.013703105039895	73.000000000000	0.0000000000000
1.0080000162125	0.38834211230278	0.0038427421823144	73.000000000000	0.0000000000000
1.0119999647141	0.39362409710884	-0.0060362736694515	73.000000000000	0.0000000000000
1.0160000324249	0.39860627055168	-0.015925193205476	73.000000000000	0.0000000000000
1.0199999809265	0.40329387784004	-0.025815477594733	73.000000000000	0.0000000000000
1.0240000486374	0.40769246220589	-0.035698790103197	73.000000000000	0.0000000000000
1.0279999971390	0.41180753707886	-0.045566994696856	73.000000000000	0.0000000000000
1.0319999456406	0.41564497351646	-0.055412180721760	73.000000000000	0.0000000000000
1.0360000133514	0.41921082139015	-0.065226674079895	73.000000000000	0.0000000000000
1.0399999618530	0.42251142859459	-0.075003065168858	73.000000000000	0.0000000000000
1.0440000295639	0.42555344104767	-0.084734253585339	73.000000000000	0.0000000000000
1.0479999780655	0.42834371328354	-0.094413511455059	73.000000000000	0.0000000000000
1.0520000457764	0.43088933825493	-0.10403447598219	73.000000000000	0.0000000000000
1.0559999942780	0.43319770693779	-0.11359147727489	73.000000000000	0.0000000000000
1.0599999427795	0.43527644872665	-0.12307886034250	73.000000000000	0.0000000000000
1.0640000104904	0.43713340163231	-0.13249152898788	73.000000000000	0.0000000000000
1.0679999589920	0.43877616524696	-0.14182576537132	73.000000000000	0.0000000000000
1.0720000267029	0.44021278619766	-0.15107762813568	73.000000000000	0.0000000000000
1.0759999752045	0.44145104289055	-0.16024404764175	73.000000000000	0.0000000000000
1.0800000429153	0.44249886274338	-0.16932247579098	73.000000000000	0.0000000000000
1.0839999914169	0.44336375594139	-0.17831097543240	73.000000000000	0.0000000000000
1.0880000591278	0.44405332207680	-0.18720778822899	73.000000000000	0.0000000000000
1.0920000076294	0.44457441568375	-0.19601257145405	73.000000000000	0.0000000000000
1.0959999561310	0.44493392109871	-0.20472463965416	73.000000000000	0.0000000000000
1.1000000238419	0.44513809680939	-0.21334415674210	73.000000000000	0.0000000000000
1.1039999723434	0.44519287347794	-0.22187143564224	73.000000000000	0.0000000000000
1.1080000400543	0.44510367512703	-0.23030696809292	73.000000000000	0.0000000000000
1.1119999885559	0.44487550854683	-0.23865143954754	73.000000000000	0.0000000000000
1.1160000562668	0.44451299309731	-0.24690560996532	73.000000000000	0.0000000000000
1.1200000047684	0.44401970505714	-0.25507101416588	73.000000000000	0.0000000000000
1.1239999532700	0.44339972734451	-0.26314762234688	73.000000000000	0.0000000000000
1.1280000209808	0.44265574216843	-0.27113682031631	73.000000000000	0.0000000000000
1.1319999694824	0.44179111719131	-0.27903878688812	73.000000000000	0.0000000000000
1.1360000371933	0.44080820679665	-0.28685387969017	73.000000000000	0.0000000000000
1.1399999856949	0.43970930576324	-0.29458218812943	73.000000000000	0.0000000000000
1.1440000534058	0.43849700689316	-0.30222359299660	73.000000000000	0.0000000000000
1.1480000019073	0.43717333674431	-0.30977746844292	73.000000000000	0.0000000000000
1.1519999504089	0.43574047088623	-0.31724324822426	73.000000000000	0.0000000000000
1.1560000181198	0.43420091271400	-0.32461991906166	73.000000000000	0.0000000000000
1.1599999666214	0.43255704641342	-0.33190628886223	73.000000000000	0.0000000000000
1.1640000343323	0.43081158399582	-0.33910116553307	73.000000000000	0.0000000000000
1.1679999828339	0.42896744608879	-0.34620320796967	73.000000000000	0.0000000000000
1.1720000505447	0.42702782154083	-0.35321098566055	73.000000000000	0.0000000000000
1.1759999990463	0.42499604821205	-0.36012327671051	73.000000000000	0.0000000000000
1.1799999475479	0.42287600040436	-0.36693894863129	73.000000000000	0.0000000000000
1.1840000152588	0.42067149281502	-0.37365695834160	73.000000000000	0.0000000000000
1.1879999637604	0.41838687658310	-0.38027665019035	73.000000000000	0.0000000000000
1.1920000314713	0.41602623462677	-0.38679769635201	73.000000000000	0.0000000000000
1.1959999799728	0.41359418630600	-0.39322009682655	73.000000000000	0.0000000000000
1.2000000476837	0.41109505295753	-0.39954417943954	73.000000000000	0.0000000000000
1.2039999961853	0.40853342413902	-0.40577071905136	73.000000000000	0.0000000000000
1.2079999446869	0.40591326355934	-0.41190105676651	73.000000000000	0.0000000000000
1.2120000123978	0.40323901176453	-0.41793665289879	73.000000000000	0.0000000000000
1.2159999608994	0.40051442384720	-0.42387953400612	73.000000000000	0.0000000000000
1.2200000286102	0.39774289727211	-0.42973205447197	73.000000000000	0.0000000000000
1.2239999771118	0.39492762088776	-0.43549662828445	73.000000000000	0.0000000000000
1.2280000448227	0.39207136631012	-0.44117602705956	73.000000000000	0.0000000000000
1.2319999933243	0.38917627930641	-0.44677329063416	73.000000000000	0.0000000000000
1.2359999418259	0.38624420762062	-0.45229110121727	73.000000000000	0.0000000000000
1.2400000095367	0.38327640295029	-0.45773252844810	73.000000000000	0.0000000000000
1.2439999580383	0.38027364015579	-0.46310019493103	73.000000000000	0.0000000000000
1.2480000257492	0.37723645567894	-0.46839654445648	73.000000000000	0.0000000000000
1.2519999742508	0.37416484951973	-0.47362402081490	73.000000000000	0.0000000000000
1.2560000419617	0.37105861306190	-0.47878441214561	73.000000000000	0.0000000000000
1.2599999904633	0.36791715025902	-0.48387935757637	73.000000000000	0.0000000000000
1.2640000581741	0.36473995447159	-0.48890992999077	73.000000000000	0.0000000000000
1.2680000066757	0.36152625083923	-0.49387678503990	73.000000000000	0.0000000000000
1.2719999551773	0.35827520489693	-0.49878031015396	73.000000000000	0.0000000000000
1.2760000228882	0.35498642921448	-0.50362020730972	73.000000000000	0.0000000000000
1.2799999713898	0.35165938735008	-0.50839620828629	73.000000000000	0.0000000000000
1.2840000391006	0.34829384088516	-0.51310724020004	73.000000000000	0.0000000000000
1.2879999876022	0.34489002823830	-0.51775234937668	73.000000000000	0.0000000000000
1.2920000553131	0.34144854545593	-0.52233028411865	73.000000000000	0.0000000000000
1.2960000038147	0.33797016739845	-0.52683973312378	73.000000000000	0.0000000000000
1.2999999523163	0.33445620536804	-0.53127914667130	73.000000000000	0.0000000000000
1.3040000200272	0.33090841770172	-0.53564733266830	73.000000000000	0.0000000000000
1.3079999685287	0.32732889056206	-0.53994315862656	73.000000000000	0.0000000000000
1.3120000362396	0.32371994853020	-0.54416567087173	73.000000000000	0.0000000000000
1.3159999847412	0.32008436322212	-0.54831439256668	73.000000000000	0.0000000000000
1.3200000524521	0.31642499566078	-0.55238902568817	73.000000000000	0.0000000000000
1.3240000009537	0.31274503469467	-0.55638986825943	73.000000000000	0.0000000000000
1.3279999494553	0.30904722213745	-0.56031751632690	73.000000000000	0.0000000000000
1.3320000171661	0.30533504486084	-0.56417310237885	73.000000000000	0.0000000000000
1.3359999656677	0.30161103606224	-0.56795823574066	73.000000000000	0.0000000000000
1.3400000333786	0.29787805676460	-0.57167476415634	73.000000000000	0.0000000000000
1.3439999818802	0.29413858056068	-0.57532507181168	73.000000000000	0.0000000000000
1.3480000495911	0.29039433598518	-0.57891184091568	73.000000000000	0.0000000000000
1.3519999980927	0.28664711117744	-0.58243793249130	73.000000000000	0.0000000000000
1.3559999465942	0.28289785981178	-0.58590626716614	73.000000000000	0.0000000000000
1.3600000143051	0.27914726734161	-0.58932006359100	73.000000000000	0.0000000000000
1.3639999628067	0.27539545297623	-0.59268218278885	73.000000000000	0.0000000000000
1.3680000305176	0.27164185047150	-0.59599560499191	73.000000000000	0.0000000000000
1.3719999790192	0.26788574457169	-0.59926307201385	73.000000000000	0.0000000000000
1.3760000467300	0.26412549614906	-0.60248672962189	73.000000000000	0.0000000000000
1.3799999952316	0.26035988330841	-0.60566872358322	73.000000000000	0.0000000000000
1.3839999437332	0.25658699870110	-0.60881030559540	73.000000000000	0.0000000000000
1.3880000114441	0.25280445814133	-0.61191266775131	73.000000000000	0.0000000000000
1.3919999599457	0.24901035428047	-0.61497622728348	73.000000000000	0.0000000000000
1.3960000276566	0.24520257115364	-0.61800092458725	73.000000000000	0.0000000000000
1.3999999761581	0.24137911200523	-0.62098634243011	73.000000000000	0.0000000000000
1.4040000438690	0.23753845691681	-0.62393134832382	73.000000000000	0.0000000000000
1.4079999923706	0.23367869853973	-0.62683463096619	73.000000000000	0.0000000000000
1.4119999408722	0.22979928553104	-0.62969440221786	73.000000000000	0.0000000000000
1.4160000085831	0.22589935362339	-0.63250869512558	73.000000000000	0.0000000000000
1.4199999570847	0.22197887301445	-0.63527536392212	73.000000000000	0.0000000000000
1.4240000247955	0.21803820133209	-0.63799220323563	73.000000000000	0.0000000000000
1.4279999732971	0.21407842636108	-0.64065706729889	73.000000000000	0.0000000000000
1.4320000410080	0.21010072529316	-0.64326786994934	73.000000000000	0.0000000000000
1.4359999895096	0.20610712468624	-0.64582300186157	73.000000000000	0.0000000000000
1.4400000572205	0.20209980010986	-0.64832097291946	73.000000000000	0.0000000000000
1.4440000057220	0.19808140397072	-0.65076088905334	73.000000000000	0.0000000000000
1.4479999542236	0.19405485689640	-0.65314215421677	73.000000000000	0.0000000000000
1.4520000219345	0.19002267718315	-0.65546494722366	73.000000000000	0.0000000000000
1.4559999704361	0.18598812818527	-0.65772962570190	73.000000000000	0.0000000000000
1.4600000381470	0.18195389211178	-0.65993732213974	73.000000000000	0.0000000000000
1.4639999866486	0.17792260646820	-0.66208964586258	73.000000000000	0.0000000000000
1.4680000543594	0.17389662563801	-0.66418868303299	73.000000000000	0.0000000000000
1.4720000028610	0.16987805068493	-0.66623675823212	73.000000000000	0.0000000000000
1.4759999513626	0.16586792469025	-0.66823679208755	73.000000000000	0.0000000000000
1.4800000190735	0.16186745464802	-0.67019164562225	73.000000000000	0.0000000000000
1.4839999675751	0.15787707269192	-0.67210435867310	73.000000000000	0.0000000000000
1.4880000352859	0.15389634668827	-0.67397803068161	73.000000000000	0.0000000000000
1.4919999837875	0.14992469549179	-0.67581558227539	73.000000000000	0.0000000000000
1.4960000514984	0.14596059918404	-0.67761987447739	73.000000000000	0.0000000000000
1.5000000000000	0.14200219511986	-0.67939317226410	73.000000000000	0.0000000000000
1.5039999485016	0.13804730772972	-0.68113732337952	73.000000000000	0.0000000000000
1.5080000162125	0.13409362733364	-0.68285387754440	73.000000000000	0.0000000000000
1.5119999647141	0.13013771176338	-0.68454378843307	73.000000000000	0.0000000000000
1.5160000324249	0.12617695331573	-0.68620723485947	73.000000000000	0.0000000000000
1.5199999809265	0.12220826745033	-0.68784373998642	73.000000000000	0.0000000000000
1.5240000486374	0.11822873353958	-0.68945252895355	73.000000000000	0.0000000000000
1.5279999971390	0.11423592269421	-0.69103181362152	73.000000000000	0.0000000000000
1.5319999456406	0.11022742092609	-0.69257968664169	73.000000000000	0.0000000000000
1.5360000133514	0.10620144009590	-0.69409346580505	73.000000000000	0.0000000000000
1.5399999618530	0.10215655714273	-0.69557029008865	73.000000000000	0.0000000000000
1.5440000295639	0.098092041909695	-0.69700694084167	73.000000000000	0.0000000000000
1.5479999780655	0.094007566571236	-0.69840013980865	73.000000000000	0.0000000000000
1.5520000457764	0.089903868734837	-0.69974654912949	73.000000000000	0.0000000000000
1.5559999942780	0.085781991481781	-0.70104277133942	73.000000000000	0.0000000000000
1.5599999427795	0.081643722951412	-0.70228588581085	73.000000000000	0.0000000000000
1.5640000104904	0.077490806579590	-0.70347315073013	73.000000000000	0.0000000000000
1.5679999589920	0.073326461017132	-0.70460230112076	73.000000000000	0.0000000000000
1.5720000267029	0.069153651595116	-0.70567166805267	73.000000000000	0.0000000000000
1.5759999752045	0.064975440502167	-0.70667982101440	73.000000000000	0.0000000000000
1.5800000429153	0.060795336961746	-0.70762640237808	73.000000000000	0.0000000000000
1.5839999914169	0.056616879999638	-0.70851123332977	73.000000000000	0.0000000000000
1.5880000591278	0.052443318068981	-0.70933502912521	73.000000000000	0.0000000000000
1.5920000076294	0.048277605324984	-0.71009892225266	73.000000000000	0.0000000000000
1.5959999561310	0.044122505933046	-0.71080482006073	73.000000000000	0.0000000000000
1.6000000238419	0.039980422705412	-0.71145457029343	73.000000000000	0.0000000000000
1.6039999723434	0.035852711647749	-0.71205067634583	73.000000000000	0.0000000000000
1.6080000400543	0.031741023063660	-0.71259605884552	73.000000000000	0.0000000000000
1.6119999885559	0.027645237743855	-0.71309316158295	73.000000000000	0.0000000000000
1.6160000562668	0.023565508425236	-0.71354472637177	73.000000000000	0.0000000000000
1.6200000047684	0.019500901922584	-0.71395331621170	73.000000000000	0.0000000000000
1.6239999532700	0.015450078062713	-0.71432089805603	73.000000000000	0.0000000000000
1.6280000209808	0.011411128565669	-0.71464949846268	73.000000000000	0.0000000000000
1.6319999694824	0.0073815830983222	-0.71494007110596	73.000000000000	0.0000000000000
1.6360000371933	0.0033586027566344	-0.71519321203232	73.000000000000	0.0000000000000
1.6399999856949	-0.00066049705492333	-0.71540856361389	73.000000000000	0.0000000000000
1.6440000534058	-0.0046789068728685	-0.71558535099030	73.000000000000	0.0000000000000
1.6480000019073	-0.0086996182799339	-0.71572184562683	73.000000000000	0.0000000000000
1.6519999504089	-0.012725061737001	-0.71581530570984	73.000000000000	0.0000000000000
1.6560000181198	-0.016757769510150	-0.71586251258850	73.000000000000	0.0000000000000
1.6599999666214	-0.020800007507205	-0.71585959196091	73.000000000000	0.0000000000000
1.6640000343323	-0.024852229282260	-0.71580177545547	73.000000000000	0.0000000000000
1.6679999828339	-0.028915448114276	-0.71568411588669	73.000000000000	0.0000000000000
1.6720000505447	-0.032989166676998	-0.71550101041794	73.000000000000	0.0000000000000
1.6759999990463	-0.037072248756886	-0.71524667739868	73.000000000000	0.0000000000000
1.6799999475479	-0.041162371635437	-0.71491515636444	73.000000000000	0.0000000000000
1.6840000152588	-0.045256234705448	-0.71450072526932	73.000000000000	0.0000000000000
1.6879999637604	-0.049349896609783	-0.71399778127670	73.000000000000	0.0000000000000
1.6920000314713	-0.053438078612089	-0.71340078115463	73.000000000000	0.0000000000000
1.6959999799728	-0.057514768093824	-0.71270495653152	73.000000000000	0.0000000000000
1.7000000476837	-0.061573185026646	-0.71190595626831	73.000000000000	0.0000000000000
1.7039999961853	-0.065605662763119	-0.71100044250488	73.000000000000	0.0000000000000
1.7079999446869	-0.069603860378265	-0.70998543500900	73.000000000000	0.0000000000000
1.7120000123978	-0.073558807373047	-0.70885944366455	73.000000000000	0.0000000000000
1.7159999608994	-0.077461928129196	-0.70762133598328	73.000000000000	0.0000000000000
1.7200000286102	-0.081303104758263	-0.70627135038376	73.000000000000	0.0000000000000
1.7239999771118	-0.085072703659534	-0.70481067895889	73.000000000000	0.0000000000000
1.7280000448227	-0.088761307299137	-0.70324158668518	73.000000000000	0.0000000000000
1.7319999933243	-0.092358708381653	-0.70156729221344	73.000000000000	0.0000000000000
1.7359999418259	-0.095856361091137	-0.69979208707809	73.000000000000	0.0000000000000
1.7400000095367	-0.099244311451912	-0.69792133569717	73.000000000000	0.0000000000000
1.7439999580383	-0.10251430422068	-0.69596111774445	73.000000000000	0.0000000000000
1.7480000257492	-0.10565775632858	-0.69391852617264	73.000000000000	0.0000000000000
1.7519999742508	-0.10866700857878	-0.69180148839951	73.000000000000	0.0000000000000
1.7560000419617	-0.11153505742550	-0.68961870670319	73.000000000000	0.0000000000000
1.7599999904633	-0.11425563693047	-0.68737936019897	73.000000000000	0.0000000000000
1.7640000581741	-0.11682291328907	-0.68509382009506	73.000000000000	0.0000000000000
1.7680000066757	-0.11923191696405	-0.68277245759964	73.000000000000	0.0000000000000
1.7719999551773	-0.12147872149944	-0.68042647838593	73.000000000000	0.0000000000000
1.7760000228882	-0.12356007844210	-0.67806732654572	73.000000000000	0.0000000000000
1.7799999713898	-0.12547409534454	-0.67570728063583	73.000000000000	0.0000000000000
1.7840000391006	-0.12721900641918	-0.67335867881775	73.000000000000	0.0000000000000
1.7879999876022	-0.12879464030266	-0.67103409767151	73.000000000000	0.0000000000000
1.7920000553131	-0.13020208477974	-0.66874629259109	73.000000000000	0.0000000000000
1.7960000038147	-0.13144288957119	-0.66650849580765	73.000000000000	0.0000000000000
1.7999999523163	-0.13252022862434	-0.66433358192444	73.000000000000	0.0000000000000
1.8040000200272	-0.13343839347363	-0.66223454475403	73.000000000000	0.0000000000000
1.8079999685287	-0.13420259952545	-0.66022425889969	73.000000000000	0.0000000000000
1.8120000362396	-0.13481967151165	-0.65831512212753	73.000000000000	0.0000000000000
1.8159999847412	-0.13529725372791	-0.65651929378510	73.000000000000	0.0000000000000
1.8200000524521	-0.13564492762089	-0.65484827756882	73.000000000000	0.0000000000000
1.8240000009537	-0.13587294518948	-0.65331286191940	73.000000000000	0.0000000000000
1.8279999494553	-0.13599286973476	-0.65192288160324	73.000000000000	0.0000000000000
1.8320000171661	-0.13601744174957	-0.65068715810776	73.000000000000	0.0000000000000
1.8359999656677	-0.13596013188362	-0.64961332082748	73.000000000000	0.0000000000000
1.8400000333786	-0.13583578169346	-0.64870756864548	73.000000000000	0.0000000000000
1.8439999818802	-0.13565987348557	-0.64797455072403	73.000000000000	0.0000000000000
1.8480000495911	-0.13544799387455	-0.64741736650467	73.000000000000	0.0000000000000
1.8519999980927	-0.13521663844585	-0.64703726768494	73.000000000000	0.0000000000000
1.8559999465942	-0.13498179614544	-0.64683371782303	73.000000000000	0.0000000000000
1.8600000143051	-0.13476003706455	-0.64680439233780	73.000000000000	0.0000000000000
1.8639999628067	-0.13456690311432	-0.64694488048553	73.000000000000	0.0000000000000
1.8680000305176	-0.13441741466522	-0.64724934101105	73.000000000000	0.0000000000000
1.8719999790192	-0.13432617485523	-0.64770972728729	73.000000000000	0.0000000000000
1.8760000467300	-0.13430584967136	-0.64831674098969	73.000000000000	0.0000000000000
1.8799999952316	-0.13436806201935	-0.64905953407288	73.000000000000	0.0000000000000
1.8839999437332	-0.13452273607254	-0.64992612600327	73.000000000000	0.0000000000000
1.8880000114441	-0.13477809727192	-0.65090340375900	73.000000000000	0.0000000000000
1.8919999599457	-0.13513985276222	-0.65197795629501	73.000000000000	0.0000000000000
1.8960000276566	-0.13561253249645	-0.65313553810120	73.000000000000	0.0000000000000
1.8999999761581	-0.13619768619537	-0.65436244010925	73.000000000000	0.0000000000000
1.9040000438690	-0.13689570128918	-0.65564489364624	73.000000000000	0.0000000000000
1.9079999923706	-0.13770419359207	-0.65696990489960	73.000000000000	0.0000000000000
1.9119999408722	-0.13861931860447	-0.65832567214966	73.000000000000	0.0000000000000
1.9160000085831	-0.13963584601879	-0.65970134735107	73.000000000000	0.0000000000000
1.9199999570847	-0.14074635505676	-0.66108804941177	73.000000000000	0.0000000000000
1.9240000247955	-0.14194341003895	-0.66247832775116	73.000000000000	0.0000000000000
1.9279999732971	-0.14321793615818	-0.66386693716049	73.000000000000	0.0000000000000
1.9320000410080	-0.14456085860729	-0.66525059938431	73.000000000000	0.0000000000000
1.9359999895096	-0.14596305787563	-0.66662800312042	73.000000000000	0.0000000000000
1.9400000572205	-0.14741584658623	-0.66800010204315	73.000000000000	0.0000000000000
1.9440000057220	-0.14891165494919	-0.66936963796616	73.000000000000	0.0000000000000
1.9479999542236	-0.15044346451759	-0.67074126005173	73.000000000000	0.0000000000000
1.9520000219345	-0.15200614929199	-0.67212110757828	73.000000000000	0.0000000000000
1.9559999704361	-0.15359623730183	-0.67351627349854	73.000000000000	0.0000000000000
1.9600000381470	-0.15521201491356	-0.67493510246277	73.000000000000	0.0000000000000
1.9639999866486	-0.15685468912125	-0.67638623714447	73.000000000000	0.0000000000000
1.9680000543594	-0.15852695703506	-0.67787832021713	73.000000000000	0.0000000000000
1.9720000028610	-0.16023391485214	-0.67941963672638	73.000000000000	0.0000000000000
1.9759999513626	-0.16198289394379	-0.68101739883423	73.000000000000	0.0000000000000
1.9800000190735	-0.16378352046013	-0.68267798423767	73.000000000000	0.0000000000000
1.9839999675751	-0.16564655303955	-0.68440574407578	73.000000000000	0.0000000000000
1.9880000352859	-0.16758456826210	-0.68620306253433	73.000000000000	0.0000000000000
1.9919999837875	-0.16961140930653	-0.68807011842728	73.000000000000	0.0000000000000
1.9960000514984	-0.17174105346203	-0.69000452756882	73.000000000000	0.0000000000000
2.0000000000000	-0.17398782074451	-0.69200122356415	73.000000000000	0.0000000000000
2.0039999485016	-0.17636582255363	-0.69405263662338	73.000000000000	0.0000000000000
2.0079998970032	-0.17888802289963	-0.69614827632904	73.000000000000	0.0000000000000
2.0120000839233	-0.18156644701958	-0.69827544689178	73.000000000000	0.0000000000000
2.0160000324249	-0.18441103398800	-0.70041894912720	73.000000000000	0.0000000000000
2.0199999809265	-0.18742908537388	-0.70256185531616	73.000000000000	0.0000000000000
2.0239999294281	-0.19062638282776	-0.70468568801880	73.000000000000	0.0000000000000
2.0280001163483	-0.19400496780872	-0.70677089691162	73.000000000000	0.0000000000000
2.0320000648499	-0.19756379723549	-0.70879727602005	73.000000000000	0.0000000000000
2.0360000133514	-0.20129930973053	-0.71074491739273	73.000000000000	0.0000000000000
2.0399999618530	-0.20520447194576	-0.71259415149689	73.000000000000	0.0000000000000
2.0439999103546	-0.20926932990551	-0.71432667970657	73.000000000000	0.0000000000000
2.0480000972748	-0.21348084509373	-0.71592575311661	73.000000000000	0.0000000000000
2.0520000457764	-0.21782399713993	-0.71737676858902	73.000000000000	0.0000000000000
2.0559999942780	-0.22228094935417	-0.71866792440414	73.000000000000	0.0000000000000
2.0599999427795	-0.22683306038380	-0.71978992223740	73.000000000000	0.0000000000000
2.0639998912811	-0.23146033287048	-0.72073692083359	73.000000000000	0.0000000000000
2.0680000782013	-0.23614235222340	-0.72150635719299	73.000000000000	0.0000000000000
2.0720000267029	-0.24085842072964	-0.72209912538528	73.000000000000	0.0000000000000
2.0759999752045	-0.24558897316456	-0.72251915931702	73.000000000000	0.0000000000000
2.0799999237061	-0.25031623244286	-0.72277373075485	73.000000000000	0.0000000000000
2.0840001106262	-0.25502321124077	-0.72287267446518	73.000000000000	0.0000000000000
2.0880000591278	-0.25969576835632	-0.72282868623734	73.000000000000	0.0000000000000
2.0920000076294	-0.26432290673256	-0.72265571355820	73.000000000000	0.0000000000000
2.0959999561310	-0.26889634132385	-0.72236967086792	73.000000000000	0.0000000000000
2.0999999046326	-0.27341082692146	-0.72198706865311	73.000000000000	0.0000000000000
2.1040000915527	-0.27786463499069	-0.72152441740036	73.000000000000	0.0000000000000
2.1080000400543	-0.28225976228714	-0.72099792957306	73.000000000000	0.0000000000000
2.1119999885559	-0.28660026192665	-0.72042280435562	73.000000000000	0.0000000000000
2.1159999370575	-0.29089432954788	-0.71981221437454	73.000000000000	0.0000000000000
2.1199998855591	-0.29515150189400	-0.71917754411697	73.000000000000	0.0000000000000
2.1240000724792	-0.29938378930092	-0.71852725744247	73.000000000000	0.0000000000000
2.1280000209808	-0.30360445380211	-0.71786689758301	73.000000000000	0.0000000000000
2.1319999694824	-0.30782800912857	-0.71719908714294	73.000000000000	0.0000000000000
2.1359999179840	-0.31206861138344	-0.71652287244797	73.000000000000	0.0000000000000
2.1400001049042	-0.31633979082108	-0.71583437919617	73.000000000000	0.0000000000000
2.1440000534058	-0.32065477967262	-0.71512639522552	73.000000000000	0.0000000000000
2.1480000019073	-0.32502394914627	-0.71438890695572	73.000000000000	0.0000000000000
2.1519999504089	-0.32945612072945	-0.71360981464386	73.000000000000	0.0000000000000
2.1559998989105	-0.33395704627037	-0.71277487277985	73.000000000000	0.0000000000000
2.1600000858307	-0.33852961659431	-0.71186870336533	73.000000000000	0.0000000000000
2.1640000343323	-0.34317326545715	-0.71087509393692	73.000000000000	0.0000000000000
2.1679999828339	-0.34788420796394	-0.70977807044983	73.000000000000	0.0000000000000
2.1719999313354	-0.35265511274338	-0.70856249332428	73.000000000000	0.0000000000000
2.1760001182556	-0.35747525095940	-0.70721423625946	73.000000000000	0.0000000000000
2.1800000667572	-0.36233177781105	-0.70572173595428	73.000000000000	0.0000000000000
2.1840000152588	-0.36720922589302	-0.70407551527023	73.000000000000	0.0000000000000
2.1879999637604	-0.37208989262581	-0.70226955413818	73.000000000000	0.0000000000000
2.1919999122620	-0.37695455551147	-0.70030117034912	73.000000000000	0.0000000000000
2.1960000991821	-0.38178479671478	-0.69817119836807	73.000000000000	0.0000000000000
2.2000000476837	-0.38656160235405	-0.69588434696198	73.000000000000	0.0000000000000
2.2039999961853	-0.39126658439636	-0.69344919919968	73.000000000000	0.0000000000000
2.2079999446869	-0.39588388800621	-0.69087731838226	73.000000000000	0.0000000000000
2.2119998931885	-0.40039968490601	-0.68818348646164	73.000000000000	0.0000000000000
2.2160000801086	-0.40480312705040	-0.68538528680801	73.000000000000	0.0000000000000
2.2200000286102	-0.40908744931221	-0.68250209093094	73.000000000000	0.0000000000000
2.2239999771118	-0.41324913501740	-0.67955458164215	73.000000000000	0.0000000000000
2.2279999256134	-0.41728881001472	-0.67656373977661	73.000000000000	0.0000000000000
2.2320001125336	-0.42121195793152	-0.67355024814606	73.000000000000	0.0000000000000
2.2360000610352	-0.42502787709236	-0.67053371667862	73.000000000000	0.0000000000000
2.2400000095367	-0.42874917387962	-0.66753143072128	73.000000000000	0.0000000000000
2.2439999580383	-0.43239337205887	-0.66455805301666	73.000000000000	0.0000000000000
2.2479999065399	-0.43597909808159	-0.66162478923798	73.000000000000	0.0000000000000
2.2520000934601	-0.43952810764313	-0.65873891115189	73.000000000000	0.0000000000000
2.2560000419617	-0.44306382536888	-0.65590292215347	73.000000000000	0.0000000000000
2.2599999904633	-0.44660955667496	-0.65311515331268	73.000000000000	0.0000000000000
2.2639999389648	-0.45018839836121	-0.65036857128143	73.000000000000	0.0000000000000
2.2679998874664	-0.45382249355316	-0.64765202999115	73.000000000000	0.0000000000000
2.2720000743866	-0.45753124356270	-0.64494973421097	73.000000000000	0.0000000000000
2.2760000228882	-0.46133089065552	-0.64224189519882	73.000000000000	0.0000000000000
2.2799999713898	-0.46523430943489	-0.63950598239899	73.000000000000	0.0000000000000
2.2839999198914	-0.46924978494644	-0.63671630620956	73.000000000000	0.0000000000000
2.2880001068115	-0.47338005900383	-0.63384610414505	73.000000000000	0.0000000000000
2.2920000553131	-0.47762379050255	-0.63086783885956	73.000000000000	0.0000000000000
2.2960000038147	-0.48197343945503	-0.62775444984436	73.000000000000	0.0000000000000
2.2999999523163	-0.48641684651375	-0.62448042631149	73.000000000000	0.0000000000000
2.3039999008179	-0.49093699455261	-0.62102246284485	73.000000000000	0.0000000000000
2.3080000877380	-0.49551257491112	-0.61736154556274	73.000000000000	0.0000000000000
2.3120000362396	-0.50011891126633	-0.61348158121109	73.000000000000	0.0000000000000
2.3159999847412	-0.50472879409790	-0.60937291383743	73.000000000000	0.0000000000000
2.3199999332428	-0.50931316614151	-0.60503011941910	73.000000000000	0.0000000000000
2.3239998817444	-0.51384270191193	-0.60045439004898	73.000000000000	0.0000000000000
2.3280000686646	-0.51828950643539	-0.59565162658691	73.000000000000	0.0000000000000
2.3320000171661	-0.52262687683105	-0.59063440561295	73.000000000000	0.0000000000000
2.3359999656677	-0.52683126926422	-0.58541971445084	73.000000000000	0.0000000000000
2.3399999141693	-0.53088420629501	-0.58002907037735	73.000000000000	0.0000000000000
2.3440001010895	-0.53477096557617	-0.57448804378510	73.000000000000	0.0000000000000
2.3480000495911	-0.53848457336426	-0.56882375478745	73.000000000000	0.0000000000000
2.3519999980927	-0.54202312231064	-0.56306540966034	73.000000000000	0.0000000000000
2.3559999465942	-0.54539215564728	-0.55724138021469	73.000000000000	0.0000000000000
2.3599998950958	-0.54860389232635	-0.55137902498245	73.000000000000	0.0000000000000
2.3640000820160	-0.55167728662491	-0.54550158977509	73.000000000000	0.0000000000000
2.3680000305176	-0.55463683605194	-0.53962910175323	73.000000000000	0.0000000000000
2.3719999790192	-0.55751329660416	-0.53377455472946	73.000000000000	0.0000000000000
2.3759999275208	-0.56033998727798	-0.52794456481934	73.000000000000	0.0000000000000
2.3800001144409	-0.56315451860428	-0.52213746309280	73.000000000000	0.0000000000000
2.3840000629425	-0.56599438190460	-0.51634269952774	73.000000000000	0.0000000000000
2.3880000114441	-0.56889712810516	-0.51054102182388	73.000000000000	0.0000000000000
2.3919999599457	-0.57189756631851	-0.50470298528671	73.000000000000	0.0000000000000
2.3959999084473	-0.57502698898315	-0.49879053235054	73.000000000000	0.0000000000000
2.4000000953674	-0.57830929756165	-0.49275738000870	73.000000000000	0.0000000000000
2.4040000438690	-0.58176136016846	-0.48654875159264	73.000000000000	0.0000000000000
2.4079999923706	-0.58538991212845	-0.48010435700417	73.000000000000	0.0000000000000
2.4119999408722	-0.58919084072113	-0.47335922718048	73.000000000000	0.0000000000000
2.4159998893738	-0.59314841032028	-0.46624475717545	73.000000000000	0.0000000000000
2.4200000762939	-0.59723299741745	-0.45869275927544	73.000000000000	0.0000000000000
2.4240000247955	-0.60140192508698	-0.45063602924347	73.000000000000	0.0000000000000
2.4279999732971	-0.60559910535812	-0.44201144576073	73.000000000000	0.0000000000000
2.4319999217987	-0.60975581407547	-0.43276238441467	73.000000000000	0.0000000000000
2.4360001087189	-0.61379027366638	-0.42284116148949	73.000000000000	0.0000000000000
2.4400000572205	-0.61761033535004	-0.41221150755882	73.000000000000	0.0000000000000
2.4440000057220	-0.62111419439316	-0.40084981918335	73.000000000000	0.0000000000000
2.4479999542236	-0.62419313192368	-0.38874757289886	73.000000000000	0.0000000000000
2.4519999027252	-0.62673342227936	-0.37591332197189	73.000000000000	0.0000000000000
2.4560000896454	-0.62861877679825	-0.36237287521362	73.000000000000	0.0000000000000
2.4600000381470	-0.62973421812057	-0.34817001223564	73.000000000000	0.0000000000000
2.4639999866486	-0.62996774911880	-0.33336699008942	73.000000000000	0.0000000000000
2.4679999351501	-0.62921440601349	-0.31804415583611	73.000000000000	0.0000000000000
2.4719998836517	-0.62737858295441	-0.30229845643044	73.000000000000	0.0000000000000
2.4760000705719	-0.62437713146210	-0.28624305129051	73.000000000000	0.0000000000000
2.4800000190735	-0.62014186382294	-0.27000471949577	73.000000000000	0.0000000000000
2.4839999675751	-0.61462187767029	-0.25372159481049	73.000000000000	0.0000000000000
2.4879999160767	-0.60778534412384	-0.23754109442234	73.000000000000	0.0000000000000
2.4920001029968	-0.59962123632431	-0.22161595523357	73.000000000000	0.0000000000000
2.4960000514984	-0.59013974666595	-0.20610189437866	73.000000000000	0.0000000000000
2.5000000000000	-0.57937353849411	-0.19115377962589	73.000000000000	0.0000000000000
2.5039999485016	-0.56737667322159	-0.17692238092422	73.000000000000	0.0000000000000
2.5079998970032	-0.55422455072403	-0.16355071961880	73.000000000000	0.0000000000000
2.5120000839233	-0.54001230001450	-0.15117092430592	73.000000000000	0.0000000000000
2.5160000324249	-0.52485299110413	-0.13990180194378	73.000000000000	0.0000000000000
2.5199999809265	-0.50887560844421	-0.12984493374825	73.000000000000	0.0000000000000
2.5239999294281	-0.49222210049629	-0.12108359485865	73.000000000000	0.0000000000000
2.5280001163483	-0.47504433989525	-0.11367999017239	73.000000000000	0.0000000000000
2.5320000648499	-0.45750072598457	-0.10767473280430	73.000000000000	0.0000000000000
2.5360000133514	-0.43975299596786	-0.10308563709259	73.000000000000	0.0000000000000
2.5399999618530	-0.42196223139763	-0.099907599389553	73.000000000000	0.0000000000000
2.5439999103546	-0.40428560972214	-0.098113067448139	73.000000000000	0.0000000000000
2.5480000972748	-0.38687279820442	-0.097653329372406	73.000000000000	0.0000000000000
2.5520000457764	-0.36986282467842	-0.098459959030151	73.000000000000	0.0000000000000
2.5559999942780	-0.35338115692139	-0.10044662654400	73.000000000000	0.0000000000000
2.5599999427795	-0.33753728866577	-0.10351205617189	73.000000000000	0.0000000000000
2.5639998912811	-0.32242262363434	-0.10754270106554	73.000000000000	0.0000000000000
2.5680000782013	-0.30810904502869	-0.11241612583399	73.000000000000	0.0000000000000
2.5720000267029	-0.29464796185493	-0.11800393462181	73.000000000000	0.0000000000000
2.5759999752045	-0.28207001090050	-0.12417579442263	73.000000000000	0.0000000000000
2.5799999237061	-0.27038523554802	-0.13080258667469	73.000000000000	0.0000000000000
2.5840001106262	-0.25958397984505	-0.13775962591171	73.000000000000	0.0000000000000
2.5880000591278	-0.24963824450970	-0.14493004977703	73.000000000000	0.0000000000000
2.5920000076294	-0.24050353467464	-0.15220738947392	73.000000000000	0.0000000000000
2.5959999561310	-0.23212133347988	-0.15949802100658	73.000000000000	0.0000000000000
2.5999999046326	-0.22442124783993	-0.16672340035439	73.000000000000	0.0000000000000
2.6040000915527	-0.21732486784458	-0.17382089793682	73.000000000000	0.0000000000000
2.6080000400543	-0.21074795722961	-0.18074534833431	73.000000000000	0.0000000000000
2.6119999885559	-0.20460413396358	-0.18746905028820	73.000000000000	0.0000000000000
2.6159999370575	-0.19880788028240	-0.19398151338100	73.000000000000	0.0000000000000
2.6199998855591	-0.19327771663666	-0.20028868317604	73.000000000000	0.0000000000000
2.6240000724792	-0.18793903291225	-0.20641186833382	73.000000000000	0.0000000000000
2.6280000209808	-0.18272639811039	-0.21238559484482	73.000000000000	0.0000000000000
2.6319999694824	-0.17758579552174	-0.21825578808784	73.000000000000	0.0000000000000
2.6359999179840	-0.17247651517391	-0.22407695651054	73.000000000000	0.0000000000000
2.6400001049042	-0.16737219691277	-0.22990958392620	73.000000000000	0.0000000000000
2.6440000534058	-0.16226117312908	-0.23581758141518	73.000000000000	0.0000000000000
2.6480000019073	-0.15714749693871	-0.24186447262764	73.000000000000	0.0000000000000
2.6519999504089	-0.15204949676991	-0.24811154603958	73.000000000000	0.0000000000000
2.6559998989105	-0.14699964225292	-0.25461432337761	73.000000000000	0.0000000000000
2.6600000858307	-0.14204281568527	-0.26142036914825	73.000000000000	0.0000000000000
2.6640000343323	-0.13723462820053	-0.26856705546379	73.000000000000	0.0000000000000
2.6679999828339	-0.13263911008835	-0.27607959508896	73.000000000000	0.0000000000000
2.6719999313354	-0.12832613289356	-0.28397002816200	73.000000000000	0.0000000000000
2.6760001182556	-0.12436942756176	-0.29223558306694	73.000000000000	0.0000000000000
2.6800000667572	-0.12084278464317	-0.30085918307304	73.000000000000	0.0000000000000
2.6840000152588	-0.11781816184521	-0.30980876088142	73.000000000000	0.0000000000000
2.6879999637604	-0.11536232382059	-0.31903836131096	73.000000000000	0.0000000000000
2.6919999122620	-0.11353474855423	-0.32848894596100	73.000000000000	0.0000000000000
2.6960000991821	-0.11238523572683	-0.33809003233910	73.000000000000	0.0000000000000
2.7000000476837	-0.11195170879364	-0.34776163101196	73.000000000000	0.0000000000000
2.7039999961853	-0.11225862056017	-0.35741648077965	73.000000000000	0.0000000000000
2.7079999446869	-0.11331618577242	-0.36696237325668	73.000000000000	0.0000000000000
2.7119998931885	-0.11511907726526	-0.37630507349968	73.000000000000	0.0000000000000
2.7160000801086	-0.11764682829380	-0.38535076379776	73.000000000000	0.0000000000000
2.7200000286102	-0.12086378782988	-0.39400878548622	73.000000000000	0.0000000000000
2.7239999771118	-0.12471938878298	-0.40219458937645	73.000000000000	0.0000000000000
2.7279999256134	-0.12915064394474	-0.40983152389526	73.000000000000	0.0000000000000
2.7320001125336	-0.13408213853836	-0.41685378551483	73.000000000000	0.0000000000000
2.7360000610352	-0.13942927122116	-0.42320749163628	73.000000000000	0.0000000000000
2.7400000095367	-0.14509953558445	-0.42885288596153	73.000000000000	0.0000000000000
2.7439999580383	-0.15099585056305	-0.43376466631889	73.000000000000	0.0000000000000
2.7479999065399	-0.15701843798161	-0.43793320655823	73.000000000000	0.0000000000000
2.7520000934601	-0.16306756436825	-0.44136446714401	73.000000000000	0.0000000000000
2.7560000419617	-0.16904647648335	-0.44407960772514	73.000000000000	0.0000000000000
2.7599999904633	-0.17486357688904	-0.44611445069313	73.000000000000	0.0000000000000
2.7639999389648	-0.18043507635593	-0.44751802086830	73.000000000000	0.0000000000000
2.7679998874664	-0.18568666279316	-0.44835132360458	73.000000000000	0.0000000000000
2.7720000743866	-0.19055537879467	-0.44868540763855	73.000000000000	0.0000000000000
2.7760000228882	-0.19499111175537	-0.44859927892685	73.000000000000	0.0000000000000
2.7799999713898	-0.19895780086517	-0.44817742705345	73.000000000000	0.0000000000000
2.7839999198914	-0.20243342220783	-0.44750767946243	73.000000000000	0.0000000000000
2.7880001068115	-0.20541106164455	-0.44667857885361	73.000000000000	0.0000000000000
2.7920000553131	-0.20789769291878	-0.44577723741531	73.000000000000	0.0000000000000
2.7960000038147	-0.20991426706314	-0.44488677382469	73.000000000000	0.0000000000000
2.7999999523163	-0.21149480342865	-0.44408398866653	73.000000000000	0.0000000000000
2.8039999008179	-0.21268433332443	-0.44343796372414	73.000000000000	0.0000000000000
2.8080000877380	-0.21353794634342	-0.44300803542137	73.000000000000	0.0000000000000
2.8120000362396	-0.21411879360676	-0.44284263253212	73.000000000000	0.0000000000000
2.8159999847412	-0.21449586749077	-0.44297820329666	73.000000000000	0.0000000000000
2.8199999332428	-0.21474200487137	-0.44343855977058	73.000000000000	0.0000000000000
2.8239998817444	-0.21493265032768	-0.44423446059227	73.000000000000	0.0000000000000
2.8280000686646	-0.21514183282852	-0.44536423683167	73.000000000000	0.0000000000000
2.8320000171661	-0.21544186770916	-0.44681355357170	73.000000000000	0.0000000000000
2.8359999656677	-0.21590065956116	-0.44855648279190	73.000000000000	0.0000000000000
2.8399999141693	-0.21658000349998	-0.45055648684502	73.000000000000	0.0000000000000
2.8440001010895	-0.21753469109535	-0.45276761054993	73.000000000000	0.0000000000000
2.8480000495911	-0.21881060302258	-0.45513576269150	73.000000000000	0.0000000000000
2.8519999980927	-0.22044371068478	-0.45760086178780	73.000000000000	0.0000000000000
2.8559999465942	-0.22245992720127	-0.46009773015976	73.000000000000	0.0000000000000
2.8599998950958	-0.22487437725067	-0.46255829930305	73.000000000000	0.0000000000000
2.8640000820160	-0.22769090533257	-0.46491348743439	73.000000000000	0.0000000000000
2.8680000305176	-0.23090343177319	-0.46709403395653	73.000000000000	0.0000000000000
2.8719999790192	-0.23449499905109	-0.46903294324875	73.000000000000	0.0000000000000
2.8759999275208	-0.23843890428543	-0.47066643834114	73.000000000000	0.0000000000000
2.8800001144409	-0.24269920587540	-0.47193562984467	73.000000000000	0.0000000000000
2.8840000629425	-0.24723295867443	-0.47278684377670	73.000000000000	0.0000000000000
2.8880000114441	-0.25198894739151	-0.47317361831665	73.000000000000	0.0000000000000
2.8919999599457	-0.25691112875938	-0.47305643558502	73.000000000000	0.0000000000000
2.8959999084473	-0.26193803548813	-0.47240382432938	73.000000000000	0.0000000000000
2.9000000953674	-0.26700508594513	-0.47119271755219	73.000000000000	0.0000000000000
2.9040000438690	-0.27204498648643	-0.46940842270851	73.000000000000	0.0000000000000
2.9079999923706	-0.27698966860771	-0.46704441308975	73.000000000000	0.0000000000000
2.9119999408722	-0.28177002072334	-0.46410322189331	73.000000000000	0.0000000000000
2.9159998893738	-0.28631880879402	-0.46059465408325	73.000000000000	0.0000000000000
2.9200000762939	-0.29056945443153	-0.45653682947159	73.000000000000	0.0000000000000
2.9240000247955	-0.29445815086365	-0.45195522904396	73.000000000000	0.0000000000000
2.9279999732971	-0.29792442917824	-0.44688206911087	73.000000000000	0.0000000000000
2.9319999217987	-0.30091097950935	-0.44135627150536	73.000000000000	0.0000000000000
2.9360001087189	-0.30336588621140	-0.43542221188545	73.000000000000	0.0000000000000
2.9400000572205	-0.30524101853371	-0.42913016676903	73.000000000000	0.0000000000000
2.9440000057220	-0.30649366974831	-0.42253524065018	73.000000000000	0.0000000000000
2.9479999542236	-0.30708685517311	-0.41569671034813	73.000000000000	0.0000000000000
2.9519999027252	-0.30698975920677	-0.40867739915848	73.000000000000	0.0000000000000
2.9560000896454	-0.30617725849152	-0.40154418349266	73.000000000000	0.0000000000000
2.9600000381470	-0.30463111400604	-0.39436593651772	73.000000000000	0.0000000000000
2.9639999866486	-0.30233961343765	-0.38721415400505	73.000000000000	0.0000000000000
2.9679999351501	-0.29929822683334	-0.38016170263290	73.000000000000	0.0000000000000
2.9719998836517	-0.29550966620445	-0.37328261137009	73.000000000000	0.0000000000000
2.9760000705719	-0.29098364710808	-0.36665135622025	73.000000000000	0.0000000000000
2.9800000190735	-0.28573834896088	-0.36034151911736	73.000000000000	0.0000000000000
2.9839999675751	-0.27979856729507	-0.35442635416985	73.000000000000	0.0000000000000
2.9879999160767	-0.27319765090942	-0.34897649288177	73.000000000000	0.0000000000000
2.9920001029968	-0.26597651839256	-0.34405997395515	73.000000000000	0.0000000000000
2.9960000514984	-0.25818309187889	-0.33974161744118	73.000000000000	0.0000000000000
3.0000000000000	-0.24987317621708	-0.33608105778694	73.000000000000	0.0000000000000
3.0039999485016	-0.24110932648182	-0.33313280344009	73.000000000000	0.0000000000000
3.0079998970032	-0.23196034133434	-0.33094495534897	73.000000000000	0.0000000000000
3.0120000839233	-0.22250103950500	-0.32955816388130	73.000000000000	0.0000000000000
3.0160000324249	-0.21281111240387	-0.32900503277779	73.000000000000	0.0000000000000
3.0199999809265	-0.20297412574291	-0.32930946350098	73.000000000000	0.0000000000000
3.0239999294281	-0.19307687878609	-0.33048570156097	73.000000000000	0.0000000000000
3.0280001163483	-0.18320763111115	-0.33253824710846	73.000000000000	0.0000000000000
3.0320000648499	-0.17345583438873	-0.33546090126038	73.000000000000	0.0000000000000
3.0360000133514	-0.16390930116177	-0.33923739194870	73.000000000000	0.0000000000000
3.0399999618530	-0.15465423464775	-0.34384089708328	73.000000000000	0.0000000000000
3.0439999103546	-0.14577275514603	-0.34923449158669	73.000000000000	0.0000000000000
3.0480000972748	-0.13734227418900	-0.35537162423134	73.000000000000	0.0000000000000
3.0520000457764	-0.12943373620510	-0.36219671368599	73.000000000000	0.0000000000000
3.0559999942780	-0.12211026996374	-0.36964631080627	73.000000000000	0.0000000000000
3.0599999427795	-0.11542705446482	-0.37764978408813	73.000000000000	0.0000000000000
3.0639998912811	-0.10942889004946	-0.38613098859787	73.000000000000	0.0000000000000
3.0680000782013	-0.10415081679821	-0.39500945806503	73.000000000000	0.0000000000000
3.0720000267029	-0.099616803228855	-0.40420201420784	73.000000000000	0.0000000000000
3.0759999752045	-0.095839902758598	-0.41362437605858	73.000000000000	0.0000000000000
3.0799999237061	-0.092822261154652	-0.42319267988205	73.000000000000	0.0000000000000
3.0840001106262	-0.090555131435394	-0.43282511830330	73.000000000000	0.0000000000000
3.0880000591278	-0.089019648730755	-0.44244366884232	73.000000000000	0.0000000000000
3.0920000076294	-0.088187776505947	-0.45197513699532	73.000000000000	0.0000000000000
3.0959999561310	-0.088022336363792	-0.46135294437408	73.000000000000	0.0000000000000
3.0999999046326	-0.088479638099670	-0.47051784396172	73.000000000000	0.0000000000000
3.1040000915527	-0.089510045945644	-0.47941881418228	73.000000000000	0.0000000000000
3.1080000400543	-0.091059178113937	-0.48801398277283	73.000000000000	0.0000000000000
3.1119999885559	-0.093070060014725	-0.49627065658569	73.000000000000	0.0000000000000
3.1159999370575	-0.095484711229801	-0.50416564941406	73.000000000000	0.0000000000000
3.1199998855591	-0.098244942724705	-0.51168501377106	73.000000000000	0.0000000000000
3.1240000724792	-0.10129447281361	-0.51882374286652	73.000000000000	0.0000000000000
3.1280000209808	-0.10458067059517	-0.52558463811874	73.000000000000	0.0000000000000
3.1319999694824	-0.10805496573448	-0.53197795152664	73.000000000000	0.0000000000000
3.1359999179840	-0.11167404800653	-0.53801995515823	73.000000000000	0.0000000000000
3.1400001049042	-0.11540115624666	-0.54373157024384	73.000000000000	0.0000000000000
3.1440000534058	-0.11920552700758	-0.54913777112961	73.000000000000	0.0000000000000
3.1480000019073	-0.12306419014931	-0.55426484346390	73.000000000000	0.0000000000000
3.1519999504089	-0.12696075439453	-0.55914026498795	73.000000000000	0.0000000000000
3.1559998989105	-0.13088475167751	-0.56379079818726	73.000000000000	0.0000000000000
3.1600000858307	-0.13483390212059	-0.56824088096619	73.000000000000	0.0000000000000
3.1640000343323	-0.13880841434002	-0.57251256704330	73.000000000000	0.0000000000000
3.1679999828339	-0.14281532168388	-0.57662302255630	73.000000000000	0.0000000000000
3.1719999313354	-0.14686423540115	-0.58058542013168	73.000000000000	0.0000000000000
3.1760001182556	-0.15096610784531	-0.58440750837326	73.000000000000	0.0000000000000
3.1800000667572	-0.15513390302658	-0.58809149265289	73.000000000000	0.0000000000000
3.1840000152588	-0.15937930345535	-0.59163445234299	73.000000000000	0.0000000000000
3.1879999637604	-0.16371296346188	-0.59502810239792	73.000000000000	0.0000000000000
3.1919999122620	-0.16814205050468	-0.59825998544693	73.000000000000	0.0000000000000
3.1960000991821	-0.17267073690891	-0.60131365060806	73.000000000000	0.0000000000000
3.2000000476837	-0.17729784548283	-0.60417008399963	73.000000000000	0.0000000000000
3.2039999961853	-0.18201743066311	-0.60680836439133	73.000000000000	0.0000000000000
3.2079999446869	-0.18681773543358	-0.60920745134354	73.000000000000	0.0000000000000
3.2119998931885	-0.19168157875538	-0.61134684085846	73.000000000000	0.0000000000000
3.2160000801086	-0.19658599793911	-0.61320847272873	73.000000000000	0.0000000000000
3.2200000286102	-0.20150290429592	-0.61477732658386	73.000000000000	0.0000000000000
3.2239999771118	-0.20640042424202	-0.61604297161102	73.000000000000	0.0000000000000
3.2279999256134	-0.21124280989170	-0.61700034141541	73.000000000000	0.0000000000000
3.2320001125336	-0.21599152684212	-0.61765098571777	73.000000000000	0.0000000000000
3.2360000610352	-0.22060710191727	-0.61800289154053	73.000000000000	0.0000000000000
3.2400000095367	-0.22505104541779	-0.61807096004486	73.000000000000	0.0000000000000
3.2439999580383	-0.22928526997566	-0.61787772178650	73.000000000000	0.0000000000000
3.2479999065399	-0.23327568173409	-0.61745208501816	73.000000000000	0.0000000000000
3.2520000934601	-0.23699188232422	-0.61682987213135	73.000000000000	0.0000000000000
3.2560000419617	-0.24040955305099	-0.61605203151703	73.000000000000	0.0000000000000
3.2599999904633	-0.24351079761982	-0.61516398191452	73.000000000000	0.0000000000000
3.2639999389648	-0.24628485739231	-0.61421513557434	73.000000000000	0.0000000000000
3.2679998874664	-0.24873021245003	-0.61325579881668	73.000000000000	0.0000000000000
3.2720000743866	-0.25085300207138	-0.61233758926392	73.000000000000	0.0000000000000
3.2760000228882	-0.25266835093498	-0.61151063442230	73.000000000000	0.0000000000000
3.2799999713898	-0.25419959425926	-0.61082243919373	73.000000000000	0.0000000000000
3.2839999198914	-0.25547808408737	-0.61031609773636	73.000000000000	0.0000000000000
3.2880001068115	-0.25654265284538	-0.61002922058105	73.000000000000	0.0000000000000
3.2920000553131	-0.25743702054024	-0.60999280214310	73.000000000000	0.0000000000000
3.2960000038147	-0.25821146368980	-0.61022943258286	73.000000000000	0.0000000000000
3.2999999523163	-0.25891780853271	-0.61075341701508	73.000000000000	0.0000000000000
3.3039999008179	-0.25961065292358	-0.61156964302063	73.000000000000	0.0000000000000
3.3080000877380	-0.26034420728683	-0.61267375946045	73.000000000000	0.0000000000000
3.3120000362396	-0.26117175817490	-0.61405169963837	73.000000000000	0.0000000000000
3.3159999847412	-0.26214221119881	-0.61568117141724	73.000000000000	0.0000000000000
3.3199999332428	-0.26330041885376	-0.61753118038177	73.000000000000	0.0000000000000
3.3239998817444	-0.26468521356583	-0.61956346035004	73.000000000000	0.0000000000000
3.3280000686646	-0.26632764935493	-0.62173408269882	73.000000000000	0.0000000000000
3.3320000171661	-0.26825007796288	-0.62399446964264	73.000000000000	0.0000000000000
3.3359999656677	-0.27046677470207	-0.62629282474518	73.000000000000	0.0000000000000
3.3399999141693	-0.27298232913017	-0.62857615947723	73.000000000000	0.0000000000000
3.3440001010895	-0.27579137682915	-0.63079202175140	73.000000000000	0.0000000000000
3.3480000495911	-0.27888026833534	-0.63288962841034	73.000000000000	0.0000000000000
3.3519999980927	-0.28222608566284	-0.63482218980789	73.000000000000	0.0000000000000
3.3559999465942	-0.28579816222191	-0.63654804229736	73.000000000000	0.0000000000000
3.3599998950958	-0.28956004977226	-0.63803172111511	73.000000000000	0.0000000000000
3.3640000820160	-0.29346889257431	-0.63924539089203	73.000000000000	0.0000000000000
3.3680000305176	-0.29747873544693	-0.64016932249069	73.000000000000	0.0000000000000
3.3719999790192	-0.30154100060463	-0.64079290628433	73.000000000000	0.0000000000000
3.3759999275208	-0.30560702085495	-0.64111375808716	73.000000000000	0.0000000000000
3.3800001144409	-0.30962887406349	-0.64113873243332	73.000000000000	0.0000000000000
3.3840000629425	-0.31356117129326	-0.64088314771652	73.000000000000	0.0000000000000
3.3880000114441	-0.31736290454865	-0.64036935567856	73.000000000000	0.0000000000000
3.3919999599457	-0.32099816203117	-0.63962680101395	73.000000000000	0.0000000000000
3.3959999084473	-0.32443797588348	-0.63869041204453	73.000000000000	0.0000000000000
3.4000000953674	-0.32766035199165	-0.63759875297546	73.000000000000	0.0000000000000
3.4040000438690	-0.33065089583397	-0.63639348745346	73.000000000000	0.0000000000000
3.4079999923706	-0.33340391516685	-0.63511693477631	73.000000000000	0.0000000000000
3.4119999408722	-0.33592161536217	-0.63381099700928	73.000000000000	0.0000000000000
3.4159998893738	-0.33821326494217	-0.63251554965973	73.000000000000	0.0000000000000
3.4200000762939	-0.34029549360275	-0.63126724958420	73.000000000000	0.0000000000000
3.4240000247955	-0.34219133853912	-0.63009768724442	73.000000000000	0.0000000000000
3.4279999732971	-0.34392896294594	-0.62903308868408	73.000000000000	0.0000000000000
3.4319999217987	-0.34554013609886	-0.62809312343597	73.000000000000	0.0000000000000
3.4360001087189	-0.34705865383148	-0.62729036808014	73.000000000000	0.0000000000000
3.4400000572205	-0.34851980209351	-0.62663018703461	73.000000000000	0.0000000000000
3.4440000057220	-0.34995868802071	-0.62611061334610	73.000000000000	0.0000000000000
3.4479999542236	-0.35140743851662	-0.62572312355042	73.000000000000	0.0000000000000
3.4519999027252	-0.35289630293846	-0.62545245885849	73.000000000000	0.0000000000000
3.4560000896454	-0.35444998741150	-0.62527811527252	73.000000000000	0.0000000000000
3.4600000381470	-0.35608893632889	-0.62517529726028	73.000000000000	0.0000000000000
3.4639999866486	-0.35782682895660	-0.62511539459229	73.000000000000	0.0000000000000
3.4679999351501	-0.35967135429382	-0.62506848573685	73.000000000000	0.0000000000000
3.4719998836517	-0.36162313818932	-0.62500381469727	73.000000000000	0.0000000000000
3.4760000705719	-0.36367586255074	-0.62489128112793	73.000000000000	0.0000000000000
3.4800000190735	-0.36581817269325	-0.62470316886902	73.000000000000	0.0000000000000
3.4839999675751	-0.36803120374680	-0.62441492080688	73.000000000000	0.0000000000000
3.4879999160767	-0.37029257416725	-0.62400639057159	73.000000000000	0.0000000000000
3.4920001029968	-0.37257564067841	-0.62346291542053	73.000000000000	0.0000000000000
3.4960000514984	-0.37485089898109	-0.62277567386627	73.000000000000	0.0000000000000
3.5000000000000	-0.37708762288094	-0.62194210290909	73.000000000000	0.0000000000000
3.5039999485016	-0.37925466895103	-0.62096643447876	73.000000000000	0.0000000000000
3.5079998970032	-0.38132226467133	-0.61985898017883	73.000000000000	0.0000000000000
3.5120000839233	-0.38326349854469	-0.61863636970520	73.000000000000	0.0000000000000
3.5160000324249	-0.38505411148071	-0.61732053756714	73.000000000000	0.0000000000000
3.5199999809265	-0.38667517900467	-0.61593812704086	73.000000000000	0.0000000000000
3.5239999294281	-0.38811349868774	-0.61451894044876	73.000000000000	0.0000000000000
3.5280001163483	-0.38936164975166	-0.61309558153152	73.000000000000	0.0000000000000
3.5320000648499	-0.39041790366173	-0.61170184612274	73.000000000000	0.0000000000000
3.5360000133514	-0.39128831028938	-0.61037117242813	73.000000000000	0.0000000000000
3.5399999618530	-0.39198437333107	-0.60913568735123	73.000000000000	0.0000000000000
3.5439999103546	-0.39252430200577	-0.60802471637726	73.000000000000	0.0000000000000
3.5480000972748	-0.39293059706688	-0.60706406831741	73.000000000000	0.0000000000000
3.5520000457764	-0.39323112368584	-0.60627454519272	73.000000000000	0.0000000000000
3.5559999942780	-0.39345717430115	-0.60567182302475	73.000000000000	0.0000000000000
3.5599999427795	-0.39364174008369	-0.60526525974274	73.000000000000	0.0000000000000
3.5639998912811	-0.39381968975067	-0.60505765676498	73.000000000000	0.0000000000000
3.5680000782013	-0.39402490854263	-0.60504603385925	73.000000000000	0.0000000000000
3.5720000267029	-0.39429020881653	-0.60522055625916	73.000000000000	0.0000000000000
3.5759999752045	-0.39464625716209	-0.60556572675705	73.000000000000	0.0000000000000
3.5799999237061	-0.39511907100677	-0.60606122016907	73.000000000000	0.0000000000000
3.5840001106262	-0.39573076367378	-0.60668188333511	73.000000000000	0.0000000000000
3.5880000591278	-0.39649835228920	-0.60739976167679	73.000000000000	0.0000000000000
3.5920000076294	-0.39743220806122	-0.60818445682526	73.000000000000	0.0000000000000
3.5959999561310	-0.39853775501251	-0.60900461673737	73.000000000000	0.0000000000000
3.5999999046326	-0.39981302618980	-0.60982936620712	73.000000000000	0.0000000000000
3.6040000915527	-0.40125167369843	-0.61062896251678	73.000000000000	0.0000000000000
3.6080000400543	-0.40284079313278	-0.61137658357620	73.000000000000	0.0000000000000
3.6119999885559	-0.40456318855286	-0.61204868555069	73.000000000000	0.0000000000000
3.6159999370575	-0.40639844536781	-0.61262625455856	73.000000000000	0.0000000000000
3.6199998855591	-0.40832197666168	-0.61309534311295	73.000000000000	0.0000000000000
3.6240000724792	-0.41030892729759	-0.61344736814499	73.000000000000	0.0000000000000
3.6280000209808	-0.41233262419701	-0.61367958784103	73.000000000000	0.0000000000000
3.6319999694824	-0.41436845064163	-0.61379444599152	73.000000000000	0.0000000000000
3.6359999179840	-0.41639217734337	-0.61379987001419	73.000000000000	0.0000000000000
3.6400001049042	-0.41838297247887	-0.61370879411697	73.000000000000	0.0000000000000
3.6440000534058	-0.42032364010811	-0.61353778839111	73.000000000000	0.0000000000000
3.6480000019073	-0.42220190167427	-0.61330676078796	73.000000000000	0.0000000000000
3.6519999504089	-0.42401006817818	-0.61303758621216	73.000000000000	0.0000000000000
3.6559998989105	-0.42574515938759	-0.61275351047516	73.000000000000	0.0000000000000
3.6600000858307	-0.42741116881371	-0.61247688531876	73.000000000000	0.0000000000000
3.6640000343323	-0.42901596426964	-0.61222952604294	73.000000000000	0.0000000000000
3.6679999828339	-0.43057262897491	-0.61203026771545	73.000000000000	0.0000000000000
3.6719999313354	-0.43209892511368	-0.61189496517181	73.000000000000	0.0000000000000
3.6760001182556	-0.43361538648605	-0.61183494329453	73.000000000000	0.0000000000000
3.6800000667572	-0.43514555692673	-0.61185663938522	73.000000000000	0.0000000000000
3.6840000152588	-0.43671402335167	-0.61196154356003	73.000000000000	0.0000000000000
3.6879999637604	-0.43834593892097	-0.61214500665665	73.000000000000	0.0000000000000
3.6919999122620	-0.44006523489952	-0.61239725351334	73.000000000000	0.0000000000000
3.6960000991821	-0.44189387559891	-0.61270314455032	73.000000000000	0.0000000000000
3.7000000476837	-0.44385063648224	-0.61304283142090	73.000000000000	0.0000000000000
3.7039999961853	-0.44595018029213	-0.61339229345322	73.000000000000	0.0000000000000
3.7079999446869	-0.44820246100426	-0.61372441053391	73.000000000000	0.0000000000000
3.7119998931885	-0.45061153173447	-0.61401015520096	73.000000000000	0.0000000000000
3.7160000801086	-0.45317623019218	-0.61421918869019	73.000000000000	0.0000000000000
3.7200000286102	-0.45588850975037	-0.61432188749313	73.000000000000	0.0000000000000
3.7239999771118	-0.45873537659645	-0.61428970098495	73.000000000000	0.0000000000000
3.7279999256134	-0.46169748902321	-0.61409699916840	73.000000000000	0.0000000000000
3.7320001125336	-0.46475136280060	-0.61372178792953	73.000000000000	0.0000000000000
3.7360000610352	-0.46786862611771	-0.61314678192139	73.000000000000	0.0000000000000
3.7400000095367	-0.47101888060570	-0.61236017942429	73.000000000000	0.0000000000000
3.7439999580383	-0.47416874766350	-0.61135601997375	73.000000000000	0.0000000000000
3.7479999065399	-0.47728443145752	-0.61013495922089	73.000000000000	0.0000000000000
3.7520000934601	-0.48033320903778	-0.60870367288589	73.000000000000	0.0000000000000
3.7560000419617	-0.48328346014023	-0.60707515478134	73.000000000000	0.0000000000000
3.7599999904633	-0.48610663414001	-0.60526818037033	73.000000000000	0.0000000000000
3.7639999389648	-0.48877915740013	-0.60330629348755	73.000000000000	0.0000000000000
3.7679998874664	-0.49128162860870	-0.60121732950211	73.000000000000	0.0000000000000
3.7720000743866	-0.49360075592995	-0.59903210401535	73.000000000000	0.0000000000000
3.7760000228882	-0.49572914838791	-0.59678328037262	73.000000000000	0.0000000000000
3.7799999713898	-0.49766662716866	-0.59450381994247	73.000000000000	0.0000000000000
3.7839999198914	-0.49941897392273	-0.59222614765167	73.000000000000	0.0000000000000
3.7880001068115	-0.50099927186966	-0.58997994661331	73.000000000000	0.0000000000000
3.7920000553131	-0.50242465734482	-0.58779233694077	73.000000000000	0.0000000000000
3.7960000038147	-0.50371897220612	-0.58568507432938	73.000000000000	0.0000000000000
3.7999999523163	-0.50490838289261	-0.58367502689362	73.000000000000	0.0000000000000
3.8039999008179	-0.50602281093597	-0.58177292346954	73.000000000000	0.0000000000000
3.8080000877380	-0.50709348917007	-0.57998228073120	73.000000000000	0.0000000000000
3.8120000362396	-0.50815153121948	-0.57830023765564	73.000000000000	0.0000000000000
3.8159999847412	-0.50922662019730	-0.57671713829041	73.000000000000	0.0000000000000
3.8199999332428	-0.51034533977509	-0.57521694898605	73.000000000000	0.0000000000000
3.8239998817444	-0.51153081655502	-0.57377767562866	73.000000000000	0.0000000000000
3.8280000686646	-0.51280105113983	-0.57237267494202	73.000000000000	0.0000000000000
3.8320000171661	-0.51416724920273	-0.57097160816193	73.000000000000	0.0000000000000
3.8359999656677	-0.51563459634781	-0.56954139471054	73.000000000000	0.0000000000000
3.8399999141693	-0.51719993352890	-0.56804853677750	73.000000000000	0.0000000000000
3.8440001010895	-0.51885336637497	-0.56645953655243	73.000000000000	0.0000000000000
3.8480000495911	-0.52057760953903	-0.56474334001541	73.000000000000	0.0000000000000
3.8519999980927	-0.52234840393066	-0.56287175416946	73.000000000000	0.0000000000000
3.8559999465942	-0.52413558959961	-0.56082218885422	73.000000000000	0.0000000000000
3.8599998950958	-0.52590316534042	-0.55857801437378	73.000000000000	0.0000000000000
3.8640000820160	-0.52761226892471	-0.55612927675247	73.000000000000	0.0000000000000
3.8680000305176	-0.52922087907791	-0.55347436666489	73.000000000000	0.0000000000000
3.8719999790192	-0.53068631887436	-0.55061984062195	73.000000000000	0.0000000000000
3.8759999275208	-0.53196674585342	-0.54758065938950	73.000000000000	0.0000000000000
3.8800001144409	-0.53302216529846	-0.54438030719757	73.000000000000	0.0000000000000
3.8840000629425	-0.53381788730621	-0.54104977846146	73.000000000000	0.0000000000000
3.8880000114441	-0.53432303667068	-0.53762751817703	73.000000000000	0.0000000000000
3.8919999599457	-0.53451514244080	-0.53415721654892	73.000000000000	0.0000000000000
3.8959999084473	-0.53437852859497	-0.53068822622299	73.000000000000	0.0000000000000
3.9000000953674	-0.53390741348267	-0.52727180719376	73.000000000000	0.0000000000000
3.9040000438690	-0.53310430049896	-0.52396160364151	73.000000000000	0.0000000000000
3.9079999923706	-0.53198170661926	-0.52081048488617	73.000000000000	0.0000000000000
3.9119999408722	-0.53056168556213	-0.51786923408508	73.000000000000	0.0000000000000
3.9159998893738	-0.52887493371964	-0.51518470048904	73.000000000000	0.0000000000000
3.9200000762939	-0.52696120738983	-0.51279836893082	73.000000000000	0.0000000000000
3.9240000247955	-0.52486616373062	-0.51074451208115	73.000000000000	0.0000000000000
3.9279999732971	-0.52264171838760	-0.50904965400696	73.000000000000	0.0000000000000
3.9319999217987	-0.52034443616867	-0.50773060321808	73.000000000000	0.0000000000000
3.9360001087189	-0.51803290843964	-0.50679481029510	73.000000000000	0.0000000000000
3.9400000572205	-0.51576626300812	-0.50623905658722	73.000000000000	0.0000000000000
3.9440000057220	-0.51360225677490	-0.50605064630508	73.000000000000	0.0000000000000
3.9479999542236	-0.51159656047821	-0.50620633363724	73.000000000000	0.0000000000000
3.9519999027252	-0.50979906320572	-0.50667464733124	73.000000000000	0.0000000000000
3.9560000896454	-0.50825369358063	-0.50741517543793	73.000000000000	0.0000000000000
3.9600000381470	-0.50699692964554	-0.50838148593903	73.000000000000	0.0000000000000
3.9639999866486	-0.50605624914169	-0.50952142477036	73.000000000000	0.0000000000000
3.9679999351501	-0.50544947385788	-0.51077973842621	73.000000000000	0.0000000000000
3.9719998836517	-0.50518488883972	-0.51209878921509	73.000000000000	0.0000000000000
3.9760000705719	-0.50526028871536	-0.51342135667801	73.000000000000	0.0000000000000
3.9800000190735	-0.50566387176514	-0.51469236612320	73.000000000000	0.0000000000000
3.9839999675751	-0.50637459754944	-0.51585990190506	73.000000000000	0.0000000000000
3.9879999160767	-0.50736296176910	-0.51687753200531	73.000000000000	0.0000000000000
3.9920001029968	-0.50859266519547	-0.51770538091660	73.000000000000	0.0000000000000
3.9960000514984	-0.51002109050751	-0.51831132173538	73.000000000000	0.0000000000000
4.0000000000000	-0.51160192489624	-0.51867175102234	73.000000000000	0.0000000000000
