#Parameters = {D=8; L=80; d_a=10; e_m=9; e_s=30; gap=1.5; m_x=30; m_y=40; m_z=100; mu_m=1; mu_s=1; s_d=2}
#"Frequency / GHz"	"S1,1 [Re]"	"S1,1 [Im]"	"Ref.Imp. [Re]"	"Ref.Imp. [Im]"
#-------------------------------------------------------------------------
0.0000000000000	1.0000000000000	-0.0000000000000	73.000000000000	0.0000000000000
0.0040000001899898	0.99992501735687	-0.011498214676976	73.000000000000	0.0000000000000
0.0080000003799796	0.99970048666000	-0.022993449121714	73.000000000000	0.0000000000000
0.012000000104308	0.99932640790939	-0.034482728689909	73.000000000000	0.0000000000000
0.016000000759959	0.99880319833755	-0.045963108539581	73.000000000000	0.0000000000000
0.019999999552965	0.99813139438629	-0.057431664317846	73.000000000000	0.0000000000000
0.024000000208616	0.99731153249741	-0.068885549902916	73.000000000000	0.0000000000000
0.028000000864267	0.99634462594986	-0.080321922898293	73.000000000000	0.0000000000000
0.032000001519918	0.99523127079010	-0.091738052666187	73.000000000000	0.0000000000000
0.035999998450279	0.99397283792496	-0.10313127189875	73.000000000000	0.0000000000000
0.039999999105930	0.99257016181946	-0.11449898034334	73.000000000000	0.0000000000000
0.043999999761581	0.99102455377579	-0.12583868205547	73.000000000000	0.0000000000000
0.048000000417233	0.98933738470078	-0.13714799284935	73.000000000000	0.0000000000000
0.052000001072884	0.98751032352448	-0.14842462539673	73.000000000000	0.0000000000000
0.056000001728535	0.98554462194443	-0.15966641902924	73.000000000000	0.0000000000000
0.059999998658895	0.98344212770462	-0.17087133228779	73.000000000000	0.0000000000000
0.064000003039837	0.98120415210724	-0.18203745782375	73.000000000000	0.0000000000000
0.068000003695488	0.97883290052414	-0.19316300749779	73.000000000000	0.0000000000000
0.071999996900558	0.97632962465286	-0.20424631237984	73.000000000000	0.0000000000000
0.075999997556210	0.97369658946991	-0.21528594195843	73.000000000000	0.0000000000000
0.079999998211861	0.97093540430069	-0.22628043591976	73.000000000000	0.0000000000000
0.083999998867512	0.96804773807526	-0.23722861707211	73.000000000000	0.0000000000000
0.087999999523163	0.96503573656082	-0.24812945723534	73.000000000000	0.0000000000000
0.092000000178814	0.96190100908279	-0.25898194313049	73.000000000000	0.0000000000000
0.096000000834465	0.95864528417587	-0.26978528499603	73.000000000000	0.0000000000000
0.10000000149012	0.95527046918869	-0.28053891658783	73.000000000000	0.0000000000000
0.10400000214577	0.95177811384201	-0.29124215245247	73.000000000000	0.0000000000000
0.10800000280142	0.94816994667053	-0.30189469456673	73.000000000000	0.0000000000000
0.11200000345707	0.94444733858109	-0.31249630451202	73.000000000000	0.0000000000000
0.11599999666214	0.94061195850372	-0.32304674386978	73.000000000000	0.0000000000000
0.11999999731779	0.93666505813599	-0.33354601264000	73.000000000000	0.0000000000000
0.12399999797344	0.93260806798935	-0.34399414062500	73.000000000000	0.0000000000000
0.12800000607967	0.92844194173813	-0.35439127683640	73.000000000000	0.0000000000000
0.13199999928474	0.92416787147522	-0.36473765969276	73.000000000000	0.0000000000000
0.13600000739098	0.91978669166565	-0.37503355741501	73.000000000000	0.0000000000000
0.14000000059605	0.91529923677444	-0.38527944684029	73.000000000000	0.0000000000000
0.14399999380112	0.91070610284805	-0.39547562599182	73.000000000000	0.0000000000000
0.14800000190735	0.90600770711899	-0.40562260150909	73.000000000000	0.0000000000000
0.15199999511242	0.90120458602905	-0.41572085022926	73.000000000000	0.0000000000000
0.15600000321865	0.89629691839218	-0.42577093839645	73.000000000000	0.0000000000000
0.15999999642372	0.89128452539444	-0.43577325344086	73.000000000000	0.0000000000000
0.16400000452995	0.88616758584976	-0.44572836160660	73.000000000000	0.0000000000000
0.16799999773502	0.88094568252563	-0.45563679933548	73.000000000000	0.0000000000000
0.17200000584126	0.87561821937561	-0.46549883484840	73.000000000000	0.0000000000000
0.17599999904633	0.87018495798111	-0.47531506419182	73.000000000000	0.0000000000000
0.18000000715256	0.86464500427246	-0.48508563637733	73.000000000000	0.0000000000000
0.18400000035763	0.85899740457535	-0.49481087923050	73.000000000000	0.0000000000000
0.18799999356270	0.85324132442474	-0.50449091196060	73.000000000000	0.0000000000000
0.19200000166893	0.84737557172775	-0.51412588357925	73.000000000000	0.0000000000000
0.19599999487400	0.84139871597290	-0.52371561527252	73.000000000000	0.0000000000000
0.20000000298023	0.83530944585800	-0.53326004743576	73.000000000000	0.0000000000000
0.20399999618530	0.82910639047623	-0.54275876283646	73.000000000000	0.0000000000000
0.20800000429153	0.82278758287430	-0.55221140384674	73.000000000000	0.0000000000000
0.21199999749660	0.81635171175003	-0.56161719560623	73.000000000000	0.0000000000000
0.21600000560284	0.80979669094086	-0.57097566127777	73.000000000000	0.0000000000000
0.21999999880791	0.80312067270279	-0.58028566837311	73.000000000000	0.0000000000000
0.22400000691414	0.79632192850113	-0.58954596519470	73.000000000000	0.0000000000000
0.22800000011921	0.78939825296402	-0.59875541925430	73.000000000000	0.0000000000000
0.23199999332428	0.78234767913818	-0.60791248083115	73.000000000000	0.0000000000000
0.23600000143051	0.77516824007034	-0.61701542139053	73.000000000000	0.0000000000000
0.23999999463558	0.76785784959793	-0.62606233358383	73.000000000000	0.0000000000000
0.24400000274181	0.76041442155838	-0.63505113124847	73.000000000000	0.0000000000000
0.24799999594688	0.75283592939377	-0.64397954940796	73.000000000000	0.0000000000000
0.25200000405312	0.74512070417404	-0.65284502506256	73.000000000000	0.0000000000000
0.25600001215935	0.73726630210876	-0.66164463758469	73.000000000000	0.0000000000000
0.25999999046326	0.72927123308182	-0.67037576436996	73.000000000000	0.0000000000000
0.26399999856949	0.72113370895386	-0.67903512716293	73.000000000000	0.0000000000000
0.26800000667572	0.71285188198090	-0.68761938810349	73.000000000000	0.0000000000000
0.27200001478195	0.70442414283752	-0.69612509012222	73.000000000000	0.0000000000000
0.27599999308586	0.69584935903549	-0.70454835891724	73.000000000000	0.0000000000000
0.28000000119209	0.68712568283081	-0.71288561820984	73.000000000000	0.0000000000000
0.28400000929832	0.67825245857239	-0.72113239765167	73.000000000000	0.0000000000000
0.28799998760223	0.66922855377197	-0.72928464412689	73.000000000000	0.0000000000000
0.29199999570847	0.66005319356918	-0.73733800649643	73.000000000000	0.0000000000000
0.29600000381470	0.65072530508041	-0.74528789520264	73.000000000000	0.0000000000000
0.30000001192093	0.64124518632889	-0.75312960147858	73.000000000000	0.0000000000000
0.30399999022484	0.63161182403564	-0.76085841655731	73.000000000000	0.0000000000000
0.30799999833107	0.62182581424713	-0.76846933364868	73.000000000000	0.0000000000000
0.31200000643730	0.61188703775406	-0.77595734596252	73.000000000000	0.0000000000000
0.31600001454353	0.60179644823074	-0.78331732749939	73.000000000000	0.0000000000000
0.31999999284744	0.59155386686325	-0.79054421186447	73.000000000000	0.0000000000000
0.32400000095367	0.58116096258163	-0.79763263463974	73.000000000000	0.0000000000000
0.32800000905991	0.57061851024628	-0.80457741022110	73.000000000000	0.0000000000000
0.33199998736382	0.55992823839188	-0.81137329339981	73.000000000000	0.0000000000000
0.33599999547005	0.54909169673920	-0.81801486015320	73.000000000000	0.0000000000000
0.34000000357628	0.53811091184616	-0.82449692487717	73.000000000000	0.0000000000000
0.34400001168251	0.52698773145676	-0.83081394433975	73.000000000000	0.0000000000000
0.34799998998642	0.51572507619858	-0.83696103096008	73.000000000000	0.0000000000000
0.35199999809265	0.50432562828064	-0.84293282032013	73.000000000000	0.0000000000000
0.35600000619888	0.49279224872589	-0.84872412681580	73.000000000000	0.0000000000000
0.36000001430511	0.48112806677818	-0.85433006286621	73.000000000000	0.0000000000000
0.36399999260902	0.46933639049530	-0.85974538326263	73.000000000000	0.0000000000000
0.36800000071526	0.45742148160934	-0.86496555805206	73.000000000000	0.0000000000000
0.37200000882149	0.44538682699203	-0.86998564004898	73.000000000000	0.0000000000000
0.37599998712540	0.43323659896851	-0.87480121850967	73.000000000000	0.0000000000000
0.37999999523163	0.42097550630569	-0.87940776348114	73.000000000000	0.0000000000000
0.38400000333786	0.40860748291016	-0.88380104303360	73.000000000000	0.0000000000000
0.38800001144409	0.39613807201385	-0.88797688484192	73.000000000000	0.0000000000000
0.39199998974800	0.38357135653496	-0.89193141460419	73.000000000000	0.0000000000000
0.39599999785423	0.37091317772865	-0.89566093683243	73.000000000000	0.0000000000000
0.40000000596046	0.35816857218742	-0.89916175603867	73.000000000000	0.0000000000000
0.40400001406670	0.34534275531769	-0.90243077278137	73.000000000000	0.0000000000000
0.40799999237061	0.33244180679321	-0.90546482801437	73.000000000000	0.0000000000000
0.41200000047684	0.31947079300880	-0.90826106071472	73.000000000000	0.0000000000000
0.41600000858307	0.30643582344055	-0.91081678867340	73.000000000000	0.0000000000000
0.41999998688698	0.29334285855293	-0.91312944889069	73.000000000000	0.0000000000000
0.42399999499321	0.28019744157791	-0.91519695520401	73.000000000000	0.0000000000000
0.42800000309944	0.26700606942177	-0.91701745986938	73.000000000000	0.0000000000000
0.43200001120567	0.25377449393272	-0.91858899593353	73.000000000000	0.0000000000000
0.43599998950958	0.24050891399384	-0.91991037130356	73.000000000000	0.0000000000000
0.43999999761581	0.22721529006958	-0.92098015546799	73.000000000000	0.0000000000000
0.44400000572205	0.21389991044998	-0.92179727554321	73.000000000000	0.0000000000000
0.44800001382828	0.20056881010532	-0.92236107587814	73.000000000000	0.0000000000000
0.45199999213219	0.18722838163376	-0.92267096042633	73.000000000000	0.0000000000000
0.45600000023842	0.17388422787189	-0.92272645235062	73.000000000000	0.0000000000000
0.46000000834465	0.16054265201092	-0.92252737283707	73.000000000000	0.0000000000000
0.46399998664856	0.14720949530602	-0.92207401990891	73.000000000000	0.0000000000000
0.46799999475479	0.13389082252979	-0.92136639356613	73.000000000000	0.0000000000000
0.47200000286102	0.12059225887060	-0.92040514945984	73.000000000000	0.0000000000000
0.47600001096725	0.10731964558363	-0.91919076442719	73.000000000000	0.0000000000000
0.47999998927116	0.094078801572323	-0.91772407293320	73.000000000000	0.0000000000000
0.48399999737740	0.080874897539616	-0.91600608825684	73.000000000000	0.0000000000000
0.48800000548363	0.067713476717472	-0.91403776407242	73.000000000000	0.0000000000000
0.49200001358986	0.054600298404694	-0.91182035207748	73.000000000000	0.0000000000000
0.49599999189377	0.041540209203959	-0.90935540199280	73.000000000000	0.0000000000000
0.50000000000000	0.028538025915623	-0.90664410591125	73.000000000000	0.0000000000000
0.50400000810623	0.015599410980940	-0.90368807315826	73.000000000000	0.0000000000000
0.50800001621246	0.0027284675743431	-0.90048927068710	73.000000000000	0.0000000000000
0.51200002431870	-0.010069436393678	-0.89704912900925	73.000000000000	0.0000000000000
0.51599997282028	-0.022790044546127	-0.89336955547333	73.000000000000	0.0000000000000
0.51999998092651	-0.035428903996944	-0.88945239782333	73.000000000000	0.0000000000000
0.52399998903275	-0.047981608659029	-0.88529962301254	73.000000000000	0.0000000000000
0.52799999713898	-0.060443971306086	-0.88091301918030	73.000000000000	0.0000000000000
0.53200000524521	-0.072811618447304	-0.87629467248917	73.000000000000	0.0000000000000
0.53600001335144	-0.085080385208130	-0.87144654989243	73.000000000000	0.0000000000000
0.54000002145767	-0.097247436642647	-0.86637061834335	73.000000000000	0.0000000000000
0.54400002956390	-0.10930797457695	-0.86106872558594	73.000000000000	0.0000000000000
0.54799997806549	-0.12125810980797	-0.85554295778275	73.000000000000	0.0000000000000
0.55199998617172	-0.13309553265572	-0.84979510307312	73.000000000000	0.0000000000000
0.55599999427795	-0.14481505751610	-0.84382718801498	73.000000000000	0.0000000000000
0.56000000238419	-0.15641392767429	-0.83764094114304	73.000000000000	0.0000000000000
0.56400001049042	-0.16788856685162	-0.83123826980591	73.000000000000	0.0000000000000
0.56800001859665	-0.17923492193222	-0.82462108135223	73.000000000000	0.0000000000000
0.57200002670288	-0.19045048952103	-0.81779086589813	73.000000000000	0.0000000000000
0.57599997520447	-0.20153154432774	-0.81074947118759	73.000000000000	0.0000000000000
0.57999998331070	-0.21247462928295	-0.80349850654602	73.000000000000	0.0000000000000
0.58399999141693	-0.22327622771263	-0.79603934288025	73.000000000000	0.0000000000000
0.58799999952316	-0.23393315076828	-0.78837376832962	73.000000000000	0.0000000000000
0.59200000762939	-0.24444174766541	-0.78050327301025	73.000000000000	0.0000000000000
0.59600001573563	-0.25479853153229	-0.77242916822433	73.000000000000	0.0000000000000
0.60000002384186	-0.26500001549721	-0.76415294408798	73.000000000000	0.0000000000000
0.60399997234344	-0.27504220604897	-0.75567609071732	73.000000000000	0.0000000000000
0.60799998044968	-0.28492161631584	-0.74699991941452	73.000000000000	0.0000000000000
0.61199998855591	-0.29463472962379	-0.73812568187714	73.000000000000	0.0000000000000
0.61599999666214	-0.30417710542679	-0.72905480861664	73.000000000000	0.0000000000000
0.62000000476837	-0.31354489922523	-0.71978873014450	73.000000000000	0.0000000000000
0.62400001287460	-0.32273408770561	-0.71032881736755	73.000000000000	0.0000000000000
0.62800002098083	-0.33174046874046	-0.70067632198334	73.000000000000	0.0000000000000
0.63200002908707	-0.34055966138840	-0.69083267450333	73.000000000000	0.0000000000000
0.63599997758865	-0.34918683767319	-0.68079966306686	73.000000000000	0.0000000000000
0.63999998569489	-0.35761791467667	-0.67057842016220	73.000000000000	0.0000000000000
0.64399999380112	-0.36584734916687	-0.66017109155655	73.000000000000	0.0000000000000
0.64800000190735	-0.37387046217918	-0.64957940578461	73.000000000000	0.0000000000000
0.65200001001358	-0.38168257474899	-0.63880467414856	73.000000000000	0.0000000000000
0.65600001811981	-0.38927799463272	-0.62784945964813	73.000000000000	0.0000000000000
0.66000002622604	-0.39665138721466	-0.61671566963196	73.000000000000	0.0000000000000
0.66399997472763	-0.40379729866982	-0.60540574789047	73.000000000000	0.0000000000000
0.66799998283386	-0.41071015596390	-0.59392213821411	73.000000000000	0.0000000000000
0.67199999094009	-0.41738381981850	-0.58226782083511	73.000000000000	0.0000000000000
0.67599999904633	-0.42381283640862	-0.57044512033463	73.000000000000	0.0000000000000
0.68000000715256	-0.42999091744423	-0.55845767259598	73.000000000000	0.0000000000000
0.68400001525879	-0.43591189384460	-0.54630869626999	73.000000000000	0.0000000000000
0.68800002336502	-0.44156956672668	-0.53400212526321	73.000000000000	0.0000000000000
0.69199997186661	-0.44695779681206	-0.52154147624969	73.000000000000	0.0000000000000
0.69599997997284	-0.45206996798515	-0.50893139839172	73.000000000000	0.0000000000000
0.69999998807907	-0.45689958333969	-0.49617615342140	73.000000000000	0.0000000000000
0.70399999618530	-0.46144026517868	-0.48328086733818	73.000000000000	0.0000000000000
0.70800000429153	-0.46568566560745	-0.47025069594383	73.000000000000	0.0000000000000
0.71200001239777	-0.46962895989418	-0.45709109306335	73.000000000000	0.0000000000000
0.71600002050400	-0.47326385974884	-0.44380801916122	73.000000000000	0.0000000000000
0.72000002861023	-0.47658380866051	-0.43040788173676	73.000000000000	0.0000000000000
0.72399997711182	-0.47958245873451	-0.41689720749855	73.000000000000	0.0000000000000
0.72799998521805	-0.48225358128548	-0.40328311920166	73.000000000000	0.0000000000000
0.73199999332428	-0.48459115624428	-0.38957273960114	73.000000000000	0.0000000000000
0.73600000143051	-0.48658853769302	-0.37577435374260	73.000000000000	0.0000000000000
0.74000000953674	-0.48824033141136	-0.36189576983452	73.000000000000	0.0000000000000
0.74400001764297	-0.48954066634178	-0.34794586896896	73.000000000000	0.0000000000000
0.74800002574921	-0.49048385024071	-0.33393341302872	73.000000000000	0.0000000000000
0.75199997425079	-0.49106466770172	-0.31986787915230	73.000000000000	0.0000000000000
0.75599998235703	-0.49127808213234	-0.30575898289680	73.000000000000	0.0000000000000
0.75999999046326	-0.49111947417259	-0.29161658883095	73.000000000000	0.0000000000000
0.76399999856949	-0.49058413505554	-0.27745157480240	73.000000000000	0.0000000000000
0.76800000667572	-0.48966807126999	-0.26327452063560	73.000000000000	0.0000000000000
0.77200001478195	-0.48836758732796	-0.24909669160843	73.000000000000	0.0000000000000
0.77600002288818	-0.48667898774147	-0.23492972552776	73.000000000000	0.0000000000000
0.77999997138977	-0.48459967970848	-0.22078509628773	73.000000000000	0.0000000000000
0.78399997949600	-0.48212689161301	-0.20667509734631	73.000000000000	0.0000000000000
0.78799998760223	-0.47925868630409	-0.19261212646961	73.000000000000	0.0000000000000
0.79199999570847	-0.47599312663078	-0.17860904335976	73.000000000000	0.0000000000000
0.79600000381470	-0.47232943773270	-0.16467858850956	73.000000000000	0.0000000000000
0.80000001192093	-0.46826684474945	-0.15083369612694	73.000000000000	0.0000000000000
0.80400002002716	-0.46380525827408	-0.13708792626858	73.000000000000	0.0000000000000
0.80800002813339	-0.45894521474838	-0.12345474213362	73.000000000000	0.0000000000000
0.81199997663498	-0.45368763804436	-0.10994756966829	73.000000000000	0.0000000000000
0.81599998474121	-0.44803428649902	-0.096580281853676	73.000000000000	0.0000000000000
0.81999999284744	-0.44198721647263	-0.083366602659225	73.000000000000	0.0000000000000
0.82400000095367	-0.43554934859276	-0.070320554077625	73.000000000000	0.0000000000000
0.82800000905991	-0.42872405052185	-0.057455774396658	73.000000000000	0.0000000000000
0.83200001716614	-0.42151543498039	-0.044786144047976	73.000000000000	0.0000000000000
0.83600002527237	-0.41392812132835	-0.032325681298971	73.000000000000	0.0000000000000
0.83999997377396	-0.40596732497215	-0.020088071003556	73.000000000000	0.0000000000000
0.84399998188019	-0.39763909578323	-0.0080867456272244	73.000000000000	0.0000000000000
0.84799998998642	-0.38894990086555	0.0036647852975875	73.000000000000	0.0000000000000
0.85199999809265	-0.37990701198578	0.015153085812926	73.000000000000	0.0000000000000
0.85600000619888	-0.37051808834076	0.026365110650659	73.000000000000	0.0000000000000
0.86000001430511	-0.36079168319702	0.037288069725037	73.000000000000	0.0000000000000
0.86400002241135	-0.35073676705360	0.047909356653690	73.000000000000	0.0000000000000
0.86799997091293	-0.34036287665367	0.058216858655214	73.000000000000	0.0000000000000
0.87199997901917	-0.32968023419380	0.068198658525944	73.000000000000	0.0000000000000
0.87599998712540	-0.31869977712631	0.077843122184277	73.000000000000	0.0000000000000
0.87999999523163	-0.30743256211281	0.087139375507832	73.000000000000	0.0000000000000
0.88400000333786	-0.29589062929153	0.096076600253582	73.000000000000	0.0000000000000
0.88800001144409	-0.28408619761467	0.10464476794004	73.000000000000	0.0000000000000
0.89200001955032	-0.27203223109245	0.11283405125141	73.000000000000	0.0000000000000
0.89600002765656	-0.25974199175835	0.12063549458981	73.000000000000	0.0000000000000
0.89999997615814	-0.24722927808762	0.12804034352303	73.000000000000	0.0000000000000
0.90399998426437	-0.23450812697411	0.13504074513912	73.000000000000	0.0000000000000
0.90799999237061	-0.22159321606159	0.14162921905518	73.000000000000	0.0000000000000
0.91200000047684	-0.20849928259850	0.14779908955097	73.000000000000	0.0000000000000
0.91600000858307	-0.19524174928665	0.15354408323765	73.000000000000	0.0000000000000
0.92000001668930	-0.18183599412441	0.15885888040066	73.000000000000	0.0000000000000
0.92400002479553	-0.16829770803452	0.16373868286610	73.000000000000	0.0000000000000
0.92799997329712	-0.15464298427105	0.16817936301231	73.000000000000	0.0000000000000
0.93199998140335	-0.14088793098927	0.17217752337456	73.000000000000	0.0000000000000
0.93599998950958	-0.12704883515835	0.17573055624962	73.000000000000	0.0000000000000
0.93999999761581	-0.11314219236374	0.17883647978306	73.000000000000	0.0000000000000
0.94400000572205	-0.099184349179268	0.18149411678314	73.000000000000	0.0000000000000
0.94800001382828	-0.085191883146763	0.18370293080807	73.000000000000	0.0000000000000
0.95200002193451	-0.071181342005730	0.18546323478222	73.000000000000	0.0000000000000
0.95599997043610	-0.057169198989868	0.18677598237991	73.000000000000	0.0000000000000
0.95999997854233	-0.043171711266041	0.18764290213585	73.000000000000	0.0000000000000
0.96399998664856	-0.029205294325948	0.18806640803814	73.000000000000	0.0000000000000
0.96799999475479	-0.015285993926227	0.18804968893528	73.000000000000	0.0000000000000
0.97200000286102	-0.0014297273010015	0.18759661912918	73.000000000000	0.0000000000000
0.97600001096725	0.012347764335573	0.18671171367168	73.000000000000	0.0000000000000
0.98000001907349	0.026031123474240	0.18540023267269	73.000000000000	0.0000000000000
0.98400002717972	0.039605166763067	0.18366810679436	73.000000000000	0.0000000000000
0.98799997568130	0.053055193275213	0.18152189254761	73.000000000000	0.0000000000000
0.99199998378754	0.066366612911224	0.17896875739098	73.000000000000	0.0000000000000
0.99599999189377	0.079525500535965	0.17601649463177	73.000000000000	0.0000000000000
1.0000000000000	0.092518262565136	0.17267349362373	73.000000000000	0.0000000000000
1.0039999485016	0.10533171892166	0.16894872486591	73.000000000000	0.0000000000000
1.0080000162125	0.11795316636562	0.16485157608986	73.000000000000	0.0000000000000
1.0119999647141	0.13037049770355	0.16039210557938	73.000000000000	0.0000000000000
1.0160000324249	0.14257203042507	0.15558071434498	73.000000000000	0.0000000000000
1.0199999809265	0.15454670786858	0.15042832493782	73.000000000000	0.0000000000000
1.0240000486374	0.16628403961658	0.14494624733925	73.000000000000	0.0000000000000
1.0279999971390	0.17777405679226	0.13914617896080	73.000000000000	0.0000000000000
1.0319999456406	0.18900747597218	0.13304013013840	73.000000000000	0.0000000000000
1.0360000133514	0.19997563958168	0.12664049863815	73.000000000000	0.0000000000000
1.0399999618530	0.21067042648792	0.11995992064476	73.000000000000	0.0000000000000
1.0440000295639	0.22108443081379	0.11301126331091	73.000000000000	0.0000000000000
1.0479999780655	0.23121091723442	0.10580761730671	73.000000000000	0.0000000000000
1.0520000457764	0.24104374647141	0.098362274467945	73.000000000000	0.0000000000000
1.0559999942780	0.25057741999626	0.090688608586788	73.000000000000	0.0000000000000
1.0599999427795	0.25980725884438	0.082800135016441	73.000000000000	0.0000000000000
1.0640000104904	0.26872900128365	0.074710436165333	73.000000000000	0.0000000000000
1.0679999589920	0.27733922004700	0.066433116793633	73.000000000000	0.0000000000000
1.0720000267029	0.28563508391380	0.057981766760349	73.000000000000	0.0000000000000
1.0759999752045	0.29361438751221	0.049369964748621	73.000000000000	0.0000000000000
1.0800000429153	0.30127564072609	0.040611203759909	73.000000000000	0.0000000000000
1.0839999914169	0.30861786007881	0.031718876212835	73.000000000000	0.0000000000000
1.0880000591278	0.31564077734947	0.022706236690283	73.000000000000	0.0000000000000
1.0920000076294	0.32234469056129	0.013586372137070	73.000000000000	0.0000000000000
1.0959999561310	0.32873040437698	0.0043721836991608	73.000000000000	0.0000000000000
1.1000000238419	0.33479943871498	-0.0049236589111388	73.000000000000	0.0000000000000
1.1039999723434	0.34055376052856	-0.014288736507297	73.000000000000	0.0000000000000
1.1080000400543	0.34599590301514	-0.023710960522294	73.000000000000	0.0000000000000
1.1119999885559	0.35112881660461	-0.033178392797709	73.000000000000	0.0000000000000
1.1160000562668	0.35595607757568	-0.042679615318775	73.000000000000	0.0000000000000
1.1200000047684	0.36048167943954	-0.052203197032213	73.000000000000	0.0000000000000
1.1239999532700	0.36470991373062	-0.061738736927509	73.000000000000	0.0000000000000
1.1280000209808	0.36864572763443	-0.071275390684605	73.000000000000	0.0000000000000
1.1319999694824	0.37229418754578	-0.080803461372852	73.000000000000	0.0000000000000
1.1360000371933	0.37566092610359	-0.090313211083412	73.000000000000	0.0000000000000
1.1399999856949	0.37875172495842	-0.099795438349247	73.000000000000	0.0000000000000
1.1440000534058	0.38157287240028	-0.10924141854048	73.000000000000	0.0000000000000
1.1480000019073	0.38413074612617	-0.11864281445742	73.000000000000	0.0000000000000
1.1519999504089	0.38643205165863	-0.12799182534218	73.000000000000	0.0000000000000
1.1560000181198	0.38848370313644	-0.13728097081184	73.000000000000	0.0000000000000
1.1599999666214	0.39029276371002	-0.14650337398052	73.000000000000	0.0000000000000
1.1640000343323	0.39186644554138	-0.15565253794193	73.000000000000	0.0000000000000
1.1679999828339	0.39321222901344	-0.16472247242928	73.000000000000	0.0000000000000
1.1720000505447	0.39433753490448	-0.17370761930943	73.000000000000	0.0000000000000
1.1759999990463	0.39524993300438	-0.18260288238525	73.000000000000	0.0000000000000
1.1799999475479	0.39595702290535	-0.19140362739563	73.000000000000	0.0000000000000
1.1840000152588	0.39646646380424	-0.20010569691658	73.000000000000	0.0000000000000
1.1879999637604	0.39678585529327	-0.20870532095432	73.000000000000	0.0000000000000
1.1920000314713	0.39692279696465	-0.21719917654991	73.000000000000	0.0000000000000
1.1959999799728	0.39688479900360	-0.22558434307575	73.000000000000	0.0000000000000
1.2000000476837	0.39667946100235	-0.23385837674141	73.000000000000	0.0000000000000
1.2039999961853	0.39631408452988	-0.24201919138432	73.000000000000	0.0000000000000
1.2079999446869	0.39579600095749	-0.25006499886513	73.000000000000	0.0000000000000
1.2120000123978	0.39513233304024	-0.25799450278282	73.000000000000	0.0000000000000
1.2159999608994	0.39433008432388	-0.26580673456192	73.000000000000	0.0000000000000
1.2200000286102	0.39339607954025	-0.27350094914436	73.000000000000	0.0000000000000
1.2239999771118	0.39233696460724	-0.28107687830925	73.000000000000	0.0000000000000
1.2280000448227	0.39115926623344	-0.28853443264961	73.000000000000	0.0000000000000
1.2319999933243	0.38986927270889	-0.29587388038635	73.000000000000	0.0000000000000
1.2359999418259	0.38847294449806	-0.30309563875198	73.000000000000	0.0000000000000
1.2400000095367	0.38697612285614	-0.31020045280457	73.000000000000	0.0000000000000
1.2439999580383	0.38538452982903	-0.31718936562538	73.000000000000	0.0000000000000
1.2480000257492	0.38370332121849	-0.32406339049339	73.000000000000	0.0000000000000
1.2519999742508	0.38193780183792	-0.33082401752472	73.000000000000	0.0000000000000
1.2560000419617	0.38009271025658	-0.33747258782387	73.000000000000	0.0000000000000
1.2599999904633	0.37817275524139	-0.34401088953018	73.000000000000	0.0000000000000
1.2640000581741	0.37618222832680	-0.35044059157372	73.000000000000	0.0000000000000
1.2680000066757	0.37412536144257	-0.35676360130310	73.000000000000	0.0000000000000
1.2719999551773	0.37200596928596	-0.36298194527626	73.000000000000	0.0000000000000
1.2760000228882	0.36982768774033	-0.36909753084183	73.000000000000	0.0000000000000
1.2799999713898	0.36759400367737	-0.37511250376701	73.000000000000	0.0000000000000
1.2840000391006	0.36530792713165	-0.38102898001671	73.000000000000	0.0000000000000
1.2879999876022	0.36297246813774	-0.38684913516045	73.000000000000	0.0000000000000
1.2920000553131	0.36059030890465	-0.39257502555847	73.000000000000	0.0000000000000
1.2960000038147	0.35816401243210	-0.39820882678032	73.000000000000	0.0000000000000
1.2999999523163	0.35569584369659	-0.40375277400017	73.000000000000	0.0000000000000
1.3040000200272	0.35318776965141	-0.40920871496201	73.000000000000	0.0000000000000
1.3079999685287	0.35064193606377	-0.41457885503769	73.000000000000	0.0000000000000
1.3120000362396	0.34805983304977	-0.41986510157585	73.000000000000	0.0000000000000
1.3159999847412	0.34544318914413	-0.42506930232048	73.000000000000	0.0000000000000
1.3200000524521	0.34279343485832	-0.43019345402718	73.000000000000	0.0000000000000
1.3240000009537	0.34011179208755	-0.43523916602135	73.000000000000	0.0000000000000
1.3279999494553	0.33739942312241	-0.44020819664001	73.000000000000	0.0000000000000
1.3320000171661	0.33465719223022	-0.44510194659233	73.000000000000	0.0000000000000
1.3359999656677	0.33188635110855	-0.44992202520370	73.000000000000	0.0000000000000
1.3400000333786	0.32908755540848	-0.45466971397400	73.000000000000	0.0000000000000
1.3439999818802	0.32626140117645	-0.45934632420540	73.000000000000	0.0000000000000
1.3480000495911	0.32340893149376	-0.46395298838615	73.000000000000	0.0000000000000
1.3519999980927	0.32053050398827	-0.46849071979523	73.000000000000	0.0000000000000
1.3559999465942	0.31762695312500	-0.47296056151390	73.000000000000	0.0000000000000
1.3600000143051	0.31469860672951	-0.47736322879791	73.000000000000	0.0000000000000
1.3639999628067	0.31174609065056	-0.48169958591461	73.000000000000	0.0000000000000
1.3680000305176	0.30877000093460	-0.48597016930580	73.000000000000	0.0000000000000
1.3719999790192	0.30577096343040	-0.49017551541328	73.000000000000	0.0000000000000
1.3760000467300	0.30274921655655	-0.49431619048119	73.000000000000	0.0000000000000
1.3799999952316	0.29970571398735	-0.49839243292809	73.000000000000	0.0000000000000
1.3839999437332	0.29664066433907	-0.50240468978882	73.000000000000	0.0000000000000
1.3880000114441	0.29355514049530	-0.50635302066803	73.000000000000	0.0000000000000
1.3919999599457	0.29044941067696	-0.51023769378662	73.000000000000	0.0000000000000
1.3960000276566	0.28732430934906	-0.51405888795853	73.000000000000	0.0000000000000
1.3999999761581	0.28418084979057	-0.51781648397446	73.000000000000	0.0000000000000
1.4040000438690	0.28101944923401	-0.52151060104370	73.000000000000	0.0000000000000
1.4079999923706	0.27784144878387	-0.52514117956161	73.000000000000	0.0000000000000
1.4119999408722	0.27464765310287	-0.52870833873749	73.000000000000	0.0000000000000
1.4160000085831	0.27143889665604	-0.53221189975739	73.000000000000	0.0000000000000
1.4199999570847	0.26821660995483	-0.53565180301666	73.000000000000	0.0000000000000
1.4240000247955	0.26498174667358	-0.53902810811996	73.000000000000	0.0000000000000
1.4279999732971	0.26173546910286	-0.54234063625336	73.000000000000	0.0000000000000
1.4320000410080	0.25847932696342	-0.54558956623077	73.000000000000	0.0000000000000
1.4359999895096	0.25521460175514	-0.54877483844757	73.000000000000	0.0000000000000
1.4400000572205	0.25194266438484	-0.55189645290375	73.000000000000	0.0000000000000
1.4440000057220	0.24866524338722	-0.55495458841324	73.000000000000	0.0000000000000
1.4479999542236	0.24538357555866	-0.55794942378998	73.000000000000	0.0000000000000
1.4520000219345	0.24209943413734	-0.56088119745255	73.000000000000	0.0000000000000
1.4559999704361	0.23881456255913	-0.56375014781952	73.000000000000	0.0000000000000
1.4600000381470	0.23553039133549	-0.56655669212341	73.000000000000	0.0000000000000
1.4639999866486	0.23224914073944	-0.56930136680603	73.000000000000	0.0000000000000
1.4680000543594	0.22897197306156	-0.57198446989059	73.000000000000	0.0000000000000
1.4720000028610	0.22570106387138	-0.57460689544678	73.000000000000	0.0000000000000
1.4759999513626	0.22243815660477	-0.57716917991638	73.000000000000	0.0000000000000
1.4800000190735	0.21918512880802	-0.57967233657837	73.000000000000	0.0000000000000
1.4839999675751	0.21594357490540	-0.58211714029312	73.000000000000	0.0000000000000
1.4880000352859	0.21271540224552	-0.58450472354889	73.000000000000	0.0000000000000
1.4919999837875	0.20950257778168	-0.58683604001999	73.000000000000	0.0000000000000
1.4960000514984	0.20630638301373	-0.58911246061325	73.000000000000	0.0000000000000
1.5000000000000	0.20312903821468	-0.59133529663086	73.000000000000	0.0000000000000
1.5039999485016	0.19997200369835	-0.59350609779358	73.000000000000	0.0000000000000
1.5080000162125	0.19683691859245	-0.59562623500824	73.000000000000	0.0000000000000
1.5119999647141	0.19372533261776	-0.59769743680954	73.000000000000	0.0000000000000
1.5160000324249	0.19063870608807	-0.59972137212753	73.000000000000	0.0000000000000
1.5199999809265	0.18757870793343	-0.60170000791550	73.000000000000	0.0000000000000
1.5240000486374	0.18454642593861	-0.60363513231277	73.000000000000	0.0000000000000
1.5279999971390	0.18154320120811	-0.60552889108658	73.000000000000	0.0000000000000
1.5319999456406	0.17857021093369	-0.60738319158554	73.000000000000	0.0000000000000
1.5360000133514	0.17562858760357	-0.60920035839081	73.000000000000	0.0000000000000
1.5399999618530	0.17271913588047	-0.61098253726959	73.000000000000	0.0000000000000
1.5440000295639	0.16984261572361	-0.61273205280304	73.000000000000	0.0000000000000
1.5479999780655	0.16700018942356	-0.61445116996765	73.000000000000	0.0000000000000
1.5520000457764	0.16419181227684	-0.61614233255386	73.000000000000	0.0000000000000
1.5559999942780	0.16141843795776	-0.61780798435211	73.000000000000	0.0000000000000
1.5599999427795	0.15868020057678	-0.61945056915283	73.000000000000	0.0000000000000
1.5640000104904	0.15597753226757	-0.62107259035110	73.000000000000	0.0000000000000
1.5679999589920	0.15331016480923	-0.62267649173737	73.000000000000	0.0000000000000
1.5720000267029	0.15067812800407	-0.62426477670670	73.000000000000	0.0000000000000
1.5759999752045	0.14808125793934	-0.62584000825882	73.000000000000	0.0000000000000
1.5800000429153	0.14551930129528	-0.62740457057953	73.000000000000	0.0000000000000
1.5839999914169	0.14299170672894	-0.62896102666855	73.000000000000	0.0000000000000
1.5880000591278	0.14049781858921	-0.63051176071167	73.000000000000	0.0000000000000
1.5920000076294	0.13803698122501	-0.63205909729004	73.000000000000	0.0000000000000
1.5959999561310	0.13560815155506	-0.63360553979874	73.000000000000	0.0000000000000
1.6000000238419	0.13321037590504	-0.63515317440033	73.000000000000	0.0000000000000
1.6039999723434	0.13084256649017	-0.63670432567596	73.000000000000	0.0000000000000
1.6080000400543	0.12850354611874	-0.63826131820679	73.000000000000	0.0000000000000
1.6119999885559	0.12619176506996	-0.63982599973679	73.000000000000	0.0000000000000
1.6160000562668	0.12390578538179	-0.64140039682388	73.000000000000	0.0000000000000
1.6200000047684	0.12164399772882	-0.64298653602600	73.000000000000	0.0000000000000
1.6239999532700	0.11940471827984	-0.64458620548248	73.000000000000	0.0000000000000
1.6280000209808	0.11718621104956	-0.64620089530945	73.000000000000	0.0000000000000
1.6319999694824	0.11498656123877	-0.64783245325089	73.000000000000	0.0000000000000
1.6360000371933	0.11280378699303	-0.64948213100433	73.000000000000	0.0000000000000
1.6399999856949	0.11063588410616	-0.65115159749985	73.000000000000	0.0000000000000
1.6440000534058	0.10848063230515	-0.65284180641174	73.000000000000	0.0000000000000
1.6480000019073	0.10633606463671	-0.65455394983292	73.000000000000	0.0000000000000
1.6519999504089	0.10419972240925	-0.65628910064697	73.000000000000	0.0000000000000
1.6560000181198	0.10206957906485	-0.65804791450500	73.000000000000	0.0000000000000
1.6599999666214	0.099943384528160	-0.65983116626740	73.000000000000	0.0000000000000
1.6640000343323	0.097818426787853	-0.66163957118988	73.000000000000	0.0000000000000
1.6679999828339	0.095692843198776	-0.66347354650497	73.000000000000	0.0000000000000
1.6720000505447	0.093563966453075	-0.66533321142197	73.000000000000	0.0000000000000
1.6759999990463	0.091429762542248	-0.66721904277802	73.000000000000	0.0000000000000
1.6799999475479	0.089287623763084	-0.66913074254990	73.000000000000	0.0000000000000
1.6840000152588	0.087135434150696	-0.67106854915619	73.000000000000	0.0000000000000
1.6879999637604	0.084970399737358	-0.67303210496902	73.000000000000	0.0000000000000
1.6920000314713	0.082790963351727	-0.67502099275589	73.000000000000	0.0000000000000
1.6959999799728	0.080594599246979	-0.67703485488892	73.000000000000	0.0000000000000
1.7000000476837	0.078379072248936	-0.67907309532166	73.000000000000	0.0000000000000
1.7039999961853	0.076142117381096	-0.68113499879837	73.000000000000	0.0000000000000
1.7079999446869	0.073881790041924	-0.68321967124939	73.000000000000	0.0000000000000
1.7120000123978	0.071596115827560	-0.68532633781433	73.000000000000	0.0000000000000
1.7159999608994	0.069283105432987	-0.68745386600494	73.000000000000	0.0000000000000
1.7200000286102	0.066940777003765	-0.68960118293762	73.000000000000	0.0000000000000
1.7239999771118	0.064567439258099	-0.69176709651947	73.000000000000	0.0000000000000
1.7280000448227	0.062161587178707	-0.69395035505295	73.000000000000	0.0000000000000
1.7319999933243	0.059721015393734	-0.69614940881729	73.000000000000	0.0000000000000
1.7359999418259	0.057244889438152	-0.69836294651031	73.000000000000	0.0000000000000
1.7400000095367	0.054731015115976	-0.70058947801590	73.000000000000	0.0000000000000
1.7439999580383	0.052178524434566	-0.70282739400864	73.000000000000	0.0000000000000
1.7480000257492	0.049585923552513	-0.70507502555847	73.000000000000	0.0000000000000
1.7519999742508	0.046952366828918	-0.70733064413071	73.000000000000	0.0000000000000
1.7560000419617	0.044276375323534	-0.70959270000458	73.000000000000	0.0000000000000
1.7599999904633	0.041557289659977	-0.71185922622681	73.000000000000	0.0000000000000
1.7640000581741	0.038794163614511	-0.71412873268127	73.000000000000	0.0000000000000
1.7680000066757	0.035986039787531	-0.71639913320541	73.000000000000	0.0000000000000
1.7719999551773	0.033132351934910	-0.71866875886917	73.000000000000	0.0000000000000
1.7760000228882	0.030232701450586	-0.72093576192856	73.000000000000	0.0000000000000
1.7799999713898	0.027286544442177	-0.72319829463959	73.000000000000	0.0000000000000
1.7840000391006	0.024293372407556	-0.72545450925827	73.000000000000	0.0000000000000
1.7879999876022	0.021253038197756	-0.72770255804062	73.000000000000	0.0000000000000
1.7920000553131	0.018165256828070	-0.72994071245193	73.000000000000	0.0000000000000
1.7960000038147	0.015029934234917	-0.73216706514359	73.000000000000	0.0000000000000
1.7999999523163	0.011847014538944	-0.73437994718552	73.000000000000	0.0000000000000
1.8040000200272	0.0086166430264711	-0.73657751083374	73.000000000000	0.0000000000000
1.8079999685287	0.0053388159722090	-0.73875814676285	73.000000000000	0.0000000000000
1.8120000362396	0.0020139166153967	-0.74092000722885	73.000000000000	0.0000000000000
1.8159999847412	-0.0013578186044469	-0.74306166172028	73.000000000000	0.0000000000000
1.8200000524521	-0.0047763013280928	-0.74518138170242	73.000000000000	0.0000000000000
1.8240000009537	-0.0082405228167772	-0.74727743864059	73.000000000000	0.0000000000000
1.8279999494553	-0.011750691570342	-0.74934852123260	73.000000000000	0.0000000000000
1.8320000171661	-0.015305916778743	-0.75139319896698	73.000000000000	0.0000000000000
1.8359999656677	-0.018905632197857	-0.75340974330902	73.000000000000	0.0000000000000
1.8400000333786	-0.022549426183105	-0.75539714097977	73.000000000000	0.0000000000000
1.8439999818802	-0.026236493140459	-0.75735366344452	73.000000000000	0.0000000000000
1.8480000495911	-0.029966009780765	-0.75927829742432	73.000000000000	0.0000000000000
1.8519999980927	-0.033737476915121	-0.76116979122162	73.000000000000	0.0000000000000
1.8559999465942	-0.037550017237663	-0.76302689313889	73.000000000000	0.0000000000000
1.8600000143051	-0.041402719914913	-0.76484853029251	73.000000000000	0.0000000000000
1.8639999628067	-0.045295014977455	-0.76663351058960	73.000000000000	0.0000000000000
1.8680000305176	-0.049225773662329	-0.76838093996048	73.000000000000	0.0000000000000
1.8719999790192	-0.053194377571344	-0.77008980512619	73.000000000000	0.0000000000000
1.8760000467300	-0.057200010865927	-0.77175909280777	73.000000000000	0.0000000000000
1.8799999952316	-0.061241660267115	-0.77338808774948	73.000000000000	0.0000000000000
1.8839999437332	-0.065318465232849	-0.77497577667236	73.000000000000	0.0000000000000
1.8880000114441	-0.069429382681847	-0.77652150392532	73.000000000000	0.0000000000000
1.8919999599457	-0.073573686182499	-0.77802431583405	73.000000000000	0.0000000000000
1.8960000276566	-0.077750496566296	-0.77948373556137	73.000000000000	0.0000000000000
1.8999999761581	-0.081958882510662	-0.78089898824692	73.000000000000	0.0000000000000
1.9040000438690	-0.086198106408119	-0.78226965665817	73.000000000000	0.0000000000000
1.9079999923706	-0.090467020869255	-0.78359466791153	73.000000000000	0.0000000000000
1.9119999408722	-0.094765052199364	-0.78487390279770	73.000000000000	0.0000000000000
1.9160000085831	-0.099091224372387	-0.78610664606094	73.000000000000	0.0000000000000
1.9199999570847	-0.10344436764717	-0.78729248046875	73.000000000000	0.0000000000000
1.9240000247955	-0.10782387107611	-0.78843086957932	73.000000000000	0.0000000000000
1.9279999732971	-0.11222910881042	-0.78952133655548	73.000000000000	0.0000000000000
1.9320000410080	-0.11665904521942	-0.79056352376938	73.000000000000	0.0000000000000
1.9359999895096	-0.12111269682646	-0.79155713319778	73.000000000000	0.0000000000000
1.9400000572205	-0.12558959424496	-0.79250162839890	73.000000000000	0.0000000000000
1.9440000057220	-0.13008885085583	-0.79339659214020	73.000000000000	0.0000000000000
1.9479999542236	-0.13460965454578	-0.79424196481705	73.000000000000	0.0000000000000
1.9520000219345	-0.13915112614632	-0.79503720998764	73.000000000000	0.0000000000000
1.9559999704361	-0.14371258020401	-0.79578208923340	73.000000000000	0.0000000000000
1.9600000381470	-0.14829334616661	-0.79647630453110	73.000000000000	0.0000000000000
1.9639999866486	-0.15289254486561	-0.79711961746216	73.000000000000	0.0000000000000
1.9680000543594	-0.15750965476036	-0.79771173000336	73.000000000000	0.0000000000000
1.9720000028610	-0.16214399039745	-0.79825228452682	73.000000000000	0.0000000000000
1.9759999513626	-0.16679447889328	-0.79874134063721	73.000000000000	0.0000000000000
1.9800000190735	-0.17146052420139	-0.79917836189270	73.000000000000	0.0000000000000
1.9839999675751	-0.17614167928696	-0.79956322908401	73.000000000000	0.0000000000000
1.9880000352859	-0.18083739280701	-0.79989576339722	73.000000000000	0.0000000000000
1.9919999837875	-0.18554674088955	-0.80017578601837	73.000000000000	0.0000000000000
1.9960000514984	-0.19026897847652	-0.80040305852890	73.000000000000	0.0000000000000
2.0000000000000	-0.19500358402729	-0.80057728290558	73.000000000000	0.0000000000000
2.0039999485016	-0.19975005090237	-0.80069863796234	73.000000000000	0.0000000000000
2.0079998970032	-0.20450755953789	-0.80076646804810	73.000000000000	0.0000000000000
2.0120000839233	-0.20927560329437	-0.80078101158142	73.000000000000	0.0000000000000
2.0160000324249	-0.21405345201492	-0.80074191093445	73.000000000000	0.0000000000000
2.0199999809265	-0.21884071826935	-0.80064910650253	73.000000000000	0.0000000000000
2.0239999294281	-0.22363644838333	-0.80050230026245	73.000000000000	0.0000000000000
2.0280001163483	-0.22844050824642	-0.80030161142349	73.000000000000	0.0000000000000
2.0320000648499	-0.23325209319592	-0.80004674196243	73.000000000000	0.0000000000000
2.0360000133514	-0.23807084560394	-0.79973757266998	73.000000000000	0.0000000000000
2.0399999618530	-0.24289600551128	-0.79937398433685	73.000000000000	0.0000000000000
2.0439999103546	-0.24772684276104	-0.79895597696304	73.000000000000	0.0000000000000
2.0480000972748	-0.25256350636482	-0.79848325252533	73.000000000000	0.0000000000000
2.0520000457764	-0.25740510225296	-0.79795587062836	73.000000000000	0.0000000000000
2.0559999942780	-0.26225095987320	-0.79737365245819	73.000000000000	0.0000000000000
2.0599999427795	-0.26710078120232	-0.79673647880554	73.000000000000	0.0000000000000
2.0639998912811	-0.27195435762405	-0.79604423046112	73.000000000000	0.0000000000000
2.0680000782013	-0.27681109309196	-0.79529690742493	73.000000000000	0.0000000000000
2.0720000267029	-0.28167036175728	-0.79449427127838	73.000000000000	0.0000000000000
2.0759999752045	-0.28653225302696	-0.79363620281219	73.000000000000	0.0000000000000
2.0799999237061	-0.29139572381973	-0.79272276163101	73.000000000000	0.0000000000000
2.0840001106262	-0.29626139998436	-0.79175353050232	73.000000000000	0.0000000000000
2.0880000591278	-0.30112782120705	-0.79072850942612	73.000000000000	0.0000000000000
2.0920000076294	-0.30599558353424	-0.78964757919312	73.000000000000	0.0000000000000
2.0959999561310	-0.31086412072182	-0.78851044178009	73.000000000000	0.0000000000000
2.0999999046326	-0.31573292613029	-0.78731697797775	73.000000000000	0.0000000000000
2.1040000915527	-0.32060199975967	-0.78606683015823	73.000000000000	0.0000000000000
2.1080000400543	-0.32547128200531	-0.78475999832153	73.000000000000	0.0000000000000
2.1119999885559	-0.33034032583237	-0.78339600563049	73.000000000000	0.0000000000000
2.1159999370575	-0.33520883321762	-0.78197467327118	73.000000000000	0.0000000000000
2.1199998855591	-0.34007707238197	-0.78049552440643	73.000000000000	0.0000000000000
2.1240000724792	-0.34494453668594	-0.77895820140839	73.000000000000	0.0000000000000
2.1280000209808	-0.34981110692024	-0.77736222743988	73.000000000000	0.0000000000000
2.1319999694824	-0.35467699170113	-0.77570730447769	73.000000000000	0.0000000000000
2.1359999179840	-0.35954147577286	-0.77399289608002	73.000000000000	0.0000000000000
2.1400001049042	-0.36440518498421	-0.77221822738647	73.000000000000	0.0000000000000
2.1440000534058	-0.36926740407944	-0.77038294076920	73.000000000000	0.0000000000000
2.1480000019073	-0.37412840127945	-0.76848608255386	73.000000000000	0.0000000000000
2.1519999504089	-0.37898799777031	-0.76652705669403	73.000000000000	0.0000000000000
2.1559998989105	-0.38384568691254	-0.76450520753860	73.000000000000	0.0000000000000
2.1600000858307	-0.38870197534561	-0.76241934299469	73.000000000000	0.0000000000000
2.1640000343323	-0.39355590939522	-0.76026886701584	73.000000000000	0.0000000000000
2.1679999828339	-0.39840820431709	-0.75805246829987	73.000000000000	0.0000000000000
2.1719999313354	-0.40325823426247	-0.75576925277710	73.000000000000	0.0000000000000
2.1760001182556	-0.40810549259186	-0.75341802835464	73.000000000000	0.0000000000000
2.1800000667572	-0.41295024752617	-0.75099760293961	73.000000000000	0.0000000000000
2.1840000152588	-0.41779154539108	-0.74850654602051	73.000000000000	0.0000000000000
2.1879999637604	-0.42262953519821	-0.74594372510910	73.000000000000	0.0000000000000
2.1919999122620	-0.42746350169182	-0.74330747127533	73.000000000000	0.0000000000000
2.1960000991821	-0.43229267001152	-0.74059653282166	73.000000000000	0.0000000000000
2.2000000476837	-0.43711692094803	-0.73780912160873	73.000000000000	0.0000000000000
2.2039999961853	-0.44193521142006	-0.73494374752045	73.000000000000	0.0000000000000
2.2079999446869	-0.44674736261368	-0.73199856281281	73.000000000000	0.0000000000000
2.2119998931885	-0.45155176520348	-0.72897183895111	73.000000000000	0.0000000000000
2.2160000801086	-0.45634758472443	-0.72586172819138	73.000000000000	0.0000000000000
2.2200000286102	-0.46113413572311	-0.72266638278961	73.000000000000	0.0000000000000
2.2239999771118	-0.46590963006020	-0.71938377618790	73.000000000000	0.0000000000000
2.2279999256134	-0.47067326307297	-0.71601194143295	73.000000000000	0.0000000000000
2.2320001125336	-0.47542327642441	-0.71254891157150	73.000000000000	0.0000000000000
2.2360000610352	-0.48015835881233	-0.70899260044098	73.000000000000	0.0000000000000
2.2400000095367	-0.48487612605095	-0.70534104108810	73.000000000000	0.0000000000000
2.2439999580383	-0.48957496881485	-0.70159208774567	73.000000000000	0.0000000000000
2.2479999065399	-0.49425303936005	-0.69774341583252	73.000000000000	0.0000000000000
2.2520000934601	-0.49890771508217	-0.69379329681396	73.000000000000	0.0000000000000
2.2560000419617	-0.50353688001633	-0.68973922729492	73.000000000000	0.0000000000000
2.2599999904633	-0.50813752412796	-0.68557959794998	73.000000000000	0.0000000000000
2.2639999389648	-0.51270741224289	-0.68131196498871	73.000000000000	0.0000000000000
2.2679998874664	-0.51724320650101	-0.67693459987640	73.000000000000	0.0000000000000
2.2720000743866	-0.52174192667007	-0.67244541645050	73.000000000000	0.0000000000000
2.2760000228882	-0.52620023488998	-0.66784244775772	73.000000000000	0.0000000000000
2.2799999713898	-0.53061431646347	-0.66312444210052	73.000000000000	0.0000000000000
2.2839999198914	-0.53498119115829	-0.65828895568848	73.000000000000	0.0000000000000
2.2880001068115	-0.53929615020752	-0.65333491563797	73.000000000000	0.0000000000000
2.2920000553131	-0.54355525970459	-0.64826071262360	73.000000000000	0.0000000000000
2.2960000038147	-0.54775476455688	-0.64306491613388	73.000000000000	0.0000000000000
2.2999999523163	-0.55188971757889	-0.63774645328522	73.000000000000	0.0000000000000
2.3039999008179	-0.55595576763153	-0.63230407238007	73.000000000000	0.0000000000000
2.3080000877380	-0.55994808673859	-0.62673729658127	73.000000000000	0.0000000000000
2.3120000362396	-0.56386154890060	-0.62104487419128	73.000000000000	0.0000000000000
2.3159999847412	-0.56769102811813	-0.61522704362869	73.000000000000	0.0000000000000
2.3199999332428	-0.57143145799637	-0.60928303003311	73.000000000000	0.0000000000000
2.3239998817444	-0.57507705688477	-0.60321301221848	73.000000000000	0.0000000000000
2.3280000686646	-0.57862275838852	-0.59701699018478	73.000000000000	0.0000000000000
2.3320000171661	-0.58206254243851	-0.59069561958313	73.000000000000	0.0000000000000
2.3359999656677	-0.58539080619812	-0.58424949645996	73.000000000000	0.0000000000000
2.3399999141693	-0.58860158920288	-0.57767999172211	73.000000000000	0.0000000000000
2.3440001010895	-0.59168857336044	-0.57098793983459	73.000000000000	0.0000000000000
2.3480000495911	-0.59464603662491	-0.56417512893677	73.000000000000	0.0000000000000
2.3519999980927	-0.59746813774109	-0.55724340677261	73.000000000000	0.0000000000000
2.3559999465942	-0.60014832019806	-0.55019485950470	73.000000000000	0.0000000000000
2.3599998950958	-0.60268068313599	-0.54303216934204	73.000000000000	0.0000000000000
2.3640000820160	-0.60505872964859	-0.53575819730759	73.000000000000	0.0000000000000
2.3680000305176	-0.60727638006210	-0.52837610244751	73.000000000000	0.0000000000000
2.3719999790192	-0.60932773351669	-0.52088934183121	73.000000000000	0.0000000000000
2.3759999275208	-0.61120665073395	-0.51330184936523	73.000000000000	0.0000000000000
2.3800001144409	-0.61290717124939	-0.50561785697937	73.000000000000	0.0000000000000
2.3840000629425	-0.61442291736603	-0.49784204363823	73.000000000000	0.0000000000000
2.3880000114441	-0.61574864387512	-0.48997905850410	73.000000000000	0.0000000000000
2.3919999599457	-0.61687827110291	-0.48203438520432	73.000000000000	0.0000000000000
2.3959999084473	-0.61780661344528	-0.47401359677315	73.000000000000	0.0000000000000
2.4000000953674	-0.61852800846100	-0.46592256426811	73.000000000000	0.0000000000000
2.4040000438690	-0.61903721094131	-0.45776766538620	73.000000000000	0.0000000000000
2.4079999923706	-0.61932969093323	-0.44955548644066	73.000000000000	0.0000000000000
2.4119999408722	-0.61940062046051	-0.44129294157028	73.000000000000	0.0000000000000
2.4159998893738	-0.61924511194229	-0.43298730254173	73.000000000000	0.0000000000000
2.4200000762939	-0.61885970830917	-0.42464613914490	73.000000000000	0.0000000000000
2.4240000247955	-0.61823982000351	-0.41627722978592	73.000000000000	0.0000000000000
2.4279999732971	-0.61738216876984	-0.40788885951042	73.000000000000	0.0000000000000
2.4319999217987	-0.61628359556198	-0.39948937296867	73.000000000000	0.0000000000000
2.4360001087189	-0.61494123935699	-0.39108717441559	73.000000000000	0.0000000000000
2.4400000572205	-0.61335235834122	-0.38269159197807	73.000000000000	0.0000000000000
2.4440000057220	-0.61151510477066	-0.37431138753891	73.000000000000	0.0000000000000
2.4479999542236	-0.60942745208740	-0.36595588922501	73.000000000000	0.0000000000000
2.4519999027252	-0.60708814859390	-0.35763475298882	73.000000000000	0.0000000000000
2.4560000896454	-0.60449677705765	-0.34935730695724	73.000000000000	0.0000000000000
2.4600000381470	-0.60165226459503	-0.34113341569901	73.000000000000	0.0000000000000
2.4639999866486	-0.59855484962463	-0.33297324180603	73.000000000000	0.0000000000000
2.4679999351501	-0.59520518779755	-0.32488641142845	73.000000000000	0.0000000000000
2.4719998836517	-0.59160417318344	-0.31688308715820	73.000000000000	0.0000000000000
2.4760000705719	-0.58775311708450	-0.30897301435471	73.000000000000	0.0000000000000
2.4800000190735	-0.58365386724472	-0.30116689205170	73.000000000000	0.0000000000000
2.4839999675751	-0.57930904626846	-0.29347413778305	73.000000000000	0.0000000000000
2.4879999160767	-0.57472139596939	-0.28590500354767	73.000000000000	0.0000000000000
2.4920001029968	-0.56989425420761	-0.27846962213516	73.000000000000	0.0000000000000
2.4960000514984	-0.56483179330826	-0.27117750048637	73.000000000000	0.0000000000000
2.5000000000000	-0.55953800678253	-0.26403859257698	73.000000000000	0.0000000000000
2.5039999485016	-0.55401790142059	-0.25706243515015	73.000000000000	0.0000000000000
2.5079998970032	-0.54827684164047	-0.25025832653046	73.000000000000	0.0000000000000
2.5120000839233	-0.54232066869736	-0.24363541603088	73.000000000000	0.0000000000000
2.5160000324249	-0.53615546226501	-0.23720286786556	73.000000000000	0.0000000000000
2.5199999809265	-0.52978801727295	-0.23096941411495	73.000000000000	0.0000000000000
2.5239999294281	-0.52322560548782	-0.22494319081306	73.000000000000	0.0000000000000
2.5280001163483	-0.51647561788559	-0.21913246810436	73.000000000000	0.0000000000000
2.5320000648499	-0.50954616069794	-0.21354500949383	73.000000000000	0.0000000000000
2.5360000133514	-0.50244557857513	-0.20818828046322	73.000000000000	0.0000000000000
2.5399999618530	-0.49518272280693	-0.20306935906410	73.000000000000	0.0000000000000
2.5439999103546	-0.48776659369469	-0.19819462299347	73.000000000000	0.0000000000000
2.5480000972748	-0.48020666837692	-0.19357076287270	73.000000000000	0.0000000000000
2.5520000457764	-0.47251275181770	-0.18920324742794	73.000000000000	0.0000000000000
2.5559999942780	-0.46469503641129	-0.18509733676910	73.000000000000	0.0000000000000
2.5599999427795	-0.45676374435425	-0.18125799298286	73.000000000000	0.0000000000000
2.5639998912811	-0.44872927665710	-0.17768974602222	73.000000000000	0.0000000000000
2.5680000782013	-0.44060268998146	-0.17439627647400	73.000000000000	0.0000000000000
2.5720000267029	-0.43239474296570	-0.17138086259365	73.000000000000	0.0000000000000
2.5759999752045	-0.42411679029465	-0.16864639520645	73.000000000000	0.0000000000000
2.5799999237061	-0.41577991843224	-0.16619515419006	73.000000000000	0.0000000000000
2.5840001106262	-0.40739557147026	-0.16402898728848	73.000000000000	0.0000000000000
2.5880000591278	-0.39897504448891	-0.16214902698994	73.000000000000	0.0000000000000
2.5920000076294	-0.39053001999855	-0.16055572032928	73.000000000000	0.0000000000000
2.5959999561310	-0.38207188248634	-0.15924946963787	73.000000000000	0.0000000000000
2.5999999046326	-0.37361207604408	-0.15822958946228	73.000000000000	0.0000000000000
2.6040000915527	-0.36516204476357	-0.15749523043633	73.000000000000	0.0000000000000
2.6080000400543	-0.35673317313194	-0.15704467892647	73.000000000000	0.0000000000000
2.6119999885559	-0.34833666682243	-0.15687578916550	73.000000000000	0.0000000000000
2.6159999370575	-0.33998355269432	-0.15698614716530	73.000000000000	0.0000000000000
2.6199998855591	-0.33168476819992	-0.15737238526344	73.000000000000	0.0000000000000
2.6240000724792	-0.32345113158226	-0.15803092718124	73.000000000000	0.0000000000000
2.6280000209808	-0.31529307365417	-0.15895749628544	73.000000000000	0.0000000000000
2.6319999694824	-0.30722081661224	-0.16014750301838	73.000000000000	0.0000000000000
2.6359999179840	-0.29924449324608	-0.16159561276436	73.000000000000	0.0000000000000
2.6400001049042	-0.29137352108955	-0.16329650580883	73.000000000000	0.0000000000000
2.6440000534058	-0.28361740708351	-0.16524392366409	73.000000000000	0.0000000000000
2.6480000019073	-0.27598515152931	-0.16743141412735	73.000000000000	0.0000000000000
2.6519999504089	-0.26848524808884	-0.16985218226910	73.000000000000	0.0000000000000
2.6559998989105	-0.26112607121468	-0.17249891161919	73.000000000000	0.0000000000000
2.6600000858307	-0.25391539931297	-0.17536412179470	73.000000000000	0.0000000000000
2.6640000343323	-0.24686050415039	-0.17843981087208	73.000000000000	0.0000000000000
2.6679999828339	-0.23996849358082	-0.18171785771847	73.000000000000	0.0000000000000
2.6719999313354	-0.23324574530125	-0.18518958985806	73.000000000000	0.0000000000000
2.6760001182556	-0.22669844329357	-0.18884637951851	73.000000000000	0.0000000000000
2.6800000667572	-0.22033184766769	-0.19267934560776	73.000000000000	0.0000000000000
2.6840000152588	-0.21415117383003	-0.19667924940586	73.000000000000	0.0000000000000
2.6879999637604	-0.20816101133823	-0.20083677768707	73.000000000000	0.0000000000000
2.6919999122620	-0.20236536860466	-0.20514246821404	73.000000000000	0.0000000000000
2.6960000991821	-0.19676771759987	-0.20958690345287	73.000000000000	0.0000000000000
2.7000000476837	-0.19137111306190	-0.21416030824184	73.000000000000	0.0000000000000
2.7039999961853	-0.18617811799049	-0.21885311603546	73.000000000000	0.0000000000000
2.7079999446869	-0.18119083344936	-0.22365549206734	73.000000000000	0.0000000000000
2.7119998931885	-0.17641055583954	-0.22855801880360	73.000000000000	0.0000000000000
2.7160000801086	-0.17183841764927	-0.23355093598366	73.000000000000	0.0000000000000
2.7200000286102	-0.16747507452965	-0.23862454295158	73.000000000000	0.0000000000000
2.7239999771118	-0.16332039237022	-0.24376961588860	73.000000000000	0.0000000000000
2.7279999256134	-0.15937393903732	-0.24897672235966	73.000000000000	0.0000000000000
2.7320001125336	-0.15563477575779	-0.25423669815063	73.000000000000	0.0000000000000
2.7360000610352	-0.15210177004337	-0.25954043865204	73.000000000000	0.0000000000000
2.7400000095367	-0.14877298474312	-0.26487913727760	73.000000000000	0.0000000000000
2.7439999580383	-0.14564640820026	-0.27024424076080	73.000000000000	0.0000000000000
2.7479999065399	-0.14271919429302	-0.27562743425369	73.000000000000	0.0000000000000
2.7520000934601	-0.13998858630657	-0.28102055191994	73.000000000000	0.0000000000000
2.7560000419617	-0.13745120167732	-0.28641572594643	73.000000000000	0.0000000000000
2.7599999904633	-0.13510335981846	-0.29180556535721	73.000000000000	0.0000000000000
2.7639999389648	-0.13294094800949	-0.29718276858330	73.000000000000	0.0000000000000
2.7679998874664	-0.13095986843109	-0.30254054069519	73.000000000000	0.0000000000000
2.7720000743866	-0.12915563583374	-0.30787217617035	73.000000000000	0.0000000000000
2.7760000228882	-0.12752310931683	-0.31317174434662	73.000000000000	0.0000000000000
2.7799999713898	-0.12605762481689	-0.31843313574791	73.000000000000	0.0000000000000
2.7839999198914	-0.12475363910198	-0.32365116477013	73.000000000000	0.0000000000000
2.7880001068115	-0.12360595911741	-0.32882058620453	73.000000000000	0.0000000000000
2.7920000553131	-0.12260906398296	-0.33393675088882	73.000000000000	0.0000000000000
2.7960000038147	-0.12175707519054	-0.33899542689323	73.000000000000	0.0000000000000
2.7999999523163	-0.12104431539774	-0.34399262070656	73.000000000000	0.0000000000000
2.8039999008179	-0.12046477943659	-0.34892484545708	73.000000000000	0.0000000000000
2.8080000877380	-0.12001296132803	-0.35378882288933	73.000000000000	0.0000000000000
2.8120000362396	-0.11968254297972	-0.35858199000359	73.000000000000	0.0000000000000
2.8159999847412	-0.11946763098240	-0.36330187320709	73.000000000000	0.0000000000000
2.8199999332428	-0.11936221271753	-0.36794647574425	73.000000000000	0.0000000000000
2.8239998817444	-0.11936070024967	-0.37251412868500	73.000000000000	0.0000000000000
2.8280000686646	-0.11945700645447	-0.37700355052948	73.000000000000	0.0000000000000
2.8320000171661	-0.11964570730925	-0.38141366839409	73.000000000000	0.0000000000000
2.8359999656677	-0.11992085725069	-0.38574412465096	73.000000000000	0.0000000000000
2.8399999141693	-0.12027686089277	-0.38999450206757	73.000000000000	0.0000000000000
2.8440001010895	-0.12070868164301	-0.39416471123695	73.000000000000	0.0000000000000
2.8480000495911	-0.12121106684208	-0.39825519919395	73.000000000000	0.0000000000000
2.8519999980927	-0.12177874892950	-0.40226650238037	73.000000000000	0.0000000000000
2.8559999465942	-0.12240695953369	-0.40619948506355	73.000000000000	0.0000000000000
2.8599998950958	-0.12309122085571	-0.41005510091782	73.000000000000	0.0000000000000
2.8640000820160	-0.12382671236992	-0.41383489966393	73.000000000000	0.0000000000000
2.8680000305176	-0.12460965663195	-0.41754025220871	73.000000000000	0.0000000000000
2.8719999790192	-0.12543572485447	-0.42117285728455	73.000000000000	0.0000000000000
2.8759999275208	-0.12630140781403	-0.42473465204239	73.000000000000	0.0000000000000
2.8800001144409	-0.12720277905464	-0.42822772264481	73.000000000000	0.0000000000000
2.8840000629425	-0.12813702225685	-0.43165406584740	73.000000000000	0.0000000000000
2.8880000114441	-0.12910117208958	-0.43501600623131	73.000000000000	0.0000000000000
2.8919999599457	-0.13009189069271	-0.43831601738930	73.000000000000	0.0000000000000
2.8959999084473	-0.13110725581646	-0.44155645370483	73.000000000000	0.0000000000000
2.9000000953674	-0.13214476406574	-0.44473981857300	73.000000000000	0.0000000000000
2.9040000438690	-0.13320228457451	-0.44786867499352	73.000000000000	0.0000000000000
2.9079999923706	-0.13427840173244	-0.45094546675682	73.000000000000	0.0000000000000
2.9119999408722	-0.13537144660950	-0.45397272706032	73.000000000000	0.0000000000000
2.9159998893738	-0.13647992908955	-0.45695319771767	73.000000000000	0.0000000000000
2.9200000762939	-0.13760311901569	-0.45988911390305	73.000000000000	0.0000000000000
2.9240000247955	-0.13874001801014	-0.46278303861618	73.000000000000	0.0000000000000
2.9279999732971	-0.13989003002644	-0.46563732624054	73.000000000000	0.0000000000000
2.9319999217987	-0.14105273783207	-0.46845436096191	73.000000000000	0.0000000000000
2.9360001087189	-0.14222812652588	-0.47123607993126	73.000000000000	0.0000000000000
2.9400000572205	-0.14341591298580	-0.47398489713669	73.000000000000	0.0000000000000
2.9440000057220	-0.14461620151997	-0.47670266032219	73.000000000000	0.0000000000000
2.9479999542236	-0.14582931995392	-0.47939121723175	73.000000000000	0.0000000000000
2.9519999027252	-0.14705581963062	-0.48205241560936	73.000000000000	0.0000000000000
2.9560000896454	-0.14829613268375	-0.48468765616417	73.000000000000	0.0000000000000
2.9600000381470	-0.14955119788647	-0.48729845881462	73.000000000000	0.0000000000000
2.9639999866486	-0.15082117915154	-0.48988619446754	73.000000000000	0.0000000000000
2.9679999351501	-0.15210740268230	-0.49245196580887	73.000000000000	0.0000000000000
2.9719998836517	-0.15341089665890	-0.49499666690826	73.000000000000	0.0000000000000
2.9760000705719	-0.15473221242428	-0.49752113223076	73.000000000000	0.0000000000000
2.9800000190735	-0.15607261657715	-0.50002604722977	73.000000000000	0.0000000000000
2.9839999675751	-0.15743324160576	-0.50251179933548	73.000000000000	0.0000000000000
2.9879999160767	-0.15881484746933	-0.50497895479202	73.000000000000	0.0000000000000
2.9920001029968	-0.16021871566772	-0.50742739439011	73.000000000000	0.0000000000000
2.9960000514984	-0.16164578497410	-0.50985729694366	73.000000000000	0.0000000000000
3.0000000000000	-0.16309705376625	-0.51226848363876	73.000000000000	0.0000000000000
3.0039999485016	-0.16457334160805	-0.51466071605682	73.000000000000	0.0000000000000
3.0079998970032	-0.16607592999935	-0.51703351736069	73.000000000000	0.0000000000000
3.0120000839233	-0.16760547459126	-0.51938629150391	73.000000000000	0.0000000000000
3.0160000324249	-0.16916270554066	-0.52171850204468	73.000000000000	0.0000000000000
3.0199999809265	-0.17074824869633	-0.52402937412262	73.000000000000	0.0000000000000
3.0239999294281	-0.17236298322678	-0.52631777524948	73.000000000000	0.0000000000000
3.0280001163483	-0.17400699853897	-0.52858310937881	73.000000000000	0.0000000000000
3.0320000648499	-0.17568108439445	-0.53082394599915	73.000000000000	0.0000000000000
3.0360000133514	-0.17738519608974	-0.53303927183151	73.000000000000	0.0000000000000
3.0399999618530	-0.17911964654922	-0.53522801399231	73.000000000000	0.0000000000000
3.0439999103546	-0.18088455498219	-0.53738874197006	73.000000000000	0.0000000000000
3.0480000972748	-0.18267984688282	-0.53952020406723	73.000000000000	0.0000000000000
3.0520000457764	-0.18450486660004	-0.54162126779556	73.000000000000	0.0000000000000
3.0559999942780	-0.18635974824429	-0.54369044303894	73.000000000000	0.0000000000000
3.0599999427795	-0.18824367225170	-0.54572635889053	73.000000000000	0.0000000000000
3.0639998912811	-0.19015623629093	-0.54772788286209	73.000000000000	0.0000000000000
3.0680000782013	-0.19209690392017	-0.54969346523285	73.000000000000	0.0000000000000
3.0720000267029	-0.19406430423260	-0.55162203311920	73.000000000000	0.0000000000000
3.0759999752045	-0.19605788588524	-0.55351233482361	73.000000000000	0.0000000000000
3.0799999237061	-0.19807626307011	-0.55536311864853	73.000000000000	0.0000000000000
3.0840001106262	-0.20011831820011	-0.55717343091965	73.000000000000	0.0000000000000
3.0880000591278	-0.20218281447887	-0.55894213914871	73.000000000000	0.0000000000000
3.0920000076294	-0.20426835119724	-0.56066811084747	73.000000000000	0.0000000000000
3.0959999561310	-0.20637340843678	-0.56235074996948	73.000000000000	0.0000000000000
3.0999999046326	-0.20849603414536	-0.56398940086365	73.000000000000	0.0000000000000
3.1040000915527	-0.21063522994518	-0.56558299064636	73.000000000000	0.0000000000000
3.1080000400543	-0.21278873085976	-0.56713140010834	73.000000000000	0.0000000000000
3.1119999885559	-0.21495497226715	-0.56863391399384	73.000000000000	0.0000000000000
3.1159999370575	-0.21713225543499	-0.57009029388428	73.000000000000	0.0000000000000
3.1199998855591	-0.21931825578213	-0.57150053977966	73.000000000000	0.0000000000000
3.1240000724792	-0.22151173651218	-0.57286423444748	73.000000000000	0.0000000000000
3.1280000209808	-0.22371044754982	-0.57418185472488	73.000000000000	0.0000000000000
3.1319999694824	-0.22591233253479	-0.57545334100723	73.000000000000	0.0000000000000
3.1359999179840	-0.22811575233936	-0.57667911052704	73.000000000000	0.0000000000000
3.1400001049042	-0.23031866550446	-0.57785969972610	73.000000000000	0.0000000000000
3.1440000534058	-0.23251947760582	-0.57899558544159	73.000000000000	0.0000000000000
3.1480000019073	-0.23471599817276	-0.58008766174316	73.000000000000	0.0000000000000
3.1519999504089	-0.23690684139729	-0.58113652467728	73.000000000000	0.0000000000000
3.1559998989105	-0.23908993601799	-0.58214342594147	73.000000000000	0.0000000000000
3.1600000858307	-0.24126404523849	-0.58310925960541	73.000000000000	0.0000000000000
3.1640000343323	-0.24342735111713	-0.58403527736664	73.000000000000	0.0000000000000
3.1679999828339	-0.24557870626450	-0.58492261171341	73.000000000000	0.0000000000000
3.1719999313354	-0.24771612882614	-0.58577299118042	73.000000000000	0.0000000000000
3.1760001182556	-0.24983882904053	-0.58658766746521	73.000000000000	0.0000000000000
3.1800000667572	-0.25194543600082	-0.58736824989319	73.000000000000	0.0000000000000
3.1840000152588	-0.25403526425362	-0.58811616897583	73.000000000000	0.0000000000000
3.1879999637604	-0.25610679388046	-0.58883345127106	73.000000000000	0.0000000000000
3.1919999122620	-0.25815966725349	-0.58952158689499	73.000000000000	0.0000000000000
3.1960000991821	-0.26019299030304	-0.59018248319626	73.000000000000	0.0000000000000
3.2000000476837	-0.26220649480820	-0.59081786870956	73.000000000000	0.0000000000000
3.2039999961853	-0.26419940590858	-0.59142971038818	73.000000000000	0.0000000000000
3.2079999446869	-0.26617181301117	-0.59201961755753	73.000000000000	0.0000000000000
3.2119998931885	-0.26812326908112	-0.59258961677551	73.000000000000	0.0000000000000
3.2160000801086	-0.27005392313004	-0.59314155578613	73.000000000000	0.0000000000000
3.2200000286102	-0.27196365594864	-0.59367728233337	73.000000000000	0.0000000000000
3.2239999771118	-0.27385273575783	-0.59419864416122	73.000000000000	0.0000000000000
3.2279999256134	-0.27572223544121	-0.59470707178116	73.000000000000	0.0000000000000
3.2320001125336	-0.27757179737091	-0.59520459175110	73.000000000000	0.0000000000000
3.2360000610352	-0.27940255403519	-0.59569269418716	73.000000000000	0.0000000000000
3.2400000095367	-0.28121510148048	-0.59617292881012	73.000000000000	0.0000000000000
3.2439999580383	-0.28301027417183	-0.59664696455002	73.000000000000	0.0000000000000
3.2479999065399	-0.28478896617889	-0.59711611270905	73.000000000000	0.0000000000000
3.2520000934601	-0.28655230998993	-0.59758180379868	73.000000000000	0.0000000000000
3.2560000419617	-0.28830164670944	-0.59804505109787	73.000000000000	0.0000000000000
3.2599999904633	-0.29003790020943	-0.59850710630417	73.000000000000	0.0000000000000
3.2639999389648	-0.29176244139671	-0.59896892309189	73.000000000000	0.0000000000000
3.2679998874664	-0.29347667098045	-0.59943145513535	73.000000000000	0.0000000000000
3.2720000743866	-0.29518222808838	-0.59989541769028	73.000000000000	0.0000000000000
3.2760000228882	-0.29688012599945	-0.60036146640778	73.000000000000	0.0000000000000
3.2799999713898	-0.29857236146927	-0.60083019733429	73.000000000000	0.0000000000000
3.2839999198914	-0.30026003718376	-0.60130178928375	73.000000000000	0.0000000000000
3.2880001068115	-0.30194476246834	-0.60177671909332	73.000000000000	0.0000000000000
3.2920000553131	-0.30362835526466	-0.60225492715836	73.000000000000	0.0000000000000
3.2960000038147	-0.30531188845634	-0.60273665189743	73.000000000000	0.0000000000000
3.2999999523163	-0.30699715018272	-0.60322165489197	73.000000000000	0.0000000000000
3.3039999008179	-0.30868566036224	-0.60370951890945	73.000000000000	0.0000000000000
3.3080000877380	-0.31037858128548	-0.60420018434525	73.000000000000	0.0000000000000
3.3120000362396	-0.31207796931267	-0.60469275712967	73.000000000000	0.0000000000000
3.3159999847412	-0.31378418207169	-0.60518705844879	73.000000000000	0.0000000000000
3.3199999332428	-0.31549957394600	-0.60568189620972	73.000000000000	0.0000000000000
3.3239998817444	-0.31722468137741	-0.60617673397064	73.000000000000	0.0000000000000
3.3280000686646	-0.31896054744720	-0.60667073726654	73.000000000000	0.0000000000000
3.3320000171661	-0.32070875167847	-0.60716247558594	73.000000000000	0.0000000000000
3.3359999656677	-0.32246971130371	-0.60765123367310	73.000000000000	0.0000000000000
3.3399999141693	-0.32424464821815	-0.60813558101654	73.000000000000	0.0000000000000
3.3440001010895	-0.32603418827057	-0.60861450433731	73.000000000000	0.0000000000000
3.3480000495911	-0.32783907651901	-0.60908633470535	73.000000000000	0.0000000000000
3.3519999980927	-0.32965946197510	-0.60954999923706	73.000000000000	0.0000000000000
3.3559999465942	-0.33149591088295	-0.61000406742096	73.000000000000	0.0000000000000
3.3599998950958	-0.33334881067276	-0.61044704914093	73.000000000000	0.0000000000000
3.3640000820160	-0.33521819114685	-0.61087757349014	73.000000000000	0.0000000000000
3.3680000305176	-0.33710443973541	-0.61129397153854	73.000000000000	0.0000000000000
3.3719999790192	-0.33900690078735	-0.61169487237930	73.000000000000	0.0000000000000
3.3759999275208	-0.34092560410500	-0.61207902431488	73.000000000000	0.0000000000000
3.3800001144409	-0.34286049008369	-0.61244469881058	73.000000000000	0.0000000000000
3.3840000629425	-0.34481054544449	-0.61279064416885	73.000000000000	0.0000000000000
3.3880000114441	-0.34677579998970	-0.61311537027359	73.000000000000	0.0000000000000
3.3919999599457	-0.34875512123108	-0.61341780424118	73.000000000000	0.0000000000000
3.3959999084473	-0.35074782371521	-0.61369639635086	73.000000000000	0.0000000000000
3.4000000953674	-0.35275289416313	-0.61395001411438	73.000000000000	0.0000000000000
3.4040000438690	-0.35476964712143	-0.61417776346207	73.000000000000	0.0000000000000
3.4079999923706	-0.35679671168327	-0.61437845230103	73.000000000000	0.0000000000000
3.4119999408722	-0.35883274674416	-0.61455100774765	73.000000000000	0.0000000000000
3.4159998893738	-0.36087703704834	-0.61469465494156	73.000000000000	0.0000000000000
3.4200000762939	-0.36292800307274	-0.61480855941772	73.000000000000	0.0000000000000
3.4240000247955	-0.36498400568962	-0.61489212512970	73.000000000000	0.0000000000000
3.4279999732971	-0.36704409122467	-0.61494487524033	73.000000000000	0.0000000000000
3.4319999217987	-0.36910617351532	-0.61496621370316	73.000000000000	0.0000000000000
3.4360001087189	-0.37116923928261	-0.61495620012283	73.000000000000	0.0000000000000
3.4400000572205	-0.37323155999184	-0.61491405963898	73.000000000000	0.0000000000000
3.4440000057220	-0.37529173493385	-0.61484020948410	73.000000000000	0.0000000000000
3.4479999542236	-0.37734791636467	-0.61473447084427	73.000000000000	0.0000000000000
3.4519999027252	-0.37939888238907	-0.61459690332413	73.000000000000	0.0000000000000
3.4560000896454	-0.38144260644913	-0.61442810297012	73.000000000000	0.0000000000000
3.4600000381470	-0.38347813487053	-0.61422818899155	73.000000000000	0.0000000000000
3.4639999866486	-0.38550394773483	-0.61399775743484	73.000000000000	0.0000000000000
3.4679999351501	-0.38751807808876	-0.61373764276505	73.000000000000	0.0000000000000
3.4719998836517	-0.38951960206032	-0.61344826221466	73.000000000000	0.0000000000000
3.4760000705719	-0.39150723814964	-0.61313068866730	73.000000000000	0.0000000000000
3.4800000190735	-0.39347937703133	-0.61278599500656	73.000000000000	0.0000000000000
3.4839999675751	-0.39543539285660	-0.61241477727890	73.000000000000	0.0000000000000
3.4879999160767	-0.39737352728844	-0.61201852560043	73.000000000000	0.0000000000000
3.4920001029968	-0.39929327368736	-0.61159849166870	73.000000000000	0.0000000000000
3.4960000514984	-0.40119364857674	-0.61115580797195	73.000000000000	0.0000000000000
3.5000000000000	-0.40307360887527	-0.61069172620773	73.000000000000	0.0000000000000
3.5039999485016	-0.40493285655975	-0.61020785570145	73.000000000000	0.0000000000000
3.5079998970032	-0.40677058696747	-0.60970550775528	73.000000000000	0.0000000000000
3.5120000839233	-0.40858653187752	-0.60918623209000	73.000000000000	0.0000000000000
3.5160000324249	-0.41038006544113	-0.60865157842636	73.000000000000	0.0000000000000
3.5199999809265	-0.41215130686760	-0.60810303688049	73.000000000000	0.0000000000000
3.5239999294281	-0.41390022635460	-0.60754203796387	73.000000000000	0.0000000000000
3.5280001163483	-0.41562625765800	-0.60697036981583	73.000000000000	0.0000000000000
3.5320000648499	-0.41733029484749	-0.60638934373856	73.000000000000	0.0000000000000
3.5360000133514	-0.41901224851608	-0.60580056905746	73.000000000000	0.0000000000000
3.5399999618530	-0.42067244648933	-0.60520565509796	73.000000000000	0.0000000000000
3.5439999103546	-0.42231160402298	-0.60460579395294	73.000000000000	0.0000000000000
3.5480000972748	-0.42393022775650	-0.60400235652924	73.000000000000	0.0000000000000
3.5520000457764	-0.42552918195724	-0.60339707136154	73.000000000000	0.0000000000000
3.5559999942780	-0.42710942029953	-0.60279065370560	73.000000000000	0.0000000000000
3.5599999427795	-0.42867180705070	-0.60218471288681	73.000000000000	0.0000000000000
3.5639998912811	-0.43021717667580	-0.60158014297485	73.000000000000	0.0000000000000
3.5680000782013	-0.43174690008163	-0.60097795724869	73.000000000000	0.0000000000000
3.5720000267029	-0.43326205015182	-0.60037916898727	73.000000000000	0.0000000000000
3.5759999752045	-0.43476426601410	-0.59978443384171	73.000000000000	0.0000000000000
3.5799999237061	-0.43625432252884	-0.59919452667236	73.000000000000	0.0000000000000
3.5840001106262	-0.43773415684700	-0.59861010313034	73.000000000000	0.0000000000000
3.5880000591278	-0.43920490145683	-0.59803152084351	73.000000000000	0.0000000000000
3.5920000076294	-0.44066831469536	-0.59745907783508	73.000000000000	0.0000000000000
3.5959999561310	-0.44212532043457	-0.59689307212830	73.000000000000	0.0000000000000
3.5999999046326	-0.44357818365097	-0.59633350372314	73.000000000000	0.0000000000000
3.6040000915527	-0.44502815604210	-0.59578037261963	73.000000000000	0.0000000000000
3.6080000400543	-0.44647660851479	-0.59523361921310	73.000000000000	0.0000000000000
3.6119999885559	-0.44792506098747	-0.59469264745712	73.000000000000	0.0000000000000
3.6159999370575	-0.44937536120415	-0.59415739774704	73.000000000000	0.0000000000000
3.6199998855591	-0.45082858204842	-0.59362691640854	73.000000000000	0.0000000000000
3.6240000724792	-0.45228642225266	-0.59310090541840	73.000000000000	0.0000000000000
3.6280000209808	-0.45375004410744	-0.59257805347443	73.000000000000	0.0000000000000
3.6319999694824	-0.45522075891495	-0.59205794334412	73.000000000000	0.0000000000000
3.6359999179840	-0.45669969916344	-0.59153932332993	73.000000000000	0.0000000000000
3.6400001049042	-0.45818814635277	-0.59102118015289	73.000000000000	0.0000000000000
3.6440000534058	-0.45968735218048	-0.59050208330154	73.000000000000	0.0000000000000
3.6480000019073	-0.46119794249535	-0.58998066186905	73.000000000000	0.0000000000000
3.6519999504089	-0.46272110939026	-0.58945578336716	73.000000000000	0.0000000000000
3.6559998989105	-0.46425691246986	-0.58892601728439	73.000000000000	0.0000000000000
3.6600000858307	-0.46580681204796	-0.58838939666748	73.000000000000	0.0000000000000
3.6640000343323	-0.46737092733383	-0.58784443140030	73.000000000000	0.0000000000000
3.6679999828339	-0.46894940733910	-0.58728986978531	73.000000000000	0.0000000000000
3.6719999313354	-0.47054281830788	-0.58672356605530	73.000000000000	0.0000000000000
3.6760001182556	-0.47215133905411	-0.58614397048950	73.000000000000	0.0000000000000
3.6800000667572	-0.47377479076385	-0.58554911613464	73.000000000000	0.0000000000000
3.6840000152588	-0.47541290521622	-0.58493775129318	73.000000000000	0.0000000000000
3.6879999637604	-0.47706574201584	-0.58430755138397	73.000000000000	0.0000000000000
3.6919999122620	-0.47873264551163	-0.58365708589554	73.000000000000	0.0000000000000
3.6960000991821	-0.48041284084320	-0.58298468589783	73.000000000000	0.0000000000000
3.7000000476837	-0.48210600018501	-0.58228856325150	73.000000000000	0.0000000000000
3.7039999961853	-0.48381152749062	-0.58156681060791	73.000000000000	0.0000000000000
3.7079999446869	-0.48552778363228	-0.58081841468811	73.000000000000	0.0000000000000
3.7119998931885	-0.48725426197052	-0.58004122972488	73.000000000000	0.0000000000000
3.7160000801086	-0.48898959159851	-0.57923424243927	73.000000000000	0.0000000000000
3.7200000286102	-0.49073207378387	-0.57839596271515	73.000000000000	0.0000000000000
3.7239999771118	-0.49248108267784	-0.57752507925034	73.000000000000	0.0000000000000
3.7279999256134	-0.49423468112946	-0.57662022113800	73.000000000000	0.0000000000000
3.7320001125336	-0.49599140882492	-0.57568043470383	73.000000000000	0.0000000000000
3.7360000610352	-0.49774929881096	-0.57470482587814	73.000000000000	0.0000000000000
3.7400000095367	-0.49950683116913	-0.57369238138199	73.000000000000	0.0000000000000
3.7439999580383	-0.50126224756241	-0.57264244556427	73.000000000000	0.0000000000000
3.7479999065399	-0.50301367044449	-0.57155430316925	73.000000000000	0.0000000000000
3.7520000934601	-0.50475907325745	-0.57042759656906	73.000000000000	0.0000000000000
3.7560000419617	-0.50649672746658	-0.56926184892654	73.000000000000	0.0000000000000
3.7599999904633	-0.50822430849075	-0.56805688142776	73.000000000000	0.0000000000000
3.7639999389648	-0.50993996858597	-0.56681245565414	73.000000000000	0.0000000000000
3.7679998874664	-0.51164186000824	-0.56552886962891	73.000000000000	0.0000000000000
3.7720000743866	-0.51332807540894	-0.56420606374741	73.000000000000	0.0000000000000
3.7760000228882	-0.51499599218369	-0.56284451484680	73.000000000000	0.0000000000000
3.7799999713898	-0.51664429903030	-0.56144458055496	73.000000000000	0.0000000000000
3.7839999198914	-0.51827102899551	-0.56000679731369	73.000000000000	0.0000000000000
3.7880001068115	-0.51987409591675	-0.55853182077408	73.000000000000	0.0000000000000
3.7920000553131	-0.52145177125931	-0.55702078342438	73.000000000000	0.0000000000000
3.7960000038147	-0.52300214767456	-0.55547428131104	73.000000000000	0.0000000000000
3.7999999523163	-0.52452385425568	-0.55389344692230	73.000000000000	0.0000000000000
3.8039999008179	-0.52601492404938	-0.55227959156036	73.000000000000	0.0000000000000
3.8080000877380	-0.52747410535812	-0.55063378810883	73.000000000000	0.0000000000000
3.8120000362396	-0.52889984846115	-0.54895728826523	73.000000000000	0.0000000000000
3.8159999847412	-0.53029084205627	-0.54725193977356	73.000000000000	0.0000000000000
3.8199999332428	-0.53164577484131	-0.54551905393600	73.000000000000	0.0000000000000
3.8239998817444	-0.53296393156052	-0.54375982284546	73.000000000000	0.0000000000000
3.8280000686646	-0.53424388170242	-0.54197639226913	73.000000000000	0.0000000000000
3.8320000171661	-0.53548491001129	-0.54017019271851	73.000000000000	0.0000000000000
3.8359999656677	-0.53668636083603	-0.53834307193756	73.000000000000	0.0000000000000
3.8399999141693	-0.53784722089767	-0.53649663925171	73.000000000000	0.0000000000000
3.8440001010895	-0.53896766901016	-0.53463256359100	73.000000000000	0.0000000000000
3.8480000495911	-0.54004681110382	-0.53275293111801	73.000000000000	0.0000000000000
3.8519999980927	-0.54108422994614	-0.53085935115814	73.000000000000	0.0000000000000
3.8559999465942	-0.54208046197891	-0.52895337343216	73.000000000000	0.0000000000000
3.8599998950958	-0.54303479194641	-0.52703708410263	73.000000000000	0.0000000000000
3.8640000820160	-0.54394787549973	-0.52511203289032	73.000000000000	0.0000000000000
3.8680000305176	-0.54481971263885	-0.52317965030670	73.000000000000	0.0000000000000
3.8719999790192	-0.54565036296844	-0.52124196290970	73.000000000000	0.0000000000000
3.8759999275208	-0.54644095897675	-0.51930004358292	73.000000000000	0.0000000000000
3.8800001144409	-0.54719132184982	-0.51735585927963	73.000000000000	0.0000000000000
3.8840000629425	-0.54790252447128	-0.51541054248810	73.000000000000	0.0000000000000
3.8880000114441	-0.54857498407364	-0.51346570253372	73.000000000000	0.0000000000000
3.8919999599457	-0.54920977354050	-0.51152217388153	73.000000000000	0.0000000000000
3.8959999084473	-0.54980748891830	-0.50958120822906	73.000000000000	0.0000000000000
3.9000000953674	-0.55036920309067	-0.50764405727386	73.000000000000	0.0000000000000
3.9040000438690	-0.55089563131332	-0.50571173429489	73.000000000000	0.0000000000000
3.9079999923706	-0.55138838291168	-0.50378465652466	73.000000000000	0.0000000000000
3.9119999408722	-0.55184793472290	-0.50186389684677	73.000000000000	0.0000000000000
3.9159998893738	-0.55227559804916	-0.49994999170303	73.000000000000	0.0000000000000
3.9200000762939	-0.55267244577408	-0.49804350733757	73.000000000000	0.0000000000000
3.9240000247955	-0.55303984880447	-0.49614465236664	73.000000000000	0.0000000000000
3.9279999732971	-0.55337804555893	-0.49425405263901	73.000000000000	0.0000000000000
3.9319999217987	-0.55368870496750	-0.49237170815468	73.000000000000	0.0000000000000
3.9360001087189	-0.55397301912308	-0.49049755930901	73.000000000000	0.0000000000000
3.9400000572205	-0.55423146486282	-0.48863184452057	73.000000000000	0.0000000000000
3.9440000057220	-0.55446553230286	-0.48677414655685	73.000000000000	0.0000000000000
3.9479999542236	-0.55467593669891	-0.48492431640625	73.000000000000	0.0000000000000
3.9519999027252	-0.55486327409744	-0.48308214545250	73.000000000000	0.0000000000000
3.9560000896454	-0.55502837896347	-0.48124730587006	73.000000000000	0.0000000000000
3.9600000381470	-0.55517202615738	-0.47941902279854	73.000000000000	0.0000000000000
3.9639999866486	-0.55529499053955	-0.47759678959846	73.000000000000	0.0000000000000
3.9679999351501	-0.55539745092392	-0.47578045725822	73.000000000000	0.0000000000000
3.9719998836517	-0.55547988414764	-0.47396883368492	73.000000000000	0.0000000000000
3.9760000705719	-0.55554294586182	-0.47216120362282	73.000000000000	0.0000000000000
3.9800000190735	-0.55558627843857	-0.47035717964172	73.000000000000	0.0000000000000
3.9839999675751	-0.55561053752899	-0.46855562925339	73.000000000000	0.0000000000000
3.9879999160767	-0.55561512708664	-0.46675607562065	73.000000000000	0.0000000000000
3.9920001029968	-0.55560034513474	-0.46495756506920	73.000000000000	0.0000000000000
3.9960000514984	-0.55556541681290	-0.46315935254097	73.000000000000	0.0000000000000
4.0000000000000	-0.55551064014435	-0.46136057376862	73.000000000000	0.0000000000000
