#Parameters = {tm=0.035; H=69.5; R=50; Z0=73; d=8; s=5; w=10}
#"Frequency / GHz"	"S1,1 (H=69.5) [Magnitude]"
#---------------------------------------------
0.0000000000000	0.0000000000000
0.0044999998062849	-2.4019456967413e-05
0.0089999996125698	-9.3795496593414e-05
0.013500000350177	-0.00021024719454893
0.017999999225140	-0.00037283576315897
0.022500000894070	-0.00058163032236555
0.027000000700355	-0.00083574321259654
0.031500000506639	-0.0011359191845216
0.035999998450279	-0.0014798891014427
0.040500000119209	-0.0018685283351391
0.045000001788139	-0.0023017672949216
0.049499999731779	-0.0027779901969238
0.054000001400709	-0.0032966538817374
0.058499999344349	-0.0038567953163297
0.063000001013279	-0.0044588638471849
0.067500002682209	-0.0050993599739117
0.071999996900558	-0.0057803032226447
0.076499998569489	-0.0064995164170430
0.081000000238419	-0.0072559247281775
0.085500001907349	-0.0080489356460612
0.090000003576279	-0.0088770748719969
0.094499997794628	-0.0097392219364708
0.098999999463558	-0.010636211293792
0.10350000113249	-0.011564303338732
0.10800000280142	-0.012524204627552
0.11249999701977	-0.013513309359296
0.11699999868870	-0.014532905430187
0.12150000035763	-0.015580443811094
0.12600000202656	-0.016655541707134
0.13050000369549	-0.017756599867076
0.13500000536442	-0.018883191180447
0.13950000703335	-0.020033931971381
0.14399999380112	-0.021209130390014
0.14849999547005	-0.022405615302087
0.15299999713898	-0.023625813515225
0.15749999880791	-0.024867957739656
0.16200000047684	-0.026129713302519
0.16650000214577	-0.027414634702637
0.17100000381470	-0.028718037878040
0.17550000548363	-0.030043008360539
0.18000000715256	-0.031386531295354
0.18449999392033	-0.032751036430425
0.18899999558926	-0.034135112722943
0.19349999725819	-0.035541373636081
0.19799999892712	-0.036967757450356
0.20250000059605	-0.038415892606290
0.20700000226498	-0.039886024103972
0.21150000393391	-0.041379124670837
0.21600000560284	-0.042896461609592
0.22050000727177	-0.044439404720372
0.22499999403954	-0.046011097344948
0.22949999570847	-0.047608935003997
0.23399999737740	-0.049239829988561
0.23849999904633	-0.050902713432745
0.24300000071526	-0.052600145848560
0.24750000238419	-0.054335219865113
0.25200000405312	-0.056110798903116
0.25650000572205	-0.057930964093518
0.26100000739098	-0.059796573078129
0.26550000905991	-0.061711641771015
0.27000001072884	-0.063682006557870
0.27450001239777	-0.065709679135006
0.27900001406670	-0.067799390346920
0.28349998593330	-0.069956362373085
0.28799998760223	-0.072183937291752
0.29249998927116	-0.074488728807674
0.29699999094009	-0.076875964029269
0.30149999260902	-0.079349531246350
0.30599999427795	-0.081918254325079
0.31049999594688	-0.084585225691315
0.31499999761581	-0.087359508431141
0.31949999928474	-0.090245706358059
0.32400000095367	-0.093253630439925
0.32850000262260	-0.096387359379456
0.33300000429153	-0.099656022033103
0.33750000596046	-0.10306905106796
0.34200000762939	-0.10663238036463
0.34650000929832	-0.11035417040444
0.35100001096725	-0.11424696676011
0.35550001263618	-0.11831497580498
0.36000001430511	-0.12257031304755
0.36449998617172	-0.12702209062989
0.36899998784065	-0.13168030331948
0.37349998950958	-0.13655548860237
0.37799999117851	-0.14165716200249
0.38249999284744	-0.14699519989474
0.38699999451637	-0.15258304453915
0.39149999618530	-0.15843048146163
0.39599999785423	-0.16454945977012
0.40049999952316	-0.17095194097158
0.40500000119209	-0.17764836544799
0.40950000286102	-0.18465195152735
0.41400000452995	-0.19197466071633
0.41850000619888	-0.19963138791953
0.42300000786781	-0.20763309910423
0.42750000953674	-0.21599221804986
0.43200001120567	-0.22472501434774
0.43650001287460	-0.23384203502729
0.44100001454353	-0.24335815736112
0.44549998641014	-0.25328905994728
0.44999998807907	-0.26364699757159
0.45449998974800	-0.27444633448506
0.45899999141693	-0.28570278014359
0.46349999308586	-0.29743096289852
0.46799999475479	-0.30964452527460
0.47249999642372	-0.32236100012851
0.47699999809265	-0.33559390635534
0.48149999976158	-0.34936027919243
0.48600000143051	-0.36367514876427
0.49050000309944	-0.37855318871043
0.49500000476837	-0.39401178307900
0.49950000643730	-0.41006604596842
0.50400000810623	-0.42673377928036
0.50849997997284	-0.44403129483451
0.51300001144409	-0.46197393912358
0.51749998331070	-0.48057969408754
0.52200001478195	-0.49986563037974
0.52649998664856	-0.51984771119141
0.53100001811981	-0.54054400531832
0.53549998998642	-0.56197254075755
0.54000002145767	-0.58414856344514
0.54449999332428	-0.60709267537364
0.54900002479553	-0.63082164108053
0.55349999666214	-0.65535290303739
0.55800002813339	-0.68070435674392
0.56250000000000	-0.70689487783559
0.56699997186661	-0.73394327457945
0.57150000333786	-0.76186719304103
0.57599997520447	-0.79068578190003
0.58050000667572	-0.82041754321529
0.58499997854233	-0.85108340487804
0.58950001001358	-0.88269930591527
0.59399998188019	-0.91528810318818
0.59850001335144	-0.94886728708775
0.60299998521805	-0.98345583619873
0.60750001668930	-1.0190764145272
0.61199998855591	-1.0557474969212
0.61650002002716	-1.0934889155317
0.62099999189377	-1.1323218526059
0.62550002336502	-1.1722669527943
0.62999999523163	-1.2133450576008
0.63450002670288	-1.2555780455763
0.63899999856949	-1.2989875596095
0.64349997043610	-1.3435930918147
0.64800000190735	-1.3894191184281
0.65249997377396	-1.4364865653324
0.65700000524521	-1.4848185731629
0.66149997711182	-1.5344379425426
0.66600000858307	-1.5853680379507
0.67049998044968	-1.6376309037236
0.67500001192093	-1.6912515496630
0.67949998378754	-1.7462541979879
0.68400001525879	-1.8026649931698
0.68849998712540	-1.8605064022710
0.69300001859665	-1.9198048012828
0.69749999046326	-1.9805860051763
0.70200002193451	-2.0428777721318
0.70649999380112	-2.1067038578676
0.71100002527237	-2.1720955701142
0.71549999713898	-2.2390780545943
0.72000002861023	-2.3076802796076
0.72450000047684	-2.3779318405387
0.72899997234344	-2.4498629315749
0.73350000381470	-2.5235034584524
0.73799997568130	-2.5988844598835
0.74250000715256	-2.6760372941560
0.74699997901917	-2.7549941580843
0.75150001049042	-2.8357910170242
0.75599998235703	-2.9184602192143
0.76050001382828	-3.0030382136880
0.76499998569489	-3.0895595682503
0.76950001716614	-3.1780616180994
0.77399998903275	-3.2685848884495
0.77850002050400	-3.3611653409517
0.78299999237061	-3.4558437327059
0.78750002384186	-3.5526646375731
0.79199999570847	-3.6516691739427
0.79650002717972	-3.7529005501453
0.80099999904633	-3.8564063572893
0.80549997091293	-3.9622333253282
0.81000000238419	-4.0704296923768
0.81449997425079	-4.1810470457286
0.81900000572205	-4.2941356193922
0.82349997758865	-4.4097498260630
0.82800000905991	-4.5279466533134
0.83249998092651	-4.6487838106081
0.83700001239777	-4.7723230362642
0.84149998426437	-4.8986246816602
0.84600001573563	-5.0277535111550
0.85049998760223	-5.1597788026336
0.85500001907349	-5.2947690993989
0.85949999094009	-5.4327986832935
0.86400002241135	-5.5739424205021
0.86849999427795	-5.7182798260136
0.87300002574921	-5.8658940292373
0.87749999761581	-6.0168718686723
0.88200002908707	-6.1712996921340
0.88650000095367	-6.3292749485369
0.89099997282028	-6.4908916168154
0.89550000429153	-6.6562563442626
0.89999997615814	-6.8254725767029
0.90450000762939	-6.9986515608013
0.90899997949600	-7.1759133441646
0.91350001096725	-7.3573773272408
0.91799998283386	-7.5431725448717
0.92250001430511	-7.7334301894485
0.92699998617172	-7.9282917643709
0.93150001764297	-8.1279025943824
0.93599998950958	-8.3324163496747
0.94050002098083	-8.5419906302289
0.94499999284744	-8.7567928413454
0.94950002431870	-8.9769952392401
0.95399999618530	-9.2027815236808
0.95850002765656	-9.4343365310582
0.96299999952316	-9.6718543005860
0.96749997138977	-9.9155375206932
0.97200000286102	-10.165593547967
0.97649997472763	-10.422231040694
0.98100000619888	-10.685672067985
0.98549997806549	-10.956130704316
0.99000000953674	-11.233825615019
0.99449998140335	-11.518970567057
0.99900001287460	-11.811773243741
1.0034999847412	-12.112426859047
1.0080000162125	-12.421102663552
1.0125000476837	-12.737943835352
1.0169999599457	-13.063048529406
1.0214999914169	-13.396459062665
1.0260000228882	-13.738136240430
1.0305000543594	-14.087938182982
1.0349999666214	-14.445579262889
1.0394999980927	-14.810603050999
1.0440000295639	-15.182314690964
1.0484999418259	-15.559730576849
1.0529999732971	-15.941494672390
1.0575000047684	-16.325795853585
1.0620000362396	-16.710260455424
1.0664999485016	-17.091856487410
1.0709999799728	-17.466783610638
1.0755000114441	-17.830393059521
1.0800000429153	-18.177153902429
1.0844999551773	-18.500693101761
1.0889999866486	-18.793968804706
1.0935000181198	-19.049571181733
1.0980000495911	-19.260223111289
1.1024999618530	-19.419381471372
1.1069999933243	-19.521926992937
1.1115000247955	-19.564772168151
1.1160000562668	-19.547257424781
1.1204999685287	-19.471241187933
1.1250000000000	-19.340853711285
1.1295000314713	-19.161974891223
1.1339999437332	-18.941575000469
1.1384999752045	-18.687052826631
1.1430000066757	-18.405677565723
1.1475000381470	-18.104179093113
1.1519999504089	-17.788522604602
1.1564999818802	-17.463792718031
1.1610000133514	-17.134207833213
1.1655000448227	-16.803167954187
1.1699999570847	-16.473358767468
1.1744999885559	-16.146852159343
1.1790000200272	-15.825214093382
1.1835000514984	-15.509596196199
1.1879999637604	-15.200818255122
1.1924999952316	-14.899439319450
1.1970000267029	-14.605812754152
1.2015000581741	-14.320138157566
1.2059999704361	-14.042487710462
1.2105000019073	-13.772846177761
1.2150000333786	-13.511128240936
1.2194999456406	-13.257198760723
1.2239999771118	-13.010885171851
1.2285000085831	-12.771992188102
1.2330000400543	-12.540304350567
1.2374999523163	-12.315598015115
1.2419999837875	-12.097642232034
1.2465000152588	-11.886206857910
1.2510000467300	-11.681058859899
1.2554999589920	-11.481974993415
1.2599999904633	-11.288726828835
1.2645000219345	-11.101101230134
1.2690000534058	-10.918884784375
1.2734999656677	-10.741872694675
1.2779999971390	-10.569869306575
1.2825000286102	-10.402684272240
1.2869999408722	-10.240135306386
1.2914999723434	-10.082046559515
1.2960000038147	-9.9282495874630
1.3005000352859	-9.7785826045699
1.3049999475479	-9.6328903617744
1.3094999790192	-9.4910251471958
1.3140000104904	-9.3528438772042
1.3185000419617	-9.2182112396348
1.3229999542236	-9.0869939592334
1.3274999856949	-8.9590684108124
1.3320000171661	-8.8343138052921
1.3365000486374	-8.7126154716091
1.3409999608994	-8.5938635161376
1.3454999923706	-8.4779512589049
1.3500000238419	-8.3647746847594
1.3545000553131	-8.2542400601563
1.3589999675751	-8.1462517862269
1.3634999990463	-8.0407215810849
1.3680000305176	-7.9375602632775
1.3724999427795	-7.8366872050088
1.3769999742508	-7.7380235222463
1.3815000057220	-7.6414916472616
1.3860000371933	-7.5470168770070
1.3904999494553	-7.4545319304280
1.3949999809265	-7.3639670714318
1.3995000123978	-7.2752572575087
1.4040000438690	-7.1883409238183
1.4084999561310	-7.1031582122482
1.4129999876022	-7.0196500711016
1.4175000190735	-6.9377628766197
1.4220000505447	-6.8574405177511
1.4264999628067	-6.7786361387666
1.4309999942780	-6.7012972751438
1.4355000257492	-6.6253777501476
1.4400000572205	-6.5508335892655
1.4444999694824	-6.4776192778410
1.4490000009537	-6.4056960748803
1.4535000324249	-6.3350217024987
1.4579999446869	-6.2655590522994
1.4624999761581	-6.1972712233206
1.4670000076294	-6.1301235945943
1.4715000391006	-6.0640820826174
1.4759999513626	-5.9991153457181
1.4804999828339	-5.9351910590013
1.4850000143051	-5.8722821576669
1.4895000457764	-5.8103582412833
1.4939999580383	-5.7493948722944
1.4984999895096	-5.6893651577603
1.5030000209808	-5.6302442060534
1.5075000524521	-5.5720096319228
1.5119999647141	-5.5146393905340
1.5164999961853	-5.4581130830512
1.5210000276566	-5.4024091394186
1.5255000591278	-5.3475090125281
1.5299999713898	-5.2933939928422
1.5345000028610	-5.2400483713323
1.5390000343323	-5.1874541573865
1.5434999465942	-5.1355976581132
1.5479999780655	-5.0844629905654
1.5525000095367	-5.0340347415221
1.5570000410080	-4.9843033268111
1.5614999532700	-4.9352524233344
1.5659999847412	-4.8868719722676
1.5705000162125	-4.8391512755430
1.5750000476837	-4.7920783470722
1.5794999599457	-4.7456435093505
1.5839999914169	-4.6998394461494
1.5885000228882	-4.6546526105730
1.5930000543594	-4.6100787625544
1.5974999666214	-4.5661049800241
1.6019999980927	-4.5227284596366
1.6065000295639	-4.4799394679421
1.6109999418259	-4.4377312571863
1.6154999732971	-4.3960955661959
1.6200000047684	-4.3550287227573
1.6245000362396	-4.3145229087787
1.6289999485016	-4.2745732918310
1.6334999799728	-4.2351733832702
1.6380000114441	-4.1963178088657
1.6425000429153	-4.1580017079011
1.6469999551773	-4.1202183971099
1.6514999866486	-4.0829659627056
1.6560000181198	-4.0462373873945
1.6605000495911	-4.0100279467686
1.6649999618530	-3.9743336816356
1.6694999933243	-3.9391509295563
1.6740000247955	-3.9044716891506
1.6785000562668	-3.8702957646450
1.6829999685287	-3.8366154946019
1.6875000000000	-3.8034278771022
1.6920000314713	-3.7707275385161
1.6964999437332	-3.7385104019057
1.7009999752045	-3.7067718772357
1.7055000066757	-3.6755076390278
1.7100000381470	-3.6447120110104
1.7144999504089	-3.6143803069514
1.7189999818802	-3.5845094594803
1.7235000133514	-3.5550924515207
1.7280000448227	-3.5261247005059
1.7324999570847	-3.4976038067375
1.7369999885559	-3.4695212513618
1.7415000200272	-3.4418712629830
1.7460000514984	-3.4146512087845
1.7504999637604	-3.3878558575916
1.7549999952316	-3.3614772936754
1.7595000267029	-3.3355100517033
1.7640000581741	-3.3099507564461
1.7684999704361	-3.2847903048429
1.7730000019073	-3.2600253051177
1.7775000333786	-3.2356483186725
1.7819999456406	-3.2116536062932
1.7864999771118	-3.1880353597653
1.7910000085831	-3.1647856022257
1.7955000400543	-3.1418995914945
1.7999999523163	-3.1193690733410
1.8044999837875	-3.0971899060183
1.8090000152588	-3.0753532216722
1.8135000467300	-3.0538528472183
1.8179999589920	-3.0326829984139
1.8224999904633	-3.0118359903742
1.8270000219345	-2.9913054413909
1.8315000534058	-2.9710829987026
1.8359999656677	-2.9511635920667
1.8404999971390	-2.9315400120250
1.8450000286102	-2.9122044229431
1.8494999408722	-2.8931499949404
1.8539999723434	-2.8743719218389
1.8585000038147	-2.8558613120942
1.8630000352859	-2.8376123051547
1.8674999475479	-2.8196168902085
1.8719999790192	-2.8018704013016
1.8765000104904	-2.7843639386599
1.8810000419617	-2.7670932238596
1.8854999542236	-2.7500494853841
1.8899999856949	-2.7332297833780
1.8945000171661	-2.7166245111466
1.8990000486374	-2.7002296597120
1.9034999608994	-2.6840377668649
1.9079999923706	-2.6680433488906
1.9125000238419	-2.6522423890995
1.9170000553131	-2.6366276488974
1.9214999675751	-2.6211942120559
1.9259999990463	-2.6059375683498
1.9305000305176	-2.5908521601720
1.9349999427795	-2.5759335031368
1.9394999742508	-2.5611768267177
1.9440000057220	-2.5465788504308
1.9485000371933	-2.5321325920919
1.9529999494553	-2.5178370360678
1.9574999809265	-2.5036857065023
1.9620000123978	-2.4896795404003
1.9665000438690	-2.4758101544855
1.9709999561310	-2.4620767097381
1.9754999876022	-2.4484784977226
1.9800000190735	-2.4350084006447
1.9845000505447	-2.4216684632194
1.9889999628067	-2.4084535601426
1.9934999942780	-2.3953642762954
1.9980000257492	-2.3823965637706
2.0025000572205	-2.3695501479551
2.0069999694824	-2.3568249988282
2.0114998817444	-2.3442175626268
2.0160000324249	-2.3317297361656
2.0204999446869	-2.3193580167249
2.0250000953674	-2.3071055198576
2.0295000076294	-2.2949703660349
2.0339999198914	-2.2829516805357
2.0385000705719	-2.2710511523682
2.0429999828339	-2.2592687591524
2.0474998950958	-2.2476076541622
2.0520000457764	-2.2360646486324
2.0564999580383	-2.2246417287263
2.0610001087189	-2.2133421090159
2.0655000209808	-2.2021661684215
2.0699999332428	-2.1911139209013
2.0745000839233	-2.1801905115399
2.0789999961853	-2.1693925150714
2.0834999084473	-2.1587274996480
2.0880000591278	-2.1481916633166
2.0924999713898	-2.1377919638903
2.0969998836517	-2.1275268969594
2.1015000343323	-2.1174023547664
2.1059999465942	-2.1074152927767
2.1105000972748	-2.0975743072503
2.1150000095367	-2.0878756596921
2.1194999217987	-2.0783277926529
2.1240000724792	-2.0689274560173
2.1284999847412	-2.0596806520613
2.1329998970032	-2.0505887387956
2.1375000476837	-2.0416534413604
2.1419999599457	-2.0328795241522
2.1465001106262	-2.0242670321947
2.1510000228882	-2.0158182806317
2.1554999351501	-2.0075362685670
2.1600000858307	-1.9994249913544
2.1644999980927	-1.9914839099588
2.1689999103546	-1.9837157197049
2.1735000610352	-1.9761230958941
2.1779999732971	-1.9687098382381
2.1824998855591	-1.9614733221369
2.1870000362396	-1.9544200054935
2.1914999485016	-1.9475491957689
2.1960000991821	-1.9408629447341
2.2005000114441	-1.9343622895076
2.2049999237061	-1.9280499942655
2.2095000743866	-1.9219286153033
2.2139999866486	-1.9159958805175
2.2184998989105	-1.9102537461439
2.2230000495911	-1.9047060605586
2.2274999618530	-1.8993513483398
2.2320001125336	-1.8941914913160
2.2365000247955	-1.8892270370922
2.2409999370575	-1.8844571139552
2.2455000877380	-1.8798848402904
2.2500000000000	-1.8755084170950
2.2544999122620	-1.8713303639661
2.2590000629425	-1.8673501715781
2.2634999752045	-1.8635644113816
2.2679998874664	-1.8599799385536
2.2725000381470	-1.8565911406192
2.2769999504089	-1.8534026638882
2.2815001010895	-1.8504083604113
2.2860000133514	-1.8476130567337
2.2904999256134	-1.8450158384176
2.2950000762939	-1.8426143954864
2.2994999885559	-1.8404105067950
2.3039999008179	-1.8384011851791
2.3085000514984	-1.8365879664799
2.3129999637604	-1.8349712533992
2.3175001144409	-1.8335497429088
2.3220000267029	-1.8323215470541
2.3264999389648	-1.8312899842182
2.3310000896454	-1.8304501920378
2.3355000019073	-1.8298049838540
2.3399999141693	-1.8293526778058
2.3445000648499	-1.8290951204428
2.3489999771118	-1.8290277694290
2.3534998893738	-1.8291561444318
2.3580000400543	-1.8294755226936
2.3624999523163	-1.8299866032036
2.3670001029968	-1.8306946115707
2.3715000152588	-1.8315927958866
2.3759999275208	-1.8326862089653
2.3805000782013	-1.8339732724837
2.3849999904633	-1.8354547444020
2.3894999027252	-1.8371317255694
2.3940000534058	-1.8390070264181
2.3984999656677	-1.8410784370547
2.4030001163483	-1.8433477694374
2.4075000286102	-1.8458184685667
2.4119999408722	-1.8484918615358
2.4165000915527	-1.8513688321674
2.4210000038147	-1.8544503220949
2.4254999160767	-1.8577403990507
2.4300000667572	-1.8612399369665
2.4344999790192	-1.8649513239278
2.4389998912811	-1.8688793710393
2.4435000419617	-1.8730258850080
2.4479999542236	-1.8773927129824
2.4525001049042	-1.8819848119059
2.4570000171661	-1.8868047030247
2.4614999294281	-1.8918573271925
2.4660000801086	-1.8971463944283
2.4704999923706	-1.9026765531874
2.4749999046326	-1.9084498779239
2.4795000553131	-1.9144712805352
2.4839999675751	-1.9207476705917
2.4885001182556	-1.9272845237152
2.4930000305176	-1.9340837669949
2.4974999427795	-1.9411528867623
2.5020000934601	-1.9484971105858
2.5065000057220	-1.9561240897516
2.5109999179840	-1.9640346965799
2.5155000686646	-1.9722384743103
2.5199999809265	-1.9807392138942
2.5244998931885	-1.9895474153652
2.5290000438690	-1.9986645375742
2.5334999561310	-2.0081003470838
2.5380001068115	-2.0178604466969
2.5425000190735	-2.0279515789281
2.5469999313354	-2.0383824088461
2.5515000820160	-2.0491553836757
2.5559999942780	-2.0602790104271
2.5604999065399	-2.0717609643530
2.5650000572205	-2.0836105566668
2.5694999694824	-2.0958305824095
2.5739998817444	-2.1084303530927
2.5785000324249	-2.1214154586200
2.5829999446869	-2.1347935704462
2.5875000953674	-2.1485696864600
2.5920000076294	-2.1627537821258
2.5964999198914	-2.1773507347817
2.6010000705719	-2.1923669166516
2.6054999828339	-2.2078097577367
2.6099998950958	-2.2236831879584
2.6145000457764	-2.2399937638119
2.6189999580383	-2.2567505348790
2.6235001087189	-2.2739565158547
2.6280000209808	-2.2916159128021
2.6324999332428	-2.3097366531880
2.6370000839233	-2.3283238362572
2.6414999961853	-2.3473801151470
2.6459999084473	-2.3669102905791
2.6505000591278	-2.3869177279792
2.6549999713898	-2.4074088096643
2.6594998836517	-2.4283856452108
2.6640000343323	-2.4498482992018
2.6684999465942	-2.4718044395991
2.6730000972748	-2.4942508237628
2.6775000095367	-2.5171939246212
2.6819999217987	-2.5406328285799
2.6865000724792	-2.5645675015031
2.6909999847412	-2.5889991805393
2.6954998970032	-2.6139272551471
2.7000000476837	-2.6393510179306
2.7044999599457	-2.6652697419871
2.7090001106262	-2.6916778112652
2.7135000228882	-2.7185762449871
2.7179999351501	-2.7459624228984
2.7225000858307	-2.7738292628510
2.7269999980927	-2.8021718906172
2.7314999103546	-2.8309879616912
2.7360000610352	-2.8602681698601
2.7404999732971	-2.8900099890350
2.7449998855591	-2.9202019024351
2.7495000362396	-2.9508369222394
2.7539999485016	-2.9819038735363
2.7585000991821	-3.0133962167304
2.7630000114441	-3.0453028201983
2.7674999237061	-3.0776077570775
2.7720000743866	-3.1103017985432
2.7764999866486	-3.1433714986214
2.7809998989105	-3.1768039211036
2.7855000495911	-3.2105783745541
2.7899999618530	-3.2446828632072
2.7945001125336	-3.2790998319416
2.7990000247955	-3.3138100262604
2.8034999370575	-3.3487972661618
2.8080000877380	-3.3840377162766
2.8125000000000	-3.4195122544999
2.8169999122620	-3.4551992443476
2.8215000629425	-3.4910764614574
2.8259999752045	-3.5271186513319
2.8304998874664	-3.5633005015677
2.8350000381470	-3.5995974932730
2.8394999504089	-3.6359841594214
2.8440001010895	-3.6724285799415
2.8485000133514	-3.7089087508280
2.8529999256134	-3.7453902395026
2.8575000762939	-3.7818461260348
2.8619999885559	-3.8182428979411
2.8664999008179	-3.8545512848044
2.8710000514984	-3.8907371430656
2.8754999637604	-3.9267683593213
2.8800001144409	-3.9626117408664
2.8845000267029	-3.9982307421597
2.8889999389648	-4.0335936205052
2.8935000896454	-4.0686625957954
2.8980000019073	-4.1034017602649
2.9024999141693	-4.1377779164609
2.9070000648499	-4.1717536140309
2.9114999771118	-4.2052909169472
2.9159998893738	-4.2383552081356
2.9205000400543	-4.2709089779145
2.9249999523163	-4.3029155279763
2.9295001029968	-4.3343407704809
2.9340000152588	-4.3651467539455
2.9384999275208	-4.3952973770015
2.9430000782013	-4.4247589027363
2.9474999904633	-4.4534977685065
2.9519999027252	-4.4814788753680
2.9565000534058	-4.5086693345674
2.9609999656677	-4.5350368758020
2.9655001163483	-4.5605517304516
2.9700000286102	-4.5851814026040
2.9744999408722	-4.6089004050534
2.9790000915527	-4.6316811626570
2.9835000038147	-4.6534949742134
2.9879999160767	-4.6743211241354
2.9925000667572	-4.6941322829165
2.9969999790192	-4.7129116902588
3.0014998912811	-4.7306399975469
3.0060000419617	-4.7472952087761
3.0104999542236	-4.7628645119690
3.0150001049042	-4.7773351123012
3.0195000171661	-4.7906923619005
3.0239999294281	-4.8029291914756
3.0285000801086	-4.8140397297604
3.0329999923706	-4.8240118681190
3.0374999046326	-4.8328485063700
3.0420000553131	-4.8405454938925
3.0464999675751	-4.8471046385390
3.0510001182556	-4.8525281339605
3.0555000305176	-4.8568181747049
3.0599999427795	-4.8599862032271
3.0645000934601	-4.8620380325203
3.0690000057220	-4.8629840937104
3.0734999179840	-4.8628377744146
3.0780000686646	-4.8616141700118
3.0824999809265	-4.8593275816375
3.0869998931885	-4.8559954298287
3.0915000438690	-4.8516381269127
3.0959999561310	-4.8462730494756
3.1005001068115	-4.8399278097817
3.1050000190735	-4.8326183512574
3.1094999313354	-4.8243745685585
3.1140000820160	-4.8152185328008
3.1184999942780	-4.8051764842311
3.1229999065399	-4.7942778519214
3.1275000572205	-4.7825468559031
3.1319999694824	-4.7700156094524
3.1364998817444	-4.7567113597757
3.1410000324249	-4.7426626717285
3.1454999446869	-4.7278980443869
3.1500000953674	-4.7124501917374
3.1545000076294	-4.6963458092577
3.1589999198914	-4.6796178926917
3.1635000705719	-4.6622965112607
3.1679999828339	-4.6444081904239
3.1724998950958	-4.6259864942424
3.1770000457764	-4.6070566964075
3.1814999580383	-4.5876504037555
3.1860001087189	-4.5677954248090
3.1905000209808	-4.5475198487558
3.1949999332428	-4.5268539333702
3.1995000839233	-4.5058223354498
3.2039999961853	-4.4844500153663
3.2084999084473	-4.4627649882571
3.2130000591278	-4.4407912911052
3.2174999713898	-4.4185530677799
3.2219998836517	-4.3960769848533
3.2265000343323	-4.3733818601895
3.2309999465942	-4.3504948618855
3.2355000972748	-4.3274299914924
3.2400000095367	-4.3042150355195
3.2444999217987	-4.2808655839081
3.2490000724792	-4.2574021703133
3.2534999847412	-4.2338418565515
3.2579998970032	-4.2102038872059
3.2625000476837	-4.1865016483331
3.2669999599457	-4.1627532992579
3.2715001106262	-4.1389735476970
3.2760000228882	-4.1151761944190
3.2804999351501	-4.0913747499150
3.2850000858307	-4.0675804391892
3.2894999980927	-4.0438066456987
3.2939999103546	-4.0200650757838
3.2985000610352	-3.9963639381935
3.3029999732971	-3.9727158013030
3.3074998855591	-3.9491279351202
3.3120000362396	-3.9256093646330
3.3164999485016	-3.9021659532868
3.3210000991821	-3.8788098734932
3.3255000114441	-3.8555448488612
3.3299999237061	-3.8323759344880
3.3345000743866	-3.8093100108327
3.3389999866486	-3.7863528483396
3.3434998989105	-3.7635109208264
3.3480000495911	-3.7407844612328
3.3524999618530	-3.7181811638189
3.3570001125336	-3.6957008624566
3.3615000247955	-3.6733488570309
3.3659999370575	-3.6511293036582
3.3705000877380	-3.6290431135487
3.3750000000000	-3.6070922205765
3.3794999122620	-3.5852770865868
3.3840000629425	-3.5636032107887
3.3884999752045	-3.5420704281325
3.3929998874664	-3.5206787746439
3.3975000381470	-3.4994304200903
3.4019999504089	-3.4783249521073
3.4065001010895	-3.4573650176167
3.4110000133514	-3.4365502204784
3.4154999256134	-3.4158796737532
3.4200000762939	-3.3953580818298
3.4244999885559	-3.3749795641398
3.4289999008179	-3.3547498506909
3.4335000514984	-3.3346644002848
3.4379999637604	-3.3147265732694
3.4425001144409	-3.2949333904493
3.4470000267029	-3.2752893745792
3.4514999389648	-3.2557903488589
3.4560000896454	-3.2364389934456
3.4605000019073	-3.2172327869516
3.4649999141693	-3.1981741801987
3.4695000648499	-3.1792605169012
3.4739999771118	-3.1604934212919
3.4784998893738	-3.1418718051703
3.4830000400543	-3.1233959217393
3.4874999523163	-3.1050678370363
3.4920001029968	-3.0868853331860
3.4965000152588	-3.0688467681513
3.5009999275208	-3.0509582998915
3.5055000782013	-3.0332137912232
3.5099999904633	-3.0156170105219
3.5144999027252	-2.9981656001046
3.5190000534058	-2.9808623773280
3.5234999656677	-2.9637049505714
3.5280001163483	-2.9466941217049
3.5325000286102	-2.9298341235509
3.5369999408722	-2.9131203333286
3.5415000915527	-2.8965531090537
3.5460000038147	-2.8801367244933
3.5504999160767	-2.8638681836375
3.5550000667572	-2.8477488671376
3.5594999790192	-2.8317798484213
3.5639998912811	-2.8159576260959
3.5685000419617	-2.8002889795334
3.5729999542236	-2.7847686006658
3.5775001049042	-2.7693978901154
3.5820000171661	-2.7541782738531
3.5864999294281	-2.7391100995963
3.5910000801086	-2.7241935552007
3.5954999923706	-2.7094246534108
3.5999999046326	-2.6948105942505
3.6045000553131	-2.6803434400813
3.6089999675751	-2.6660293292310
3.6135001182556	-2.6518672281722
3.6180000305176	-2.6378539234250
3.6224999427795	-2.6239895473913
3.6270000934601	-2.6102772127936
3.6315000057220	-2.5967130492174
3.6359999179840	-2.5832964941435
3.6405000686646	-2.5700309481153
3.6449999809265	-2.5569109862461
3.6494998931885	-2.5439386153072
3.6540000438690	-2.5311109049221
3.6584999561310	-2.5184298717494
3.6630001068115	-2.5058907463079
3.6675000190735	-2.4934970118161
3.6719999313354	-2.4812429767176
3.6765000820160	-2.4691297528656
3.6809999942780	-2.4571546377941
3.6854999065399	-2.4453182807592
3.6900000572205	-2.4336180102214
3.6944999694824	-2.4220502230334
3.6989998817444	-2.4106166314559
3.7035000324249	-2.3993127166342
3.7079999446869	-2.3881383225404
3.7125000953674	-2.3770913893976
3.7170000076294	-2.3661674653244
3.7214999198914	-2.3553684180248
3.7260000705719	-2.3446893716957
3.7304999828339	-2.3341297843257
3.7349998950958	-2.3236839083028
3.7395000457764	-2.3133546429260
3.7439999580383	-2.3031376684352
3.7485001087189	-2.2930282806574
3.7530000209808	-2.2830264890062
3.7574999332428	-2.2731305503002
3.7620000839233	-2.2633366527317
3.7664999961853	-2.2536430776312
3.7709999084473	-2.2440451592573
3.7755000591278	-2.2345440048183
3.7799999713898	-2.2251368860774
3.7844998836517	-2.2158178765611
3.7890000343323	-2.2065880033338
3.7934999465942	-2.1974455650551
3.7980000972748	-2.1883855929556
3.8025000095367	-2.1794083104655
3.8069999217987	-2.1705090860579
3.8115000724792	-2.1616877819834
3.8159999847412	-2.1529416004991
3.8204998970032	-2.1442709668329
3.8250000476837	-2.1356698591933
3.8294999599457	-2.1271385155568
3.8340001106262	-2.1186766233807
3.8385000228882	-2.1102821737529
3.8429999351501	-2.1019511341356
3.8475000858307	-2.0936831278549
3.8519999980927	-2.0854779553134
3.8564999103546	-2.0773350580495
3.8610000610352	-2.0692520731026
3.8654999732971	-2.0612282795325
3.8699998855591	-2.0532616325458
3.8745000362396	-2.0453536688341
3.8789999485016	-2.0375004535304
3.8835000991821	-2.0297072108349
3.8880000114441	-2.0219676241929
3.8924999237061	-2.0142837408728
3.8970000743866	-2.0066565767704
3.9014999866486	-1.9990846791917
3.9059998989105	-1.9915659363998
3.9105000495911	-1.9841044065842
3.9149999618530	-1.9767004787853
3.9195001125336	-1.9693510815325
3.9240000247955	-1.9620584864948
3.9284999370575	-1.9548239691359
3.9330000877380	-1.9476464480674
3.9375000000000	-1.9405289357193
3.9419999122620	-1.9334710928680
3.9465000629425	-1.9264723262774
3.9509999752045	-1.9195364711632
3.9554998874664	-1.9126625725453
3.9600000381470	-1.9058509884016
3.9644999504089	-1.8991057578893
3.9690001010895	-1.8924276609006
3.9735000133514	-1.8858142468401
3.9779999256134	-1.8792704986484
3.9825000762939	-1.8727970096055
3.9869999885559	-1.8663939457202
3.9914999008179	-1.8600636537081
3.9960000514984	-1.8538059400825
4.0005002021790	-1.8476242459917
4.0050001144409	-1.8415191270250
4.0095000267029	-1.8354917844107
4.0139999389648	-1.8295438181443
4.0184998512268	-1.8236759986176
4.0229997634888	-1.8178880169616
4.0275001525879	-1.8121856961293
4.0320000648499	-1.8065650546859
4.0364999771118	-1.8010304478102
4.0409998893738	-1.7955812867906
4.0454998016357	-1.7902207036401
4.0500001907349	-1.7849465329824
4.0545001029968	-1.7797619882361
4.0590000152588	-1.7746654609442
4.0634999275208	-1.7696582246006
4.0679998397827	-1.7647447055900
4.0725002288818	-1.7599198476161
4.0770001411438	-1.7551881097284
4.0815000534058	-1.7505464676725
4.0859999656677	-1.7459986689988
4.0904998779297	-1.7415426316740
4.0949997901917	-1.7371771763156
4.0995001792908	-1.7329037124068
4.1040000915527	-1.7287242361450
4.1085000038147	-1.7246339578832
4.1129999160767	-1.7206353443370
4.1174998283386	-1.7167282959997
4.1220002174377	-1.7129086477161
4.1265001296997	-1.7091787914923
4.1310000419617	-1.7055392133128
4.1354999542236	-1.7019869998273
4.1399998664856	-1.6985205766685
4.1444997787476	-1.6951382600857
4.1490001678467	-1.6918420451745
4.1535000801086	-1.6886299951210
4.1579999923706	-1.6854969579343
4.1624999046326	-1.6824474327293
4.1669998168945	-1.6794753186221
4.1715002059937	-1.6765833260022
4.1760001182556	-1.6737665357036
4.1805000305176	-1.6710251861761
4.1849999427795	-1.6683577485264
4.1894998550415	-1.6657605855269
4.1939997673035	-1.6632362018706
4.1985001564026	-1.6607793340229
4.2030000686646	-1.6583915711523
4.2074999809265	-1.6560683812340
4.2119998931885	-1.6538116926693
4.2164998054504	-1.6516157162767
4.2210001945496	-1.6494841749300
4.2255001068115	-1.6474107369570
4.2300000190735	-1.6453996395758
4.2344999313354	-1.6434442325548
4.2389998435974	-1.6415482059918
4.2435002326965	-1.6397052614810
4.2480001449585	-1.6379192710237
4.2525000572205	-1.6361868136526
4.2569999694824	-1.6345084515418
4.2614998817444	-1.6328835383206
4.2659997940063	-1.6313123094346
4.2705001831055	-1.6297906822710
4.2750000953674	-1.6283219335318
4.2795000076294	-1.6269067293082
4.2839999198914	-1.6255424041437
4.2884998321533	-1.6242313736051
4.2930002212524	-1.6229713402000
4.2975001335144	-1.6217664980972
4.3020000457764	-1.6206148675706
4.3064999580383	-1.6195180344720
4.3109998703003	-1.6184769856025
4.3154997825623	-1.6174939664254
4.3200001716614	-1.6165699543108
4.3245000839233	-1.6157059797706
4.3289999961853	-1.6149037292758
4.3334999084473	-1.6141670910943
4.3379998207092	-1.6134942663857
4.3425002098083	-1.6128920156210
4.3470001220703	-1.6123581587355
4.3515000343323	-1.6119005445788
4.3559999465942	-1.6115171462600
4.3604998588562	-1.6112123156509
4.3649997711182	-1.6109893792665
4.3695001602173	-1.6108523441441
4.3740000724792	-1.6108047040044
4.3784999847412	-1.6108468330309
4.3829998970032	-1.6109851706842
4.3874998092651	-1.6112226901733
4.3920001983643	-1.6115623678589
4.3965001106262	-1.6120094554993
4.4010000228882	-1.6125639859998
4.4054999351501	-1.6132359058395
4.4099998474121	-1.6140240659824
4.4145002365112	-1.6149353526417
4.4190001487732	-1.6159726141506
4.4235000610352	-1.6171402897722
4.4279999732971	-1.6184415046231
4.4324998855591	-1.6198820427401
4.4369997978210	-1.6214632123068
4.4415001869202	-1.6231939271332
4.4460000991821	-1.6250731379164
4.4505000114441	-1.6271075310722
4.4549999237061	-1.6292999053770
4.4594998359680	-1.6316545279185
4.4640002250671	-1.6341736267444
4.4685001373291	-1.6368628906560
4.4730000495911	-1.6397255258787
4.4774999618530	-1.6427629031953
4.4819998741150	-1.6459810086752
4.4864997863770	-1.6493797621922
4.4910001754761	-1.6529653065946
4.4955000877380	-1.6567371601025
4.5000000000000	-1.6607002090058
