#Parameters = {D=20; L=50}
#"Frequency / GHz"	"S1,1 (D=20) [Re]"	"S1,1 (D=20) [Im]"	"Ref.Imp. [Re]"	"Ref.Imp. [Im]"
#---------------------------------------------------------------------------------------
0.0000000000000	0.99968737363815	-0.0000000000000	73.000000000000	0.0000000000000
0.0040000001899898	0.99968630075455	-0.0017826264956966	73.000000000000	0.0000000000000
0.0080000003799796	0.99968343973160	-0.0035653663799167	73.000000000000	0.0000000000000
0.012000000104308	0.99967861175537	-0.0053483312949538	73.000000000000	0.0000000000000
0.016000000759959	0.99967181682587	-0.0071316314861178	73.000000000000	0.0000000000000
0.019999999552965	0.99966305494308	-0.0089153740555048	73.000000000000	0.0000000000000
0.024000000208616	0.99965208768845	-0.010699663311243	73.000000000000	0.0000000000000
0.028000000864267	0.99963915348053	-0.012484596110880	73.000000000000	0.0000000000000
0.032000001519918	0.99962401390076	-0.014270265586674	73.000000000000	0.0000000000000
0.035999998450279	0.99960660934448	-0.016056757420301	73.000000000000	0.0000000000000
0.039999999105930	0.99958676099777	-0.017844153568149	73.000000000000	0.0000000000000
0.043999999761581	0.99956464767456	-0.019632520154119	73.000000000000	0.0000000000000
0.048000000417233	0.99953985214233	-0.021421922370791	73.000000000000	0.0000000000000
0.052000001072884	0.99951249361038	-0.023212408646941	73.000000000000	0.0000000000000
0.056000001728535	0.99948239326477	-0.025004027411342	73.000000000000	0.0000000000000
0.059999998658895	0.99944937229156	-0.026796810328960	73.000000000000	0.0000000000000
0.064000003039837	0.99941337108612	-0.028590774163604	73.000000000000	0.0000000000000
0.068000003695488	0.99937433004379	-0.030385935679078	73.000000000000	0.0000000000000
0.071999996900558	0.99933201074600	-0.032182291150093	73.000000000000	0.0000000000000
0.075999997556210	0.99928635358810	-0.033979833126068	73.000000000000	0.0000000000000
0.079999998211861	0.99923729896545	-0.035778541117907	73.000000000000	0.0000000000000
0.083999998867512	0.99918472766876	-0.037578385323286	73.000000000000	0.0000000000000
0.087999999523163	0.99912834167480	-0.039379309862852	73.000000000000	0.0000000000000
0.092000000178814	0.99906820058823	-0.041181262582541	73.000000000000	0.0000000000000
0.096000000834465	0.99900412559509	-0.042984191328287	73.000000000000	0.0000000000000
0.10000000149012	0.99893611669540	-0.044788014143705	73.000000000000	0.0000000000000
0.10400000214577	0.99886393547058	-0.046592649072409	73.000000000000	0.0000000000000
0.10800000280142	0.99878764152527	-0.048398010432720	73.000000000000	0.0000000000000
0.11200000345707	0.99870693683624	-0.050203990191221	73.000000000000	0.0000000000000
0.11599999666214	0.99862200021744	-0.052010487765074	73.000000000000	0.0000000000000
0.11999999731779	0.99853253364563	-0.053817387670279	73.000000000000	0.0000000000000
0.12399999797344	0.99843877553940	-0.055624581873417	73.000000000000	0.0000000000000
0.12800000607967	0.99834042787552	-0.057431936264038	73.000000000000	0.0000000000000
0.13199999928474	0.99823760986328	-0.059239335358143	73.000000000000	0.0000000000000
0.13600000739098	0.99813020229340	-0.061046641319990	73.000000000000	0.0000000000000
0.14000000059605	0.99801832437515	-0.062853738665581	73.000000000000	0.0000000000000
0.14399999380112	0.99790173768997	-0.064660482108593	73.000000000000	0.0000000000000
0.14800000190735	0.99778074026108	-0.066466756165028	73.000000000000	0.0000000000000
0.15199999511242	0.99765515327454	-0.068272426724434	73.000000000000	0.0000000000000
0.15600000321865	0.99752515554428	-0.070077367126942	73.000000000000	0.0000000000000
0.15999999642372	0.99739068746567	-0.071881465613842	73.000000000000	0.0000000000000
0.16400000452995	0.99725180864334	-0.073684602975845	73.000000000000	0.0000000000000
0.16799999773502	0.99710869789124	-0.075486652553082	73.000000000000	0.0000000000000
0.17200000584126	0.99696141481400	-0.077287524938583	73.000000000000	0.0000000000000
0.17599999904633	0.99680989980698	-0.079087115824223	73.000000000000	0.0000000000000
0.18000000715256	0.99665439128876	-0.080885343253613	73.000000000000	0.0000000000000
0.18400000035763	0.99649482965469	-0.082682125270367	73.000000000000	0.0000000000000
0.18799999356270	0.99633157253265	-0.084477387368679	73.000000000000	0.0000000000000
0.19200000166893	0.99616450071335	-0.086271069943905	73.000000000000	0.0000000000000
0.19599999487400	0.99599391222000	-0.088063120841980	73.000000000000	0.0000000000000
0.20000000298023	0.99581962823868	-0.089853495359421	73.000000000000	0.0000000000000
0.20399999618530	0.99564224481583	-0.091642178595066	73.000000000000	0.0000000000000
0.20800000429153	0.99546146392822	-0.093429148197174	73.000000000000	0.0000000000000
0.21199999749660	0.99527764320374	-0.095214396715164	73.000000000000	0.0000000000000
0.21600000560284	0.99509084224701	-0.096997916698456	73.000000000000	0.0000000000000
0.21999999880791	0.99490106105804	-0.098779752850533	73.000000000000	0.0000000000000
0.22400000691414	0.99470871686935	-0.10055991262197	73.000000000000	0.0000000000000
0.22800000011921	0.99451369047165	-0.10233843326569	73.000000000000	0.0000000000000
0.23199999332428	0.99431604146957	-0.10411538928747	73.000000000000	0.0000000000000
0.23600000143051	0.99411612749100	-0.10589081048965	73.000000000000	0.0000000000000
0.23999999463558	0.99391388893127	-0.10766480118036	73.000000000000	0.0000000000000
0.24400000274181	0.99370938539505	-0.10943741351366	73.000000000000	0.0000000000000
0.24799999594688	0.99350291490555	-0.11120875179768	73.000000000000	0.0000000000000
0.25200000405312	0.99329429864883	-0.11297889798880	73.000000000000	0.0000000000000
0.25600001215935	0.99308389425278	-0.11474797129631	73.000000000000	0.0000000000000
0.25999999046326	0.99287140369415	-0.11651607602835	73.000000000000	0.0000000000000
0.26399999856949	0.99265712499619	-0.11828330904245	73.000000000000	0.0000000000000
0.26800000667572	0.99244099855423	-0.12004981935024	73.000000000000	0.0000000000000
0.27200001478195	0.99222302436829	-0.12181570380926	73.000000000000	0.0000000000000
0.27599999308586	0.99200332164764	-0.12358108907938	73.000000000000	0.0000000000000
0.28000000119209	0.99178194999695	-0.12534610927105	73.000000000000	0.0000000000000
0.28400000929832	0.99155867099762	-0.12711088359356	73.000000000000	0.0000000000000
0.28799998760223	0.99133354425430	-0.12887552380562	73.000000000000	0.0000000000000
0.29199999570847	0.99110656976700	-0.13064014911652	73.000000000000	0.0000000000000
0.29600000381470	0.99087768793106	-0.13240487873554	73.000000000000	0.0000000000000
0.30000001192093	0.99064689874649	-0.13416986167431	73.000000000000	0.0000000000000
0.30399999022484	0.99041408300400	-0.13593514263630	73.000000000000	0.0000000000000
0.30799999833107	0.99017918109894	-0.13770087063313	73.000000000000	0.0000000000000
0.31200000643730	0.98994201421738	-0.13946710526943	73.000000000000	0.0000000000000
0.31600001454353	0.98970264196396	-0.14123395085335	73.000000000000	0.0000000000000
0.31999999284744	0.98946082592010	-0.14300146698952	73.000000000000	0.0000000000000
0.32400000095367	0.98921650648117	-0.14476971328259	73.000000000000	0.0000000000000
0.32800000905991	0.98896956443787	-0.14653876423836	73.000000000000	0.0000000000000
0.33199998736382	0.98871988058090	-0.14830866456032	73.000000000000	0.0000000000000
0.33599999547005	0.98846727609634	-0.15007939934731	73.000000000000	0.0000000000000
0.34000000357628	0.98821163177490	-0.15185104310513	73.000000000000	0.0000000000000
0.34400001168251	0.98795288801193	-0.15362356603146	73.000000000000	0.0000000000000
0.34799998998642	0.98769080638885	-0.15539696812630	73.000000000000	0.0000000000000
0.35199999809265	0.98742538690567	-0.15717124938965	73.000000000000	0.0000000000000
0.35600000619888	0.98715645074844	-0.15894638001919	73.000000000000	0.0000000000000
0.36000001430511	0.98688381910324	-0.16072230041027	73.000000000000	0.0000000000000
0.36399999260902	0.98660731315613	-0.16249895095825	73.000000000000	0.0000000000000
0.36800000071526	0.98632699251175	-0.16427627205849	73.000000000000	0.0000000000000
0.37200000882149	0.98604249954224	-0.16605418920517	73.000000000000	0.0000000000000
0.37599998712540	0.98575389385223	-0.16783261299133	73.000000000000	0.0000000000000
0.37999999523163	0.98546099662781	-0.16961140930653	73.000000000000	0.0000000000000
0.38400000333786	0.98516380786896	-0.17139051854610	73.000000000000	0.0000000000000
0.38800001144409	0.98486214876175	-0.17316980659962	73.000000000000	0.0000000000000
0.39199998974800	0.98455595970154	-0.17494913935661	73.000000000000	0.0000000000000
0.39599999785423	0.98424535989761	-0.17672841250896	73.000000000000	0.0000000000000
0.40000000596046	0.98392987251282	-0.17850744724274	73.000000000000	0.0000000000000
0.40400001406670	0.98360991477966	-0.18028612434864	73.000000000000	0.0000000000000
0.40799999237061	0.98328524827957	-0.18206429481506	73.000000000000	0.0000000000000
0.41200000047684	0.98295581340790	-0.18384177982807	73.000000000000	0.0000000000000
0.41600000858307	0.98262178897858	-0.18561848998070	73.000000000000	0.0000000000000
0.41999998688698	0.98228293657303	-0.18739423155785	73.000000000000	0.0000000000000
0.42399999499321	0.98193943500519	-0.18916885554790	73.000000000000	0.0000000000000
0.42800000309944	0.98159140348434	-0.19094224274158	73.000000000000	0.0000000000000
0.43200001120567	0.98123884201050	-0.19271425902843	73.000000000000	0.0000000000000
0.43599998950958	0.98088163137436	-0.19448474049568	73.000000000000	0.0000000000000
0.43999999761581	0.98052006959915	-0.19625353813171	73.000000000000	0.0000000000000
0.44400000572205	0.98015415668488	-0.19802054762840	73.000000000000	0.0000000000000
0.44800001382828	0.97978401184082	-0.19978569447994	73.000000000000	0.0000000000000
0.45199999213219	0.97940975427628	-0.20154881477356	73.000000000000	0.0000000000000
0.45600000023842	0.97903162240982	-0.20330986380577	73.000000000000	0.0000000000000
0.46000000834465	0.97864949703217	-0.20506872236729	73.000000000000	0.0000000000000
0.46399998664856	0.97826361656189	-0.20682530105114	73.000000000000	0.0000000000000
0.46799999475479	0.97787404060364	-0.20857957005501	73.000000000000	0.0000000000000
0.47200000286102	0.97748106718063	-0.21033145487309	73.000000000000	0.0000000000000
0.47600001096725	0.97708493471146	-0.21208095550537	73.000000000000	0.0000000000000
0.47999998927116	0.97668546438217	-0.21382804214954	73.000000000000	0.0000000000000
0.48399999737740	0.97628307342529	-0.21557272970676	73.000000000000	0.0000000000000
0.48800000548363	0.97587782144547	-0.21731494367123	73.000000000000	0.0000000000000
0.49200001358986	0.97546982765198	-0.21905477344990	73.000000000000	0.0000000000000
0.49599999189377	0.97505933046341	-0.22079226374626	73.000000000000	0.0000000000000
0.50000000000000	0.97464638948441	-0.22252741456032	73.000000000000	0.0000000000000
0.50400000810623	0.97423112392426	-0.22426034510136	73.000000000000	0.0000000000000
0.50800001621246	0.97381377220154	-0.22599107027054	73.000000000000	0.0000000000000
0.51200002431870	0.97339439392090	-0.22771970927715	73.000000000000	0.0000000000000
0.51599997282028	0.97297316789627	-0.22944635152817	73.000000000000	0.0000000000000
0.51999998092651	0.97255015373230	-0.23117111623287	73.000000000000	0.0000000000000
0.52399998903275	0.97212529182434	-0.23289413750172	73.000000000000	0.0000000000000
0.52799999713898	0.97169893980026	-0.23461550474167	73.000000000000	0.0000000000000
0.53200000524521	0.97127109766006	-0.23633536696434	73.000000000000	0.0000000000000
0.53600001335144	0.97084164619446	-0.23805388808250	73.000000000000	0.0000000000000
0.54000002145767	0.97041082382202	-0.23977120220661	73.000000000000	0.0000000000000
0.54400002956390	0.96997863054276	-0.24148744344711	73.000000000000	0.0000000000000
0.54799997806549	0.96954500675201	-0.24320279061794	73.000000000000	0.0000000000000
0.55199998617172	0.96910989284515	-0.24491736292839	73.000000000000	0.0000000000000
0.55599999427795	0.96867346763611	-0.24663135409355	73.000000000000	0.0000000000000
0.56000000238419	0.96823567152023	-0.24834489822388	73.000000000000	0.0000000000000
0.56400001049042	0.96779632568359	-0.25005814433098	73.000000000000	0.0000000000000
0.56800001859665	0.96735543012619	-0.25177121162415	73.000000000000	0.0000000000000
0.57200002670288	0.96691286563873	-0.25348430871964	73.000000000000	0.0000000000000
0.57599997520447	0.96646869182587	-0.25519752502441	73.000000000000	0.0000000000000
0.57999998331070	0.96602267026901	-0.25691097974777	73.000000000000	0.0000000000000
0.58399999141693	0.96557474136353	-0.25862479209900	73.000000000000	0.0000000000000
0.58799999952316	0.96512478590012	-0.26033908128738	73.000000000000	0.0000000000000
0.59200000762939	0.96467268466949	-0.26205393671989	73.000000000000	0.0000000000000
0.59600001573563	0.96421825885773	-0.26376941800117	73.000000000000	0.0000000000000
0.60000002384186	0.96376138925552	-0.26548561453819	73.000000000000	0.0000000000000
0.60399997234344	0.96330189704895	-0.26720255613327	73.000000000000	0.0000000000000
0.60799998044968	0.96283954381943	-0.26892027258873	73.000000000000	0.0000000000000
0.61199998855591	0.96237432956696	-0.27063885331154	73.000000000000	0.0000000000000
0.61599999666214	0.96190601587296	-0.27235823869705	73.000000000000	0.0000000000000
0.62000000476837	0.96143436431885	-0.27407845854759	73.000000000000	0.0000000000000
0.62400001287460	0.96095919609070	-0.27579942345619	73.000000000000	0.0000000000000
0.62800002098083	0.96048051118851	-0.27752116322517	73.000000000000	0.0000000000000
0.63200002908707	0.95999795198441	-0.27924361824989	73.000000000000	0.0000000000000
0.63599997758865	0.95951157808304	-0.28096666932106	73.000000000000	0.0000000000000
0.63999998569489	0.95902079343796	-0.28269019722939	73.000000000000	0.0000000000000
0.64399999380112	0.95852607488632	-0.28441420197487	73.000000000000	0.0000000000000
0.64800000190735	0.95802676677704	-0.28613853454590	73.000000000000	0.0000000000000
0.65200001001358	0.95752304792404	-0.28786304593086	73.000000000000	0.0000000000000
0.65600001811981	0.95701473951340	-0.28958758711815	73.000000000000	0.0000000000000
0.66000002622604	0.95650160312653	-0.29131197929382	73.000000000000	0.0000000000000
0.66399997472763	0.95598363876343	-0.29303610324860	73.000000000000	0.0000000000000
0.66799998283386	0.95546084642410	-0.29475980997086	73.000000000000	0.0000000000000
0.67199999094009	0.95493304729462	-0.29648289084435	73.000000000000	0.0000000000000
0.67599999904633	0.95440030097961	-0.29820519685745	73.000000000000	0.0000000000000
0.68000000715256	0.95386254787445	-0.29992648959160	73.000000000000	0.0000000000000
0.68400001525879	0.95331972837448	-0.30164659023285	73.000000000000	0.0000000000000
0.68800002336502	0.95277184247971	-0.30336526036263	73.000000000000	0.0000000000000
0.69199997186661	0.95221894979477	-0.30508244037628	73.000000000000	0.0000000000000
0.69599997997284	0.95166116952896	-0.30679780244827	73.000000000000	0.0000000000000
0.69999998807907	0.95109856128693	-0.30851128697395	73.000000000000	0.0000000000000
0.70399999618530	0.95053100585938	-0.31022259593010	73.000000000000	0.0000000000000
0.70800000429153	0.94995880126953	-0.31193169951439	73.000000000000	0.0000000000000
0.71200001239777	0.94938194751740	-0.31363829970360	73.000000000000	0.0000000000000
0.71600002050400	0.94880062341690	-0.31534233689308	73.000000000000	0.0000000000000
0.72000002861023	0.94821488857269	-0.31704360246658	73.000000000000	0.0000000000000
0.72399997711182	0.94762510061264	-0.31874203681946	73.000000000000	0.0000000000000
0.72799998521805	0.94703114032745	-0.32043746113777	73.000000000000	0.0000000000000
0.73199999332428	0.94643330574036	-0.32212978601456	73.000000000000	0.0000000000000
0.73600000143051	0.94583183526993	-0.32381895184517	73.000000000000	0.0000000000000
0.74000000953674	0.94522672891617	-0.32550486922264	73.000000000000	0.0000000000000
0.74400001764297	0.94461852312088	-0.32718750834465	73.000000000000	0.0000000000000
0.74800002574921	0.94400703907013	-0.32886683940887	73.000000000000	0.0000000000000
0.75199997425079	0.94339263439178	-0.33054283261299	73.000000000000	0.0000000000000
0.75599998235703	0.94277560710907	-0.33221545815468	73.000000000000	0.0000000000000
0.75999999046326	0.94215601682663	-0.33388486504555	73.000000000000	0.0000000000000
0.76399999856949	0.94153410196304	-0.33555099368095	73.000000000000	0.0000000000000
0.76800000667572	0.94091004133224	-0.33721387386322	73.000000000000	0.0000000000000
0.77200001478195	0.94028419256210	-0.33887371420860	73.000000000000	0.0000000000000
0.77600002288818	0.93965637683868	-0.34053045511246	73.000000000000	0.0000000000000
0.77999997138977	0.93902713060379	-0.34218433499336	73.000000000000	0.0000000000000
0.78399997949600	0.93839639425278	-0.34383547306061	73.000000000000	0.0000000000000
0.78799998760223	0.93776440620422	-0.34548395872116	73.000000000000	0.0000000000000
0.79199999570847	0.93713116645813	-0.34712991118431	73.000000000000	0.0000000000000
0.79600000381470	0.93649685382843	-0.34877362847328	73.000000000000	0.0000000000000
0.80000001192093	0.93586170673370	-0.35041522979736	73.000000000000	0.0000000000000
0.80400002002716	0.93522560596466	-0.35205486416817	73.000000000000	0.0000000000000
0.80800002813339	0.93458873033524	-0.35369279980659	73.000000000000	0.0000000000000
0.81199997663498	0.93395119905472	-0.35532915592194	73.000000000000	0.0000000000000
0.81599998474121	0.93331277370453	-0.35696420073509	73.000000000000	0.0000000000000
0.81999999284744	0.93267375230789	-0.35859817266464	73.000000000000	0.0000000000000
0.82400000095367	0.93203383684158	-0.36023116111755	73.000000000000	0.0000000000000
0.82800000905991	0.93139320611954	-0.36186349391937	73.000000000000	0.0000000000000
0.83200001716614	0.93075174093246	-0.36349537968636	73.000000000000	0.0000000000000
0.83600002527237	0.93010932207108	-0.36512687802315	73.000000000000	0.0000000000000
0.83999997377396	0.92946588993073	-0.36675840616226	73.000000000000	0.0000000000000
0.84399998188019	0.92882138490677	-0.36838993430138	73.000000000000	0.0000000000000
0.84799998998642	0.92817556858063	-0.37002170085907	73.000000000000	0.0000000000000
0.85199999809265	0.92752832174301	-0.37165391445160	73.000000000000	0.0000000000000
0.85600000619888	0.92687958478928	-0.37328672409058	73.000000000000	0.0000000000000
0.86000001430511	0.92622900009155	-0.37492012977600	73.000000000000	0.0000000000000
0.86400002241135	0.92557632923126	-0.37655442953110	73.000000000000	0.0000000000000
0.86799997091293	0.92492175102234	-0.37818953394890	73.000000000000	0.0000000000000
0.87199997901917	0.92426466941833	-0.37982568144798	73.000000000000	0.0000000000000
0.87599998712540	0.92360496520996	-0.38146281242371	73.000000000000	0.0000000000000
0.87999999523163	0.92294245958328	-0.38310101628304	73.000000000000	0.0000000000000
0.88400000333786	0.92227691411972	-0.38474029302597	73.000000000000	0.0000000000000
0.88800001144409	0.92160815000534	-0.38638064265251	73.000000000000	0.0000000000000
0.89200001955032	0.92093575000763	-0.38802203536034	73.000000000000	0.0000000000000
0.89600002765656	0.92025965452194	-0.38966435194016	73.000000000000	0.0000000000000
0.89999997615814	0.91957956552505	-0.39130756258965	73.000000000000	0.0000000000000
0.90399998426437	0.91889524459839	-0.39295166730881	73.000000000000	0.0000000000000
0.90799999237061	0.91820657253265	-0.39459636807442	73.000000000000	0.0000000000000
0.91200000047684	0.91751325130463	-0.39624163508415	73.000000000000	0.0000000000000
0.91600000858307	0.91681516170502	-0.39788728952408	73.000000000000	0.0000000000000
0.92000001668930	0.91611200571060	-0.39953309297562	73.000000000000	0.0000000000000
0.92400002479553	0.91540378332138	-0.40117895603180	73.000000000000	0.0000000000000
0.92799997329712	0.91469031572342	-0.40282461047173	73.000000000000	0.0000000000000
0.93199998140335	0.91397142410278	-0.40446987748146	73.000000000000	0.0000000000000
0.93599998950958	0.91324698925018	-0.40611445903778	73.000000000000	0.0000000000000
0.93999999761581	0.91251707077026	-0.40775814652443	73.000000000000	0.0000000000000
0.94400000572205	0.91178148984909	-0.40940073132515	73.000000000000	0.0000000000000
0.94800001382828	0.91104030609131	-0.41104188561440	73.000000000000	0.0000000000000
0.95200002193451	0.91029334068298	-0.41268140077591	73.000000000000	0.0000000000000
0.95599997043610	0.90954077243805	-0.41431897878647	73.000000000000	0.0000000000000
0.95999997854233	0.90878254175186	-0.41595438122749	73.000000000000	0.0000000000000
0.96399998664856	0.90801882743835	-0.41758733987808	73.000000000000	0.0000000000000
0.96799999475479	0.90724962949753	-0.41921758651733	73.000000000000	0.0000000000000
0.97200000286102	0.90647494792938	-0.42084503173828	73.000000000000	0.0000000000000
0.97600001096725	0.90569519996643	-0.42246901988983	73.000000000000	0.0000000000000
0.98000001907349	0.90491020679474	-0.42408993840218	73.000000000000	0.0000000000000
0.98400002717972	0.90412050485611	-0.42570698261261	73.000000000000	0.0000000000000
0.98799997568130	0.90332591533661	-0.42732053995132	73.000000000000	0.0000000000000
0.99199998378754	0.90252715349197	-0.42892935872078	73.000000000000	0.0000000000000
0.99599999189377	0.90172380208969	-0.43053480982780	73.000000000000	0.0000000000000
1.0000000000000	0.90091639757156	-0.43213608860970	73.000000000000	0.0000000000000
1.0039999485016	0.90010535717010	-0.43373277783394	73.000000000000	0.0000000000000
1.0080000162125	0.89929074048996	-0.43532499670982	73.000000000000	0.0000000000000
1.0119999647141	0.89847290515900	-0.43691283464432	73.000000000000	0.0000000000000
1.0160000324249	0.89765226840973	-0.43849596381187	73.000000000000	0.0000000000000
1.0199999809265	0.89682883024216	-0.44007438421249	73.000000000000	0.0000000000000
1.0240000486374	0.89600294828415	-0.44164872169495	73.000000000000	0.0000000000000
1.0279999971390	0.89517492055893	-0.44321864843369	73.000000000000	0.0000000000000
1.0319999456406	0.89434534311295	-0.44478338956833	73.000000000000	0.0000000000000
1.0360000133514	0.89351397752762	-0.44634437561035	73.000000000000	0.0000000000000
1.0399999618530	0.89268130064011	-0.44790127873421	73.000000000000	0.0000000000000
1.0440000295639	0.89184737205505	-0.44945424795151	73.000000000000	0.0000000000000
1.0479999780655	0.89101290702820	-0.45100298523903	73.000000000000	0.0000000000000
1.0520000457764	0.89017778635025	-0.45254805684090	73.000000000000	0.0000000000000
1.0559999942780	0.88934218883514	-0.45408993959427	73.000000000000	0.0000000000000
1.0599999427795	0.88850629329681	-0.45562839508057	73.000000000000	0.0000000000000
1.0640000104904	0.88767039775848	-0.45716392993927	73.000000000000	0.0000000000000
1.0679999589920	0.88683456182480	-0.45869666337967	73.000000000000	0.0000000000000
1.0720000267029	0.88599872589111	-0.46022716164589	73.000000000000	0.0000000000000
1.0759999752045	0.88516318798065	-0.46175548434258	73.000000000000	0.0000000000000
1.0800000429153	0.88432806730270	-0.46328169107437	73.000000000000	0.0000000000000
1.0839999914169	0.88349282741547	-0.46480724215508	73.000000000000	0.0000000000000
1.0880000591278	0.88265806436539	-0.46633079648018	73.000000000000	0.0000000000000
1.0920000076294	0.88182371854782	-0.46785333752632	73.000000000000	0.0000000000000
1.0959999561310	0.88098949193954	-0.46937534213066	73.000000000000	0.0000000000000
1.1000000238419	0.88015514612198	-0.47089719772339	73.000000000000	0.0000000000000
1.1039999723434	0.87932091951370	-0.47241899371147	73.000000000000	0.0000000000000
1.1080000400543	0.87848627567291	-0.47394114732742	73.000000000000	0.0000000000000
1.1119999885559	0.87765163183212	-0.47546315193176	73.000000000000	0.0000000000000
1.1160000562668	0.87681621313095	-0.47698637843132	73.000000000000	0.0000000000000
1.1200000047684	0.87597972154617	-0.47851064801216	73.000000000000	0.0000000000000
1.1239999532700	0.87514233589172	-0.48003599047661	73.000000000000	0.0000000000000
1.1280000209808	0.87430375814438	-0.48156222701073	73.000000000000	0.0000000000000
1.1319999694824	0.87346345186234	-0.48309034109116	73.000000000000	0.0000000000000
1.1360000371933	0.87262117862701	-0.48461997509003	73.000000000000	0.0000000000000
1.1399999856949	0.87177675962448	-0.48615136742592	73.000000000000	0.0000000000000
1.1440000534058	0.87092965841293	-0.48768454790115	73.000000000000	0.0000000000000
1.1480000019073	0.87007957696915	-0.48921945691109	73.000000000000	0.0000000000000
1.1519999504089	0.86922627687454	-0.49075627326965	73.000000000000	0.0000000000000
1.1560000181198	0.86836946010590	-0.49229478836060	73.000000000000	0.0000000000000
1.1599999666214	0.86750864982605	-0.49383509159088	73.000000000000	0.0000000000000
1.1640000343323	0.86664342880249	-0.49537694454193	73.000000000000	0.0000000000000
1.1679999828339	0.86577379703522	-0.49692037701607	73.000000000000	0.0000000000000
1.1720000505447	0.86489909887314	-0.49846515059471	73.000000000000	0.0000000000000
1.1759999990463	0.86401927471161	-0.50001102685928	73.000000000000	0.0000000000000
1.1799999475479	0.86313384771347	-0.50155788660049	73.000000000000	0.0000000000000
1.1840000152588	0.86224263906479	-0.50310552120209	73.000000000000	0.0000000000000
1.1879999637604	0.86134552955627	-0.50465345382690	73.000000000000	0.0000000000000
1.1920000314713	0.86044204235077	-0.50620156526566	73.000000000000	0.0000000000000
1.1959999799728	0.85953217744827	-0.50774949789047	73.000000000000	0.0000000000000
1.2000000476837	0.85861569643021	-0.50929695367813	73.000000000000	0.0000000000000
1.2039999961853	0.85769242048264	-0.51084357500076	73.000000000000	0.0000000000000
1.2079999446869	0.85676234960556	-0.51238894462585	73.000000000000	0.0000000000000
1.2120000123978	0.85582542419434	-0.51393264532089	73.000000000000	0.0000000000000
1.2159999608994	0.85488164424896	-0.51547443866730	73.000000000000	0.0000000000000
1.2200000286102	0.85393077135086	-0.51701384782791	73.000000000000	0.0000000000000
1.2239999771118	0.85297316312790	-0.51855051517487	73.000000000000	0.0000000000000
1.2280000448227	0.85200870037079	-0.52008408308029	73.000000000000	0.0000000000000
1.2319999933243	0.85103750228882	-0.52161407470703	73.000000000000	0.0000000000000
1.2359999418259	0.85005974769592	-0.52314031124115	73.000000000000	0.0000000000000
1.2400000095367	0.84907561540604	-0.52466225624084	73.000000000000	0.0000000000000
1.2439999580383	0.84808540344238	-0.52617967128754	73.000000000000	0.0000000000000
1.2480000257492	0.84708923101425	-0.52769225835800	73.000000000000	0.0000000000000
1.2519999742508	0.84608763456345	-0.52919971942902	73.000000000000	0.0000000000000
1.2560000419617	0.84508049488068	-0.53070181608200	73.000000000000	0.0000000000000
1.2599999904633	0.84406846761703	-0.53219819068909	73.000000000000	0.0000000000000
1.2640000581741	0.84305191040039	-0.53368884325027	73.000000000000	0.0000000000000
1.2680000066757	0.84203082323074	-0.53517341613770	73.000000000000	0.0000000000000
1.2719999551773	0.84100615978241	-0.53665184974670	73.000000000000	0.0000000000000
1.2760000228882	0.83997792005539	-0.53812402486801	73.000000000000	0.0000000000000
1.2799999713898	0.83894670009613	-0.53958994150162	73.000000000000	0.0000000000000
1.2840000391006	0.83791261911392	-0.54104954004288	73.000000000000	0.0000000000000
1.2879999876022	0.83687651157379	-0.54250276088715	73.000000000000	0.0000000000000
1.2920000553131	0.83583849668503	-0.54394990205765	73.000000000000	0.0000000000000
1.2960000038147	0.83479928970337	-0.54539096355438	73.000000000000	0.0000000000000
1.2999999523163	0.83375900983810	-0.54682588577271	73.000000000000	0.0000000000000
1.3040000200272	0.83271813392639	-0.54825508594513	73.000000000000	0.0000000000000
1.3079999685287	0.83167690038681	-0.54967874288559	73.000000000000	0.0000000000000
1.3120000362396	0.83063590526581	-0.55109709501266	73.000000000000	0.0000000000000
1.3159999847412	0.82959550619125	-0.55251038074493	73.000000000000	0.0000000000000
1.3200000524521	0.82855570316315	-0.55391901731491	73.000000000000	0.0000000000000
1.3240000009537	0.82751703262329	-0.55532330274582	73.000000000000	0.0000000000000
1.3279999494553	0.82647955417633	-0.55672365427017	73.000000000000	0.0000000000000
1.3320000171661	0.82544374465942	-0.55812036991119	73.000000000000	0.0000000000000
1.3359999656677	0.82440942525864	-0.55951404571533	73.000000000000	0.0000000000000
1.3400000333786	0.82337683439255	-0.56090503931046	73.000000000000	0.0000000000000
1.3439999818802	0.82234603166580	-0.56229382753372	73.000000000000	0.0000000000000
1.3480000495911	0.82131719589233	-0.56368094682693	73.000000000000	0.0000000000000
1.3519999980927	0.82029014825821	-0.56506663560867	73.000000000000	0.0000000000000
1.3559999465942	0.81926506757736	-0.56645166873932	73.000000000000	0.0000000000000
1.3600000143051	0.81824141740799	-0.56783622503281	73.000000000000	0.0000000000000
1.3639999628067	0.81721943616867	-0.56922101974487	73.000000000000	0.0000000000000
1.3680000305176	0.81619876623154	-0.57060641050339	73.000000000000	0.0000000000000
1.3719999790192	0.81517934799194	-0.57199269533157	73.000000000000	0.0000000000000
1.3760000467300	0.81416058540344	-0.57338052988052	73.000000000000	0.0000000000000
1.3799999952316	0.81314241886139	-0.57477003335953	73.000000000000	0.0000000000000
1.3839999437332	0.81212437152863	-0.57616186141968	73.000000000000	0.0000000000000
1.3880000114441	0.81110608577728	-0.57755613327026	73.000000000000	0.0000000000000
1.3919999599457	0.81008708477020	-0.57895320653915	73.000000000000	0.0000000000000
1.3960000276566	0.80906701087952	-0.58035337924957	73.000000000000	0.0000000000000
1.3999999761581	0.80804532766342	-0.58175671100616	73.000000000000	0.0000000000000
1.4040000438690	0.80702149868011	-0.58316344022751	73.000000000000	0.0000000000000
1.4079999923706	0.80599498748779	-0.58457374572754	73.000000000000	0.0000000000000
1.4119999408722	0.80496537685394	-0.58598762750626	73.000000000000	0.0000000000000
1.4160000085831	0.80393189191818	-0.58740514516830	73.000000000000	0.0000000000000
1.4199999570847	0.80289429426193	-0.58882623910904	73.000000000000	0.0000000000000
1.4240000247955	0.80185186862946	-0.59025073051453	73.000000000000	0.0000000000000
1.4279999732971	0.80080384016037	-0.59167873859406	73.000000000000	0.0000000000000
1.4320000410080	0.79975014925003	-0.59310978651047	73.000000000000	0.0000000000000
1.4359999895096	0.79869008064270	-0.59454381465912	73.000000000000	0.0000000000000
1.4400000572205	0.79762297868729	-0.59598046541214	73.000000000000	0.0000000000000
1.4440000057220	0.79654854536057	-0.59741955995560	73.000000000000	0.0000000000000
1.4479999542236	0.79546630382538	-0.59886044263840	73.000000000000	0.0000000000000
1.4520000219345	0.79437595605850	-0.60030293464661	73.000000000000	0.0000000000000
1.4559999704361	0.79327690601349	-0.60174638032913	73.000000000000	0.0000000000000
1.4600000381470	0.79216903448105	-0.60319048166275	73.000000000000	0.0000000000000
1.4639999866486	0.79105192422867	-0.60463470220566	73.000000000000	0.0000000000000
1.4680000543594	0.78992545604706	-0.60607820749283	73.000000000000	0.0000000000000
1.4720000028610	0.78878939151764	-0.60752075910568	73.000000000000	0.0000000000000
1.4759999513626	0.78764355182648	-0.60896164178848	73.000000000000	0.0000000000000
1.4800000190735	0.78648805618286	-0.61040019989014	73.000000000000	0.0000000000000
1.4839999675751	0.78532272577286	-0.61183595657349	73.000000000000	0.0000000000000
1.4880000352859	0.78414762020111	-0.61326813697815	73.000000000000	0.0000000000000
1.4919999837875	0.78296297788620	-0.61469626426697	73.000000000000	0.0000000000000
1.4960000514984	0.78176879882812	-0.61611968278885	73.000000000000	0.0000000000000
1.5000000000000	0.78056538105011	-0.61753785610199	73.000000000000	0.0000000000000
1.5039999485016	0.77935326099396	-0.61895012855530	73.000000000000	0.0000000000000
1.5080000162125	0.77813220024109	-0.62035614252090	73.000000000000	0.0000000000000
1.5119999647141	0.77690297365189	-0.62175512313843	73.000000000000	0.0000000000000
1.5160000324249	0.77566593885422	-0.62314689159393	73.000000000000	0.0000000000000
1.5199999809265	0.77442157268524	-0.62453091144562	73.000000000000	0.0000000000000
1.5240000486374	0.77317047119141	-0.62590676546097	73.000000000000	0.0000000000000
1.5279999971390	0.77191311120987	-0.62727421522141	73.000000000000	0.0000000000000
1.5319999456406	0.77065008878708	-0.62863296270370	73.000000000000	0.0000000000000
1.5360000133514	0.76938194036484	-0.62998276948929	73.000000000000	0.0000000000000
1.5399999618530	0.76810938119888	-0.63132339715958	73.000000000000	0.0000000000000
1.5440000295639	0.76683324575424	-0.63265502452850	73.000000000000	0.0000000000000
1.5479999780655	0.76555377244949	-0.63397747278214	73.000000000000	0.0000000000000
1.5520000457764	0.76427209377289	-0.63529068231583	73.000000000000	0.0000000000000
1.5559999942780	0.76298850774765	-0.63659501075745	73.000000000000	0.0000000000000
1.5599999427795	0.76170390844345	-0.63789039850235	73.000000000000	0.0000000000000
1.5640000104904	0.76041883230209	-0.63917732238770	73.000000000000	0.0000000000000
1.5679999589920	0.75913387537003	-0.64045596122742	73.000000000000	0.0000000000000
1.5720000267029	0.75784993171692	-0.64172673225403	73.000000000000	0.0000000000000
1.5759999752045	0.75656700134277	-0.64299005270004	73.000000000000	0.0000000000000
1.5800000429153	0.75528597831726	-0.64424645900726	73.000000000000	0.0000000000000
1.5839999914169	0.75400733947754	-0.64549648761749	73.000000000000	0.0000000000000
1.5880000591278	0.75273132324219	-0.64674073457718	73.000000000000	0.0000000000000
1.5920000076294	0.75145852565765	-0.64797991514206	73.000000000000	0.0000000000000
1.5959999561310	0.75018882751465	-0.64921462535858	73.000000000000	0.0000000000000
1.6000000238419	0.74892288446426	-0.65044575929642	73.000000000000	0.0000000000000
1.6039999723434	0.74766063690186	-0.65167403221130	73.000000000000	0.0000000000000
1.6080000400543	0.74640202522278	-0.65290004014969	73.000000000000	0.0000000000000
1.6119999885559	0.74514758586884	-0.65412485599518	73.000000000000	0.0000000000000
1.6160000562668	0.74389666318893	-0.65534907579422	73.000000000000	0.0000000000000
1.6200000047684	0.74264925718307	-0.65657353401184	73.000000000000	0.0000000000000
1.6239999532700	0.74140542745590	-0.65779930353165	73.000000000000	0.0000000000000
1.6280000209808	0.74016439914703	-0.65902680158615	73.000000000000	0.0000000000000
1.6319999694824	0.73892617225647	-0.66025698184967	73.000000000000	0.0000000000000
1.6360000371933	0.73768997192383	-0.66149061918259	73.000000000000	0.0000000000000
1.6399999856949	0.73645550012589	-0.66272836923599	73.000000000000	0.0000000000000
1.6440000534058	0.73522198200226	-0.66397088766098	73.000000000000	0.0000000000000
1.6480000019073	0.73398876190186	-0.66521877050400	73.000000000000	0.0000000000000
1.6519999504089	0.73275506496429	-0.66647255420685	73.000000000000	0.0000000000000
1.6560000181198	0.73152017593384	-0.66773289442062	73.000000000000	0.0000000000000
1.6599999666214	0.73028308153152	-0.66899991035461	73.000000000000	0.0000000000000
1.6640000343323	0.72904282808304	-0.67027419805527	73.000000000000	0.0000000000000
1.6679999828339	0.72779858112335	-0.67155587673187	73.000000000000	0.0000000000000
1.6720000505447	0.72654938697815	-0.67284536361694	73.000000000000	0.0000000000000
1.6759999990463	0.72529399394989	-0.67414230108261	73.000000000000	0.0000000000000
1.6799999475479	0.72403186559677	-0.67544716596603	73.000000000000	0.0000000000000
1.6840000152588	0.72276133298874	-0.67675954103470	73.000000000000	0.0000000000000
1.6879999637604	0.72148162126541	-0.67807930707932	73.000000000000	0.0000000000000
1.6920000314713	0.72019165754318	-0.67940640449524	73.000000000000	0.0000000000000
1.6959999799728	0.71889060735703	-0.68074011802673	73.000000000000	0.0000000000000
1.7000000476837	0.71757733821869	-0.68208020925522	73.000000000000	0.0000000000000
1.7039999961853	0.71625095605850	-0.68342596292496	73.000000000000	0.0000000000000
1.7079999446869	0.71491020917892	-0.68477684259415	73.000000000000	0.0000000000000
1.7120000123978	0.71355462074280	-0.68613213300705	73.000000000000	0.0000000000000
1.7159999608994	0.71218317747116	-0.68749082088470	73.000000000000	0.0000000000000
1.7200000286102	0.71079534292221	-0.68885231018066	73.000000000000	0.0000000000000
1.7239999771118	0.70939028263092	-0.69021540880203	73.000000000000	0.0000000000000
1.7280000448227	0.70796763896942	-0.69157928228378	73.000000000000	0.0000000000000
1.7319999933243	0.70652651786804	-0.69294273853302	73.000000000000	0.0000000000000
1.7359999418259	0.70506680011749	-0.69430482387543	73.000000000000	0.0000000000000
1.7400000095367	0.70358818769455	-0.69566416740417	73.000000000000	0.0000000000000
1.7439999580383	0.70209074020386	-0.69701975584030	73.000000000000	0.0000000000000
1.7480000257492	0.70057374238968	-0.69837033748627	73.000000000000	0.0000000000000
1.7519999742508	0.69903779029846	-0.69971477985382	73.000000000000	0.0000000000000
1.7560000419617	0.69748270511627	-0.70105183124542	73.000000000000	0.0000000000000
1.7599999904633	0.69590884447098	-0.70238041877747	73.000000000000	0.0000000000000
1.7640000581741	0.69431638717651	-0.70369923114777	73.000000000000	0.0000000000000
1.7680000066757	0.69270610809326	-0.70500731468201	73.000000000000	0.0000000000000
1.7719999551773	0.69107818603516	-0.70630359649658	73.000000000000	0.0000000000000
1.7760000228882	0.68943339586258	-0.70758700370789	73.000000000000	0.0000000000000
1.7799999713898	0.68777257204056	-0.70885658264160	73.000000000000	0.0000000000000
1.7840000391006	0.68609648942947	-0.71011167764664	73.000000000000	0.0000000000000
1.7879999876022	0.68440580368042	-0.71135127544403	73.000000000000	0.0000000000000
1.7920000553131	0.68270194530487	-0.71257477998734	73.000000000000	0.0000000000000
1.7960000038147	0.68098545074463	-0.71378171443939	73.000000000000	0.0000000000000
1.7999999523163	0.67925781011581	-0.71497142314911	73.000000000000	0.0000000000000
1.8040000200272	0.67751991748810	-0.71614378690720	73.000000000000	0.0000000000000
1.8079999685287	0.67577290534973	-0.71729850769043	73.000000000000	0.0000000000000
1.8120000362396	0.67401814460754	-0.71843540668488	73.000000000000	0.0000000000000
1.8159999847412	0.67225664854050	-0.71955454349518	73.000000000000	0.0000000000000
1.8200000524521	0.67048949003220	-0.72065615653992	73.000000000000	0.0000000000000
1.8240000009537	0.66871780157089	-0.72174042463303	73.000000000000	0.0000000000000
1.8279999494553	0.66694295406342	-0.72280788421631	73.000000000000	0.0000000000000
1.8320000171661	0.66516572237015	-0.72385901212692	73.000000000000	0.0000000000000
1.8359999656677	0.66338711977005	-0.72489452362061	73.000000000000	0.0000000000000
1.8400000333786	0.66160815954208	-0.72591519355774	73.000000000000	0.0000000000000
1.8439999818802	0.65982961654663	-0.72692185640335	73.000000000000	0.0000000000000
1.8480000495911	0.65805208683014	-0.72791570425034	73.000000000000	0.0000000000000
1.8519999980927	0.65627628564835	-0.72889757156372	73.000000000000	0.0000000000000
1.8559999465942	0.65450263023376	-0.72986894845963	73.000000000000	0.0000000000000
1.8600000143051	0.65273135900497	-0.73083090782166	73.000000000000	0.0000000000000
1.8639999628067	0.65096276998520	-0.73178488016129	73.000000000000	0.0000000000000
1.8680000305176	0.64919698238373	-0.73273205757141	73.000000000000	0.0000000000000
1.8719999790192	0.64743357896805	-0.73367422819138	73.000000000000	0.0000000000000
1.8760000467300	0.64567226171494	-0.73461252450943	73.000000000000	0.0000000000000
1.8799999952316	0.64391303062439	-0.73554837703705	73.000000000000	0.0000000000000
1.8839999437332	0.64215439558029	-0.73648345470428	73.000000000000	0.0000000000000
1.8880000114441	0.64039599895477	-0.73741900920868	73.000000000000	0.0000000000000
1.8919999599457	0.63863688707352	-0.73835635185242	73.000000000000	0.0000000000000
1.8960000276566	0.63687545061111	-0.73929685354233	73.000000000000	0.0000000000000
1.8999999761581	0.63511043787003	-0.74024158716202	73.000000000000	0.0000000000000
1.9040000438690	0.63334023952484	-0.74119174480438	73.000000000000	0.0000000000000
1.9079999923706	0.63156324625015	-0.74214828014374	73.000000000000	0.0000000000000
1.9119999408722	0.62977725267410	-0.74311190843582	73.000000000000	0.0000000000000
1.9160000085831	0.62798029184341	-0.74408340454102	73.000000000000	0.0000000000000
1.9199999570847	0.62617039680481	-0.74506324529648	73.000000000000	0.0000000000000
1.9240000247955	0.62434464693069	-0.74605160951614	73.000000000000	0.0000000000000
1.9279999732971	0.62250107526779	-0.74704861640930	73.000000000000	0.0000000000000
1.9320000410080	0.62063699960709	-0.74805414676666	73.000000000000	0.0000000000000
1.9359999895096	0.61874955892563	-0.74906772375107	73.000000000000	0.0000000000000
1.9400000572205	0.61683613061905	-0.75008881092072	73.000000000000	0.0000000000000
1.9440000057220	0.61489397287369	-0.75111639499664	73.000000000000	0.0000000000000
1.9479999542236	0.61292046308517	-0.75214946269989	73.000000000000	0.0000000000000
1.9520000219345	0.61091268062592	-0.75318628549576	73.000000000000	0.0000000000000
1.9559999704361	0.60886758565903	-0.75422531366348	73.000000000000	0.0000000000000
1.9600000381470	0.60678297281265	-0.75526446104050	73.000000000000	0.0000000000000
1.9639999866486	0.60465592145920	-0.75630134344101	73.000000000000	0.0000000000000
1.9680000543594	0.60248410701752	-0.75733333826065	73.000000000000	0.0000000000000
1.9720000028610	0.60026490688324	-0.75835764408112	73.000000000000	0.0000000000000
1.9759999513626	0.59799623489380	-0.75937098264694	73.000000000000	0.0000000000000
1.9800000190735	0.59567600488663	-0.76036989688873	73.000000000000	0.0000000000000
1.9839999675751	0.59330236911774	-0.76135063171387	73.000000000000	0.0000000000000
1.9880000352859	0.59087371826172	-0.76230925321579	73.000000000000	0.0000000000000
1.9919999837875	0.58838868141174	-0.76324152946472	73.000000000000	0.0000000000000
1.9960000514984	0.58584606647491	-0.76414287090302	73.000000000000	0.0000000000000
2.0000000000000	0.58324557542801	-0.76500880718231	73.000000000000	0.0000000000000
2.0039999485016	0.58058613538742	-0.76583433151245	73.000000000000	0.0000000000000
2.0079998970032	0.57786816358566	-0.76661455631256	73.000000000000	0.0000000000000
2.0120000839233	0.57509166002274	-0.76734423637390	73.000000000000	0.0000000000000
2.0160000324249	0.57225739955902	-0.76801812648773	73.000000000000	0.0000000000000
2.0199999809265	0.56936651468277	-0.76863092184067	73.000000000000	0.0000000000000
2.0239999294281	0.56642025709152	-0.76917725801468	73.000000000000	0.0000000000000
2.0280001163483	0.56342071294785	-0.76965165138245	73.000000000000	0.0000000000000
2.0320000648499	0.56037026643753	-0.77004855871201	73.000000000000	0.0000000000000
2.0360000133514	0.55727148056030	-0.77036291360855	73.000000000000	0.0000000000000
2.0399999618530	0.55412781238556	-0.77058923244476	73.000000000000	0.0000000000000
2.0439999103546	0.55094289779663	-0.77072238922119	73.000000000000	0.0000000000000
2.0480000972748	0.54772061109543	-0.77075737714767	73.000000000000	0.0000000000000
2.0520000457764	0.54446578025818	-0.77068930864334	73.000000000000	0.0000000000000
2.0559999942780	0.54118323326111	-0.77051347494125	73.000000000000	0.0000000000000
2.0599999427795	0.53787839412689	-0.77022582292557	73.000000000000	0.0000000000000
2.0639998912811	0.53455698490143	-0.76982200145721	73.000000000000	0.0000000000000
2.0680000782013	0.53122544288635	-0.76929831504822	73.000000000000	0.0000000000000
2.0720000267029	0.52789014577866	-0.76865154504776	73.000000000000	0.0000000000000
2.0759999752045	0.52455782890320	-0.76787835359573	73.000000000000	0.0000000000000
2.0799999237061	0.52123606204987	-0.76697653532028	73.000000000000	0.0000000000000
2.0840001106262	0.51793205738068	-0.76594382524490	73.000000000000	0.0000000000000
2.0880000591278	0.51465362310410	-0.76477849483490	73.000000000000	0.0000000000000
2.0920000076294	0.51140910387039	-0.76347947120667	73.000000000000	0.0000000000000
2.0959999561310	0.50820642709732	-0.76204609870911	73.000000000000	0.0000000000000
2.0999999046326	0.50505405664444	-0.76047837734222	73.000000000000	0.0000000000000
2.1040000915527	0.50196045637131	-0.75877678394318	73.000000000000	0.0000000000000
2.1080000400543	0.49893432855606	-0.75694239139557	73.000000000000	0.0000000000000
2.1119999885559	0.49598398804665	-0.75497692823410	73.000000000000	0.0000000000000
2.1159999370575	0.49311843514442	-0.75288242101669	73.000000000000	0.0000000000000
2.1199998855591	0.49034577608109	-0.75066190958023	73.000000000000	0.0000000000000
2.1240000724792	0.48767492175102	-0.74831885099411	73.000000000000	0.0000000000000
2.1280000209808	0.48511412739754	-0.74585735797882	73.000000000000	0.0000000000000
2.1319999694824	0.48267126083374	-0.74328190088272	73.000000000000	0.0000000000000
2.1359999179840	0.48035475611687	-0.74059802293777	73.000000000000	0.0000000000000
2.1400001049042	0.47817185521126	-0.73781144618988	73.000000000000	0.0000000000000
2.1440000534058	0.47613003849983	-0.73492854833603	73.000000000000	0.0000000000000
2.1480000019073	0.47423639893532	-0.73195624351501	73.000000000000	0.0000000000000
2.1519999504089	0.47249749302864	-0.72890216112137	73.000000000000	0.0000000000000
2.1559998989105	0.47091943025589	-0.72577416896820	73.000000000000	0.0000000000000
2.1600000858307	0.46950790286064	-0.72258067131042	73.000000000000	0.0000000000000
2.1640000343323	0.46826824545860	-0.71933060884476	73.000000000000	0.0000000000000
2.1679999828339	0.46720489859581	-0.71603327989578	73.000000000000	0.0000000000000
2.1719999313354	0.46632197499275	-0.71269834041595	73.000000000000	0.0000000000000
2.1760001182556	0.46562281250954	-0.70933568477631	73.000000000000	0.0000000000000
2.1800000667572	0.46511039137840	-0.70595568418503	73.000000000000	0.0000000000000
2.1840000152588	0.46478670835495	-0.70256876945496	73.000000000000	0.0000000000000
2.1879999637604	0.46465325355530	-0.69918560981750	73.000000000000	0.0000000000000
2.1919999122620	0.46471098065376	-0.69581711292267	73.000000000000	0.0000000000000
2.1960000991821	0.46495983004570	-0.69247412681580	73.000000000000	0.0000000000000
2.2000000476837	0.46539899706841	-0.68916773796082	73.000000000000	0.0000000000000
2.2039999961853	0.46602731943130	-0.68590879440308	73.000000000000	0.0000000000000
2.2079999446869	0.46684259176254	-0.68270832300186	73.000000000000	0.0000000000000
2.2119998931885	0.46784195303917	-0.67957705259323	73.000000000000	0.0000000000000
2.2160000801086	0.46902230381966	-0.67652565240860	73.000000000000	0.0000000000000
2.2200000286102	0.47037884593010	-0.67356467247009	73.000000000000	0.0000000000000
2.2239999771118	0.47190693020821	-0.67070412635803	73.000000000000	0.0000000000000
2.2279999256134	0.47360110282898	-0.66795402765274	73.000000000000	0.0000000000000
2.2320001125336	0.47545498609543	-0.66532379388809	73.000000000000	0.0000000000000
2.2360000610352	0.47746172547340	-0.66282254457474	73.000000000000	0.0000000000000
2.2400000095367	0.47961384057999	-0.66045898199081	73.000000000000	0.0000000000000
2.2439999580383	0.48190334439278	-0.65824121236801	73.000000000000	0.0000000000000
2.2479999065399	0.48432180285454	-0.65617692470551	73.000000000000	0.0000000000000
2.2520000934601	0.48686003684998	-0.65427321195602	73.000000000000	0.0000000000000
2.2560000419617	0.48950871825218	-0.65253639221191	73.000000000000	0.0000000000000
2.2599999904633	0.49225789308548	-0.65097254514694	73.000000000000	0.0000000000000
2.2639999389648	0.49509739875793	-0.64958661794662	73.000000000000	0.0000000000000
2.2679998874664	0.49801662564278	-0.64838320016861	73.000000000000	0.0000000000000
2.2720000743866	0.50100481510162	-0.64736610651016	73.000000000000	0.0000000000000
2.2760000228882	0.50405091047287	-0.64653837680817	73.000000000000	0.0000000000000
2.2799999713898	0.50714385509491	-0.64590227603912	73.000000000000	0.0000000000000
2.2839999198914	0.51027214527130	-0.64545953273773	73.000000000000	0.0000000000000
2.2880001068115	0.51342481374741	-0.64521080255508	73.000000000000	0.0000000000000
2.2920000553131	0.51659041643143	-0.64515632390976	73.000000000000	0.0000000000000
2.2960000038147	0.51975750923157	-0.64529550075531	73.000000000000	0.0000000000000
2.2999999523163	0.52291518449783	-0.64562672376633	73.000000000000	0.0000000000000
2.3039999008179	0.52605223655701	-0.64614802598953	73.000000000000	0.0000000000000
2.3080000877380	0.52915799617767	-0.64685666561127	73.000000000000	0.0000000000000
2.3120000362396	0.53222215175629	-0.64774900674820	73.000000000000	0.0000000000000
2.3159999847412	0.53523415327072	-0.64882081747055	73.000000000000	0.0000000000000
2.3199999332428	0.53818458318710	-0.65006738901138	73.000000000000	0.0000000000000
2.3239998817444	0.54106360673904	-0.65148329734802	73.000000000000	0.0000000000000
2.3280000686646	0.54386252164841	-0.65306246280670	73.000000000000	0.0000000000000
2.3320000171661	0.54657262563705	-0.65479832887650	73.000000000000	0.0000000000000
2.3359999656677	0.54918605089188	-0.65668404102325	73.000000000000	0.0000000000000
2.3399999141693	0.55169540643692	-0.65871185064316	73.000000000000	0.0000000000000
2.3440001010895	0.55409359931946	-0.66087394952774	73.000000000000	0.0000000000000
2.3480000495911	0.55637466907501	-0.66316193342209	73.000000000000	0.0000000000000
2.3519999980927	0.55853283405304	-0.66556733846664	73.000000000000	0.0000000000000
2.3559999465942	0.56056302785873	-0.66808110475540	73.000000000000	0.0000000000000
2.3599998950958	0.56246119737625	-0.67069429159164	73.000000000000	0.0000000000000
2.3640000820160	0.56422340869904	-0.67339730262756	73.000000000000	0.0000000000000
2.3680000305176	0.56584680080414	-0.67618101835251	73.000000000000	0.0000000000000
2.3719999790192	0.56732910871506	-0.67903578281403	73.000000000000	0.0000000000000
2.3759999275208	0.56866854429245	-0.68195199966431	73.000000000000	0.0000000000000
2.3800001144409	0.56986445188522	-0.68492037057877	73.000000000000	0.0000000000000
2.3840000629425	0.57091629505157	-0.68793135881424	73.000000000000	0.0000000000000
2.3880000114441	0.57182455062866	-0.69097560644150	73.000000000000	0.0000000000000
2.3919999599457	0.57259005308151	-0.69404399394989	73.000000000000	0.0000000000000
2.3959999084473	0.57321470975876	-0.69712775945663	73.000000000000	0.0000000000000
2.4000000953674	0.57370036840439	-0.70021802186966	73.000000000000	0.0000000000000
2.4040000438690	0.57404994964600	-0.70330655574799	73.000000000000	0.0000000000000
2.4079999923706	0.57426691055298	-0.70638543367386	73.000000000000	0.0000000000000
2.4119999408722	0.57435464859009	-0.70944684743881	73.000000000000	0.0000000000000
2.4159998893738	0.57431757450104	-0.71248364448547	73.000000000000	0.0000000000000
2.4200000762939	0.57416033744812	-0.71548897027969	73.000000000000	0.0000000000000
2.4240000247955	0.57388842105865	-0.71845650672913	73.000000000000	0.0000000000000
2.4279999732971	0.57350665330887	-0.72138035297394	73.000000000000	0.0000000000000
2.4319999217987	0.57302099466324	-0.72425526380539	73.000000000000	0.0000000000000
2.4360001087189	0.57243740558624	-0.72707629203796	73.000000000000	0.0000000000000
2.4400000572205	0.57176214456558	-0.72983920574188	73.000000000000	0.0000000000000
2.4440000057220	0.57100158929825	-0.73254030942917	73.000000000000	0.0000000000000
2.4479999542236	0.57016193866730	-0.73517614603043	73.000000000000	0.0000000000000
2.4519999027252	0.56925022602081	-0.73774427175522	73.000000000000	0.0000000000000
2.4560000896454	0.56827288866043	-0.74024260044098	73.000000000000	0.0000000000000
2.4600000381470	0.56723654270172	-0.74266928434372	73.000000000000	0.0000000000000
2.4639999866486	0.56614798307419	-0.74502360820770	73.000000000000	0.0000000000000
2.4679999351501	0.56501328945160	-0.74730473756790	73.000000000000	0.0000000000000
2.4719998836517	0.56383925676346	-0.74951279163361	73.000000000000	0.0000000000000
2.4760000705719	0.56263190507889	-0.75164836645126	73.000000000000	0.0000000000000
2.4800000190735	0.56139713525772	-0.75371205806732	73.000000000000	0.0000000000000
2.4839999675751	0.56014102697372	-0.75570541620255	73.000000000000	0.0000000000000
2.4879999160767	0.55886882543564	-0.75763022899628	73.000000000000	0.0000000000000
2.4920001029968	0.55758607387543	-0.75948852300644	73.000000000000	0.0000000000000
2.4960000514984	0.55629754066467	-0.76128280162811	73.000000000000	0.0000000000000
2.5000000000000	0.55500763654709	-0.76301610469818	73.000000000000	0.0000000000000
2.5039999485016	0.55372101068497	-0.76469129323959	73.000000000000	0.0000000000000
2.5079998970032	0.55244100093842	-0.76631176471710	73.000000000000	0.0000000000000
2.5120000839233	0.55117136240005	-0.76788127422333	73.000000000000	0.0000000000000
2.5160000324249	0.54991513490677	-0.76940327882767	73.000000000000	0.0000000000000
2.5199999809265	0.54867488145828	-0.77088195085526	73.000000000000	0.0000000000000
2.5239999294281	0.54745298624039	-0.77232104539871	73.000000000000	0.0000000000000
2.5280001163483	0.54625087976456	-0.77372485399246	73.000000000000	0.0000000000000
2.5320000648499	0.54507046937943	-0.77509725093842	73.000000000000	0.0000000000000
2.5360000133514	0.54391270875931	-0.77644252777100	73.000000000000	0.0000000000000
2.5399999618530	0.54277801513672	-0.77776449918747	73.000000000000	0.0000000000000
2.5439999103546	0.54166680574417	-0.77906733751297	73.000000000000	0.0000000000000
2.5480000972748	0.54057866334915	-0.78035491704941	73.000000000000	0.0000000000000
2.5520000457764	0.53951358795166	-0.78163081407547	73.000000000000	0.0000000000000
2.5559999942780	0.53847014904022	-0.78289866447449	73.000000000000	0.0000000000000
2.5599999427795	0.53744781017303	-0.78416198492050	73.000000000000	0.0000000000000
2.5639998912811	0.53644502162933	-0.78542387485504	73.000000000000	0.0000000000000
2.5680000782013	0.53545993566513	-0.78668725490570	73.000000000000	0.0000000000000
2.5720000267029	0.53449052572250	-0.78795480728149	73.000000000000	0.0000000000000
2.5759999752045	0.53353494405746	-0.78922897577286	73.000000000000	0.0000000000000
2.5799999237061	0.53259086608887	-0.79051178693771	73.000000000000	0.0000000000000
2.5840001106262	0.53165578842163	-0.79180526733398	73.000000000000	0.0000000000000
2.5880000591278	0.53072685003281	-0.79311078786850	73.000000000000	0.0000000000000
2.5920000076294	0.52980178594589	-0.79442971944809	73.000000000000	0.0000000000000
2.5959999561310	0.52887767553329	-0.79576283693314	73.000000000000	0.0000000000000
2.5999999046326	0.52795195579529	-0.79711079597473	73.000000000000	0.0000000000000
2.6040000915527	0.52702152729034	-0.79847401380539	73.000000000000	0.0000000000000
2.6080000400543	0.52608394622803	-0.79985231161118	73.000000000000	0.0000000000000
2.6119999885559	0.52513611316681	-0.80124557018280	73.000000000000	0.0000000000000
2.6159999370575	0.52417594194412	-0.80265301465988	73.000000000000	0.0000000000000
2.6199998855591	0.52320069074631	-0.80407392978668	73.000000000000	0.0000000000000
2.6240000724792	0.52220815420151	-0.80550718307495	73.000000000000	0.0000000000000
2.6280000209808	0.52119582891464	-0.80695140361786	73.000000000000	0.0000000000000
2.6319999694824	0.52016186714172	-0.80840498209000	73.000000000000	0.0000000000000
2.6359999179840	0.51910459995270	-0.80986624956131	73.000000000000	0.0000000000000
2.6400001049042	0.51802217960358	-0.81133311986923	73.000000000000	0.0000000000000
2.6440000534058	0.51691293716431	-0.81280368566513	73.000000000000	0.0000000000000
2.6480000019073	0.51577627658844	-0.81427568197250	73.000000000000	0.0000000000000
2.6519999504089	0.51461112499237	-0.81574654579163	73.000000000000	0.0000000000000
2.6559998989105	0.51341670751572	-0.81721401214600	73.000000000000	0.0000000000000
2.6600000858307	0.51219242811203	-0.81867569684982	73.000000000000	0.0000000000000
2.6640000343323	0.51093852519989	-0.82012897729874	73.000000000000	0.0000000000000
2.6679999828339	0.50965499877930	-0.82157140970230	73.000000000000	0.0000000000000
2.6719999313354	0.50834196805954	-0.82300037145615	73.000000000000	0.0000000000000
2.6760001182556	0.50700044631958	-0.82441359758377	73.000000000000	0.0000000000000
2.6800000667572	0.50563102960587	-0.82580864429474	73.000000000000	0.0000000000000
2.6840000152588	0.50423467159271	-0.82718324661255	73.000000000000	0.0000000000000
2.6879999637604	0.50281310081482	-0.82853519916534	73.000000000000	0.0000000000000
2.6919999122620	0.50136739015579	-0.82986259460449	73.000000000000	0.0000000000000
2.6960000991821	0.49989959597588	-0.83116358518600	73.000000000000	0.0000000000000
2.7000000476837	0.49841162562370	-0.83243626356125	73.000000000000	0.0000000000000
2.7039999961853	0.49690544605255	-0.83367919921875	73.000000000000	0.0000000000000
2.7079999446869	0.49538323283195	-0.83489114046097	73.000000000000	0.0000000000000
2.7119998931885	0.49384692311287	-0.83607113361359	73.000000000000	0.0000000000000
2.7160000801086	0.49229973554611	-0.83721804618835	73.000000000000	0.0000000000000
2.7200000286102	0.49074345827103	-0.83833146095276	73.000000000000	0.0000000000000
2.7239999771118	0.48918104171753	-0.83941072225571	73.000000000000	0.0000000000000
2.7279999256134	0.48761454224586	-0.84045588970184	73.000000000000	0.0000000000000
2.7320001125336	0.48604708909988	-0.84146696329117	73.000000000000	0.0000000000000
2.7360000610352	0.48448082804680	-0.84244412183762	73.000000000000	0.0000000000000
2.7400000095367	0.48291870951653	-0.84338808059692	73.000000000000	0.0000000000000
2.7439999580383	0.48136252164841	-0.84429967403412	73.000000000000	0.0000000000000
2.7479999065399	0.47981503605843	-0.84517967700958	73.000000000000	0.0000000000000
2.7520000934601	0.47827875614166	-0.84602940082550	73.000000000000	0.0000000000000
2.7560000419617	0.47675514221191	-0.84685027599335	73.000000000000	0.0000000000000
2.7599999904633	0.47524663805962	-0.84764391183853	73.000000000000	0.0000000000000
2.7639999389648	0.47375500202179	-0.84841185808182	73.000000000000	0.0000000000000
2.7679998874664	0.47228178381920	-0.84915626049042	73.000000000000	0.0000000000000
2.7720000743866	0.47082841396332	-0.84987914562225	73.000000000000	0.0000000000000
2.7760000228882	0.46939632296562	-0.85058254003525	73.000000000000	0.0000000000000
2.7799999713898	0.46798652410507	-0.85126876831055	73.000000000000	0.0000000000000
2.7839999198914	0.46659961342812	-0.85194039344788	73.000000000000	0.0000000000000
2.7880001068115	0.46523669362068	-0.85259944200516	73.000000000000	0.0000000000000
2.7920000553131	0.46389767527580	-0.85324853658676	73.000000000000	0.0000000000000
2.7960000038147	0.46258300542831	-0.85389024019241	73.000000000000	0.0000000000000
2.7999999523163	0.46129220724106	-0.85452675819397	73.000000000000	0.0000000000000
2.8039999008179	0.46002551913261	-0.85516065359116	73.000000000000	0.0000000000000
2.8080000877380	0.45878207683563	-0.85579431056976	73.000000000000	0.0000000000000
2.8120000362396	0.45756146311760	-0.85642987489700	73.000000000000	0.0000000000000
2.8159999847412	0.45636251568794	-0.85706967115402	73.000000000000	0.0000000000000
2.8199999332428	0.45518377423286	-0.85771578550339	73.000000000000	0.0000000000000
2.8239998817444	0.45402446389198	-0.85837000608444	73.000000000000	0.0000000000000
2.8280000686646	0.45288315415382	-0.85903435945511	73.000000000000	0.0000000000000
2.8320000171661	0.45175781846046	-0.85971057415009	73.000000000000	0.0000000000000
2.8359999656677	0.45064696669579	-0.86039972305298	73.000000000000	0.0000000000000
2.8399999141693	0.44954842329025	-0.86110359430313	73.000000000000	0.0000000000000
2.8440001010895	0.44846025109291	-0.86182308197021	73.000000000000	0.0000000000000
2.8480000495911	0.44738051295280	-0.86255902051926	73.000000000000	0.0000000000000
2.8519999980927	0.44630685448647	-0.86331230401993	73.000000000000	0.0000000000000
2.8559999465942	0.44523710012436	-0.86408323049545	73.000000000000	0.0000000000000
2.8599998950958	0.44416925311089	-0.86487215757370	73.000000000000	0.0000000000000
2.8640000820160	0.44310107827187	-0.86567914485931	73.000000000000	0.0000000000000
2.8680000305176	0.44202995300293	-0.86650401353836	73.000000000000	0.0000000000000
2.8719999790192	0.44095429778099	-0.86734622716904	73.000000000000	0.0000000000000
2.8759999275208	0.43987128138542	-0.86820560693741	73.000000000000	0.0000000000000
2.8800001144409	0.43877929449081	-0.86908096075058	73.000000000000	0.0000000000000
2.8840000629425	0.43767660856247	-0.86997151374817	73.000000000000	0.0000000000000
2.8880000114441	0.43656080961227	-0.87087613344193	73.000000000000	0.0000000000000
2.8919999599457	0.43543058633804	-0.87179332971573	73.000000000000	0.0000000000000
2.8959999084473	0.43428421020508	-0.87272197008133	73.000000000000	0.0000000000000
2.9000000953674	0.43312025070190	-0.87366002798080	73.000000000000	0.0000000000000
2.9040000438690	0.43193778395653	-0.87460601329803	73.000000000000	0.0000000000000
2.9079999923706	0.43073537945747	-0.87555795907974	73.000000000000	0.0000000000000
2.9119999408722	0.42951235175133	-0.87651401758194	73.000000000000	0.0000000000000
2.9159998893738	0.42826795578003	-0.87747198343277	73.000000000000	0.0000000000000
2.9200000762939	0.42700177431107	-0.87843006849289	73.000000000000	0.0000000000000
2.9240000247955	0.42571333050728	-0.87938606739044	73.000000000000	0.0000000000000
2.9279999732971	0.42440286278725	-0.88033789396286	73.000000000000	0.0000000000000
2.9319999217987	0.42307025194168	-0.88128328323364	73.000000000000	0.0000000000000
2.9360001087189	0.42171630263329	-0.88222032785416	73.000000000000	0.0000000000000
2.9400000572205	0.42034095525742	-0.88314700126648	73.000000000000	0.0000000000000
2.9440000057220	0.41894516348839	-0.88406121730804	73.000000000000	0.0000000000000
2.9479999542236	0.41753038764000	-0.88496118783951	73.000000000000	0.0000000000000
2.9519999027252	0.41609680652618	-0.88584524393082	73.000000000000	0.0000000000000
2.9560000896454	0.41464647650719	-0.88671159744263	73.000000000000	0.0000000000000
2.9600000381470	0.41318014264107	-0.88755875825882	73.000000000000	0.0000000000000
2.9639999866486	0.41169986128807	-0.88838529586792	73.000000000000	0.0000000000000
2.9679999351501	0.41020721197128	-0.88919007778168	73.000000000000	0.0000000000000
2.9719998836517	0.40870437026024	-0.88997185230255	73.000000000000	0.0000000000000
2.9760000705719	0.40719226002693	-0.89073008298874	73.000000000000	0.0000000000000
2.9800000190735	0.40567383170128	-0.89146369695663	73.000000000000	0.0000000000000
2.9839999675751	0.40415024757385	-0.89217269420624	73.000000000000	0.0000000000000
2.9879999160767	0.40262436866760	-0.89285624027252	73.000000000000	0.0000000000000
2.9920001029968	0.40109747648239	-0.89351469278336	73.000000000000	0.0000000000000
2.9960000514984	0.39957258105278	-0.89414763450623	73.000000000000	0.0000000000000
3.0000000000000	0.39805072546005	-0.89475595951080	73.000000000000	0.0000000000000
3.0039999485016	0.39653459191322	-0.89533996582031	73.000000000000	0.0000000000000
3.0079998970032	0.39502653479576	-0.89589983224869	73.000000000000	0.0000000000000
3.0120000839233	0.39352771639824	-0.89643698930740	73.000000000000	0.0000000000000
3.0160000324249	0.39203923940659	-0.89695274829865	73.000000000000	0.0000000000000
3.0199999809265	0.39056456089020	-0.89744758605957	73.000000000000	0.0000000000000
3.0239999294281	0.38910433650017	-0.89792323112488	73.000000000000	0.0000000000000
3.0280001163483	0.38765987753868	-0.89838111400604	73.000000000000	0.0000000000000
3.0320000648499	0.38623240590096	-0.89882308244705	73.000000000000	0.0000000000000
3.0360000133514	0.38482317328453	-0.89925068616867	73.000000000000	0.0000000000000
3.0399999618530	0.38343340158463	-0.89966571331024	73.000000000000	0.0000000000000
3.0439999103546	0.38206350803375	-0.90007019042969	73.000000000000	0.0000000000000
3.0480000972748	0.38071388006210	-0.90046638250351	73.000000000000	0.0000000000000
3.0520000457764	0.37938523292542	-0.90085595846176	73.000000000000	0.0000000000000
3.0559999942780	0.37807828187943	-0.90124064683914	73.000000000000	0.0000000000000
3.0599999427795	0.37679165601730	-0.90162336826324	73.000000000000	0.0000000000000
3.0639998912811	0.37552595138550	-0.90200561285019	73.000000000000	0.0000000000000
3.0680000782013	0.37428051233292	-0.90238964557648	73.000000000000	0.0000000000000
3.0720000267029	0.37305548787117	-0.90277701616287	73.000000000000	0.0000000000000
3.0759999752045	0.37184917926788	-0.90317004919052	73.000000000000	0.0000000000000
3.0799999237061	0.37066084146500	-0.90357047319412	73.000000000000	0.0000000000000
3.0840001106262	0.36949032545090	-0.90397953987122	73.000000000000	0.0000000000000
3.0880000591278	0.36833453178406	-0.90439975261688	73.000000000000	0.0000000000000
3.0920000076294	0.36719325184822	-0.90483182668686	73.000000000000	0.0000000000000
3.0959999561310	0.36606499552727	-0.90527719259262	73.000000000000	0.0000000000000
3.0999999046326	0.36494719982147	-0.90573740005493	73.000000000000	0.0000000000000
3.1040000915527	0.36383911967278	-0.90621304512024	73.000000000000	0.0000000000000
3.1080000400543	0.36273849010468	-0.90670496225357	73.000000000000	0.0000000000000
3.1119999885559	0.36164349317551	-0.90721392631531	73.000000000000	0.0000000000000
3.1159999370575	0.36055088043213	-0.90774065256119	73.000000000000	0.0000000000000
3.1199998855591	0.35946047306061	-0.90828496217728	73.000000000000	0.0000000000000
3.1240000724792	0.35837021470070	-0.90884679555893	73.000000000000	0.0000000000000
3.1280000209808	0.35727617144585	-0.90942662954330	73.000000000000	0.0000000000000
3.1319999694824	0.35617795586586	-0.91002362966537	73.000000000000	0.0000000000000
3.1359999179840	0.35507377982140	-0.91063725948334	73.000000000000	0.0000000000000
3.1400001049042	0.35396099090576	-0.91126710176468	73.000000000000	0.0000000000000
3.1440000534058	0.35283759236336	-0.91191232204437	73.000000000000	0.0000000000000
3.1480000019073	0.35170254111290	-0.91257160902023	73.000000000000	0.0000000000000
3.1519999504089	0.35055303573608	-0.91324406862259	73.000000000000	0.0000000000000
3.1559998989105	0.34938973188400	-0.91392785310745	73.000000000000	0.0000000000000
3.1600000858307	0.34820923209190	-0.91462188959122	73.000000000000	0.0000000000000
3.1640000343323	0.34701126813889	-0.91532444953918	73.000000000000	0.0000000000000
3.1679999828339	0.34579473733902	-0.91603374481201	73.000000000000	0.0000000000000
3.1719999313354	0.34455928206444	-0.91674774885178	73.000000000000	0.0000000000000
3.1760001182556	0.34330296516418	-0.91746503114700	73.000000000000	0.0000000000000
3.1800000667572	0.34202632308006	-0.91818344593048	73.000000000000	0.0000000000000
3.1840000152588	0.34072822332382	-0.91890102624893	73.000000000000	0.0000000000000
3.1879999637604	0.33940944075584	-0.91961562633514	73.000000000000	0.0000000000000
3.1919999122620	0.33806926012039	-0.92032551765442	73.000000000000	0.0000000000000
3.1960000991821	0.33670845627785	-0.92102843523026	73.000000000000	0.0000000000000
3.2000000476837	0.33532735705376	-0.92172253131866	73.000000000000	0.0000000000000
3.2039999961853	0.33392682671547	-0.92240583896637	73.000000000000	0.0000000000000
3.2079999446869	0.33250689506531	-0.92307674884796	73.000000000000	0.0000000000000
3.2119998931885	0.33106935024261	-0.92373335361481	73.000000000000	0.0000000000000
3.2160000801086	0.32961523532867	-0.92437380552292	73.000000000000	0.0000000000000
3.2200000286102	0.32814559340477	-0.92499703168869	73.000000000000	0.0000000000000
3.2239999771118	0.32666245102882	-0.92560106515884	73.000000000000	0.0000000000000
3.2279999256134	0.32516616582870	-0.92618542909622	73.000000000000	0.0000000000000
3.2320001125336	0.32365971803665	-0.92674839496613	73.000000000000	0.0000000000000
3.2360000610352	0.32214406132698	-0.92728936672211	73.000000000000	0.0000000000000
3.2400000095367	0.32062184810638	-0.92780721187592	73.000000000000	0.0000000000000
3.2439999580383	0.31909415125847	-0.92830193042755	73.000000000000	0.0000000000000
3.2479999065399	0.31756383180618	-0.92877268791199	73.000000000000	0.0000000000000
3.2520000934601	0.31603199243546	-0.92921972274780	73.000000000000	0.0000000000000
3.2560000419617	0.31450161337852	-0.92964237928391	73.000000000000	0.0000000000000
3.2599999904633	0.31297349929810	-0.93004167079926	73.000000000000	0.0000000000000
3.2639999389648	0.31145030260086	-0.93041765689850	73.000000000000	0.0000000000000
3.2679998874664	0.30993419885635	-0.93077069520950	73.000000000000	0.0000000000000
3.2720000743866	0.30842652916908	-0.93110173940659	73.000000000000	0.0000000000000
3.2760000228882	0.30692970752716	-0.93141174316406	73.000000000000	0.0000000000000
3.2799999713898	0.30544462800026	-0.93170177936554	73.000000000000	0.0000000000000
3.2839999198914	0.30397325754166	-0.93197321891785	73.000000000000	0.0000000000000
3.2880001068115	0.30251747369766	-0.93222731351852	73.000000000000	0.0000000000000
3.2920000553131	0.30107796192169	-0.93246567249298	73.000000000000	0.0000000000000
3.2960000038147	0.29965612292290	-0.93268984556198	73.000000000000	0.0000000000000
3.2999999523163	0.29825264215469	-0.93290191888809	73.000000000000	0.0000000000000
3.3039999008179	0.29686853289604	-0.93310344219208	73.000000000000	0.0000000000000
3.3080000877380	0.29550445079803	-0.93329650163651	73.000000000000	0.0000000000000
3.3120000362396	0.29416099190712	-0.93348294496536	73.000000000000	0.0000000000000
3.3159999847412	0.29283869266510	-0.93366467952728	73.000000000000	0.0000000000000
3.3199999332428	0.29153674840927	-0.93384385108948	73.000000000000	0.0000000000000
3.3239998817444	0.29025486111641	-0.93402278423309	73.000000000000	0.0000000000000
3.3280000686646	0.28899395465851	-0.93420296907425	73.000000000000	0.0000000000000
3.3320000171661	0.28775268793106	-0.93438667058945	73.000000000000	0.0000000000000
3.3359999656677	0.28653058409691	-0.93457555770874	73.000000000000	0.0000000000000
3.3399999141693	0.28532633185387	-0.93477171659470	73.000000000000	0.0000000000000
3.3440001010895	0.28413879871368	-0.93497693538666	73.000000000000	0.0000000000000
3.3480000495911	0.28296792507172	-0.93519222736359	73.000000000000	0.0000000000000
3.3519999980927	0.28181168437004	-0.93541961908340	73.000000000000	0.0000000000000
3.3559999465942	0.28066757321358	-0.93566054105759	73.000000000000	0.0000000000000
3.3599998950958	0.27953532338142	-0.93591576814651	73.000000000000	0.0000000000000
3.3640000820160	0.27841272950172	-0.93618661165237	73.000000000000	0.0000000000000
3.3680000305176	0.27729764580727	-0.93647408485413	73.000000000000	0.0000000000000
3.3719999790192	0.27618861198425	-0.93677854537964	73.000000000000	0.0000000000000
3.3759999275208	0.27508342266083	-0.93710070848465	73.000000000000	0.0000000000000
3.3800001144409	0.27398002147675	-0.93744069337845	73.000000000000	0.0000000000000
3.3840000629425	0.27287650108337	-0.93779879808426	73.000000000000	0.0000000000000
3.3880000114441	0.27177080512047	-0.93817484378815	73.000000000000	0.0000000000000
3.3919999599457	0.27066093683243	-0.93856871128082	73.000000000000	0.0000000000000
3.3959999084473	0.26954469084740	-0.93897968530655	73.000000000000	0.0000000000000
3.4000000953674	0.26842030882835	-0.93940734863281	73.000000000000	0.0000000000000
3.4040000438690	0.26728588342667	-0.93985062837601	73.000000000000	0.0000000000000
3.4079999923706	0.26613977551460	-0.94030851125717	73.000000000000	0.0000000000000
3.4119999408722	0.26497998833656	-0.94078004360199	73.000000000000	0.0000000000000
3.4159998893738	0.26380509138107	-0.94126367568970	73.000000000000	0.0000000000000
3.4200000762939	0.26261386275291	-0.94175791740417	73.000000000000	0.0000000000000
3.4240000247955	0.26140487194061	-0.94226115942001	73.000000000000	0.0000000000000
3.4279999732971	0.26017710566521	-0.94277185201645	73.000000000000	0.0000000000000
3.4319999217987	0.25892940163612	-0.94328778982162	73.000000000000	0.0000000000000
3.4360001087189	0.25766110420227	-0.94380736351013	73.000000000000	0.0000000000000
3.4400000572205	0.25637191534042	-0.94432836771011	73.000000000000	0.0000000000000
3.4440000057220	0.25506111979485	-0.94484895467758	73.000000000000	0.0000000000000
3.4479999542236	0.25372838973999	-0.94536685943604	73.000000000000	0.0000000000000
3.4519999027252	0.25237408280373	-0.94588005542755	73.000000000000	0.0000000000000
3.4560000896454	0.25099846720695	-0.94638657569885	73.000000000000	0.0000000000000
3.4600000381470	0.24960178136826	-0.94688427448273	73.000000000000	0.0000000000000
3.4639999866486	0.24818471074104	-0.94737130403519	73.000000000000	0.0000000000000
3.4679999351501	0.24674783647060	-0.94784539937973	73.000000000000	0.0000000000000
3.4719998836517	0.24529241025448	-0.94830501079559	73.000000000000	0.0000000000000
3.4760000705719	0.24381971359253	-0.94874823093414	73.000000000000	0.0000000000000
3.4800000190735	0.24233046174049	-0.94917362928391	73.000000000000	0.0000000000000
3.4839999675751	0.24082669615746	-0.94957941770554	73.000000000000	0.0000000000000
3.4879999160767	0.23931014537811	-0.94996440410614	73.000000000000	0.0000000000000
3.4920001029968	0.23778182268143	-0.95032739639282	73.000000000000	0.0000000000000
3.4960000514984	0.23624402284622	-0.95066738128662	73.000000000000	0.0000000000000
3.5000000000000	0.23469874262810	-0.95098352432251	73.000000000000	0.0000000000000
3.5039999485016	0.23314811289310	-0.95127493143082	73.000000000000	0.0000000000000
3.5079998970032	0.23159365355968	-0.95154154300690	73.000000000000	0.0000000000000
3.5120000839233	0.23003798723221	-0.95178276300430	73.000000000000	0.0000000000000
3.5160000324249	0.22848291695118	-0.95199865102768	73.000000000000	0.0000000000000
3.5199999809265	0.22693075239658	-0.95218950510025	73.000000000000	0.0000000000000
3.5239999294281	0.22538380324841	-0.95235538482666	73.000000000000	0.0000000000000
3.5280001163483	0.22384354472160	-0.95249700546265	73.000000000000	0.0000000000000
3.5320000648499	0.22231236100197	-0.95261514186859	73.000000000000	0.0000000000000
3.5360000133514	0.22079223394394	-0.95271056890488	73.000000000000	0.0000000000000
3.5399999618530	0.21928445994854	-0.95278453826904	73.000000000000	0.0000000000000
3.5439999103546	0.21779151260853	-0.95283824205399	73.000000000000	0.0000000000000
3.5480000972748	0.21631407737732	-0.95287317037582	73.000000000000	0.0000000000000
3.5520000457764	0.21485465764999	-0.95289105176926	73.000000000000	0.0000000000000
3.5559999942780	0.21341367065907	-0.95289331674576	73.000000000000	0.0000000000000
3.5599999427795	0.21199250221252	-0.95288205146790	73.000000000000	0.0000000000000
3.5639998912811	0.21059209108353	-0.95285910367966	73.000000000000	0.0000000000000
3.5680000782013	0.20921285450459	-0.95282626152039	73.000000000000	0.0000000000000
3.5720000267029	0.20785617828369	-0.95278596878052	73.000000000000	0.0000000000000
3.5759999752045	0.20652161538601	-0.95274019241333	73.000000000000	0.0000000000000
3.5799999237061	0.20520932972431	-0.95269119739532	73.000000000000	0.0000000000000
3.5840001106262	0.20391952991486	-0.95264089107513	73.000000000000	0.0000000000000
3.5880000591278	0.20265187323093	-0.95259165763855	73.000000000000	0.0000000000000
3.5920000076294	0.20140582323074	-0.95254540443420	73.000000000000	0.0000000000000
3.5959999561310	0.20018060505390	-0.95250427722931	73.000000000000	0.0000000000000
3.5999999046326	0.19897539913654	-0.95247036218643	73.000000000000	0.0000000000000
3.6040000915527	0.19778929650784	-0.95244538784027	73.000000000000	0.0000000000000
3.6080000400543	0.19662076234818	-0.95243120193481	73.000000000000	0.0000000000000
3.6119999885559	0.19546814262867	-0.95242929458618	73.000000000000	0.0000000000000
3.6159999370575	0.19433051347733	-0.95244151353836	73.000000000000	0.0000000000000
3.6199998855591	0.19320546090603	-0.95246875286102	73.000000000000	0.0000000000000
3.6240000724792	0.19209195673466	-0.95251250267029	73.000000000000	0.0000000000000
3.6280000209808	0.19098709523678	-0.95257371664047	73.000000000000	0.0000000000000
3.6319999694824	0.18988955020905	-0.95265322923660	73.000000000000	0.0000000000000
3.6359999179840	0.18879696726799	-0.95275133848190	73.000000000000	0.0000000000000
3.6400001049042	0.18770700693130	-0.95286870002747	73.000000000000	0.0000000000000
3.6440000534058	0.18661755323410	-0.95300543308258	73.000000000000	0.0000000000000
3.6480000019073	0.18552657961845	-0.95316153764725	73.000000000000	0.0000000000000
3.6519999504089	0.18443167209625	-0.95333689451218	73.000000000000	0.0000000000000
3.6559998989105	0.18333072960377	-0.95353066921234	73.000000000000	0.0000000000000
3.6600000858307	0.18222151696682	-0.95374256372452	73.000000000000	0.0000000000000
3.6640000343323	0.18110187351704	-0.95397144556046	73.000000000000	0.0000000000000
3.6679999828339	0.17997011542320	-0.95421630144119	73.000000000000	0.0000000000000
3.6719999313354	0.17882455885410	-0.95447599887848	73.000000000000	0.0000000000000
3.6760001182556	0.17766278982162	-0.95474904775620	73.000000000000	0.0000000000000
3.6800000667572	0.17648372054100	-0.95503377914429	73.000000000000	0.0000000000000
3.6840000152588	0.17528583109379	-0.95532840490341	73.000000000000	0.0000000000000
3.6879999637604	0.17406757175922	-0.95563113689423	73.000000000000	0.0000000000000
3.6919999122620	0.17282806336880	-0.95593982934952	73.000000000000	0.0000000000000
3.6960000991821	0.17156645655632	-0.95625263452530	73.000000000000	0.0000000000000
3.7000000476837	0.17028233408928	-0.95656716823578	73.000000000000	0.0000000000000
3.7039999961853	0.16897439956665	-0.95688128471375	73.000000000000	0.0000000000000
3.7079999446869	0.16764314472675	-0.95719254016876	73.000000000000	0.0000000000000
3.7119998931885	0.16628821194172	-0.95749866962433	73.000000000000	0.0000000000000
3.7160000801086	0.16490995883942	-0.95779752731323	73.000000000000	0.0000000000000
3.7200000286102	0.16350868344307	-0.95808655023575	73.000000000000	0.0000000000000
3.7239999771118	0.16208481788635	-0.95836383104324	73.000000000000	0.0000000000000
3.7279999256134	0.16063921153545	-0.95862680673599	73.000000000000	0.0000000000000
3.7320001125336	0.15917344391346	-0.95887362957001	73.000000000000	0.0000000000000
3.7360000610352	0.15768779814243	-0.95910227298737	73.000000000000	0.0000000000000
3.7400000095367	0.15618480741978	-0.95931077003479	73.000000000000	0.0000000000000
3.7439999580383	0.15466505289078	-0.95949757099152	73.000000000000	0.0000000000000
3.7479999065399	0.15313094854355	-0.95966082811356	73.000000000000	0.0000000000000
3.7520000934601	0.15158404409885	-0.95979946851730	73.000000000000	0.0000000000000
3.7560000419617	0.15002684295177	-0.95991194248199	73.000000000000	0.0000000000000
3.7599999904633	0.14846073091030	-0.95999741554260	73.000000000000	0.0000000000000
3.7639999389648	0.14688849449158	-0.96005499362946	73.000000000000	0.0000000000000
3.7679998874664	0.14531254768372	-0.96008414030075	73.000000000000	0.0000000000000
3.7720000743866	0.14373436570168	-0.96008443832397	73.000000000000	0.0000000000000
3.7760000228882	0.14215733110905	-0.96005564928055	73.000000000000	0.0000000000000
3.7799999713898	0.14058344066143	-0.95999807119370	73.000000000000	0.0000000000000
3.7839999198914	0.13901518285275	-0.95991164445877	73.000000000000	0.0000000000000
3.7880001068115	0.13745465874672	-0.95979732275009	73.000000000000	0.0000000000000
3.7920000553131	0.13590438663960	-0.95965546369553	73.000000000000	0.0000000000000
3.7960000038147	0.13436600565910	-0.95948725938797	73.000000000000	0.0000000000000
3.7999999523163	0.13284255564213	-0.95929390192032	73.000000000000	0.0000000000000
3.8039999008179	0.13133527338505	-0.95907658338547	73.000000000000	0.0000000000000
3.8080000877380	0.12984624505043	-0.95883685350418	73.000000000000	0.0000000000000
3.8120000362396	0.12837716937065	-0.95857661962509	73.000000000000	0.0000000000000
3.8159999847412	0.12692974507809	-0.95829755067825	73.000000000000	0.0000000000000
3.8199999332428	0.12550495564938	-0.95800179243088	73.000000000000	0.0000000000000
3.8239998817444	0.12410426139832	-0.95769155025482	73.000000000000	0.0000000000000
3.8280000686646	0.12272794544697	-0.95736885070801	73.000000000000	0.0000000000000
3.8320000171661	0.12137768417597	-0.95703607797623	73.000000000000	0.0000000000000
3.8359999656677	0.12005308270454	-0.95669573545456	73.000000000000	0.0000000000000
3.8399999141693	0.11875462532043	-0.95635002851486	73.000000000000	0.0000000000000
3.8440001010895	0.11748258024454	-0.95600146055222	73.000000000000	0.0000000000000
3.8480000495911	0.11623673141003	-0.95565259456635	73.000000000000	0.0000000000000
3.8519999980927	0.11501616984606	-0.95530563592911	73.000000000000	0.0000000000000
3.8559999465942	0.11382062733173	-0.95496296882629	73.000000000000	0.0000000000000
3.8599998950958	0.11264895647764	-0.95462697744370	73.000000000000	0.0000000000000
3.8640000820160	0.11150015890598	-0.95429962873459	73.000000000000	0.0000000000000
3.8680000305176	0.11037279665470	-0.95398288965225	73.000000000000	0.0000000000000
3.8719999790192	0.10926539450884	-0.95367902517319	73.000000000000	0.0000000000000
3.8759999275208	0.10817601531744	-0.95338940620422	73.000000000000	0.0000000000000
3.8800001144409	0.10710337013006	-0.95311588048935	73.000000000000	0.0000000000000
3.8840000629425	0.10604456067085	-0.95285969972610	73.000000000000	0.0000000000000
3.8880000114441	0.10499823838472	-0.95262217521667	73.000000000000	0.0000000000000
3.8919999599457	0.10396169126034	-0.95240414142609	73.000000000000	0.0000000000000
3.8959999084473	0.10293239355087	-0.95220631361008	73.000000000000	0.0000000000000
3.9000000953674	0.10190827399492	-0.95202934741974	73.000000000000	0.0000000000000
3.9040000438690	0.10088674724102	-0.95187336206436	73.000000000000	0.0000000000000
3.9079999923706	0.099865220487118	-0.95173847675323	73.000000000000	0.0000000000000
3.9119999408722	0.098841331899166	-0.95162439346313	73.000000000000	0.0000000000000
3.9159998893738	0.097812436521053	-0.95153087377548	73.000000000000	0.0000000000000
3.9200000762939	0.096776343882084	-0.95145696401596	73.000000000000	0.0000000000000
3.9240000247955	0.095730148255825	-0.95140177011490	73.000000000000	0.0000000000000
3.9279999732971	0.094672307372093	-0.95136421918869	73.000000000000	0.0000000000000
3.9319999217987	0.093600109219551	-0.95134276151657	73.000000000000	0.0000000000000
3.9360001087189	0.092512205243111	-0.95133596658707	73.000000000000	0.0000000000000
3.9400000572205	0.091405875980854	-0.95134192705154	73.000000000000	0.0000000000000
3.9440000057220	0.090279988944530	-0.95135873556137	73.000000000000	0.0000000000000
3.9479999542236	0.089132912456989	-0.95138412714005	73.000000000000	0.0000000000000
3.9519999027252	0.087963528931141	-0.95141607522964	73.000000000000	0.0000000000000
3.9560000896454	0.086770452558994	-0.95145195722580	73.000000000000	0.0000000000000
3.9600000381470	0.085553444921970	-0.95148932933807	73.000000000000	0.0000000000000
3.9639999866486	0.084311150014400	-0.95152562856674	73.000000000000	0.0000000000000
3.9679999351501	0.083043791353703	-0.95155817270279	73.000000000000	0.0000000000000
3.9719998836517	0.081750959157944	-0.95158427953720	73.000000000000	0.0000000000000
3.9760000705719	0.080433130264282	-0.95160120725632	73.000000000000	0.0000000000000
3.9800000190735	0.079090610146523	-0.95160657167435	73.000000000000	0.0000000000000
3.9839999675751	0.077723905444145	-0.95159745216370	73.000000000000	0.0000000000000
3.9879999160767	0.076334260404110	-0.95157134532928	73.000000000000	0.0000000000000
3.9920001029968	0.074922494590282	-0.95152592658997	73.000000000000	0.0000000000000
3.9960000514984	0.073490336537361	-0.95145863294601	73.000000000000	0.0000000000000
4.0000000000000	0.072039559483528	-0.95136743783951	73.000000000000	0.0000000000000
