#Parameters = {D=40; L=50}
#"Frequency / GHz"	"S1,1 (D=40) [Re]"	"S1,1 (D=40) [Im]"	"Ref.Imp. [Re]"	"Ref.Imp. [Im]"
#---------------------------------------------------------------------------------------
0.0000000000000	1.0000000000000	-0.0000000000000	73.000000000000	0.0000000000000
0.0040000001899898	0.99999785423279	-0.0018158801831305	73.000000000000	0.0000000000000
0.0080000003799796	0.99999117851257	-0.0036316839978099	73.000000000000	0.0000000000000
0.012000000104308	0.99998021125793	-0.0054473350755870	73.000000000000	0.0000000000000
0.016000000759959	0.99996489286423	-0.0072627589106560	73.000000000000	0.0000000000000
0.019999999552965	0.99994516372681	-0.0090778796002269	73.000000000000	0.0000000000000
0.024000000208616	0.99992114305496	-0.010892624035478	73.000000000000	0.0000000000000
0.028000000864267	0.99989277124405	-0.012706917710602	73.000000000000	0.0000000000000
0.032000001519918	0.99986010789871	-0.014520690776408	73.000000000000	0.0000000000000
0.035999998450279	0.99982309341431	-0.016333874315023	73.000000000000	0.0000000000000
0.039999999105930	0.99978202581406	-0.018146399408579	73.000000000000	0.0000000000000
0.043999999761581	0.99973672628403	-0.019958203658462	73.000000000000	0.0000000000000
0.048000000417233	0.99968725442886	-0.021769218146801	73.000000000000	0.0000000000000
0.052000001072884	0.99963366985321	-0.023579388856888	73.000000000000	0.0000000000000
0.056000001728535	0.99957609176636	-0.025388652458787	73.000000000000	0.0000000000000
0.059999998658895	0.99951440095901	-0.027196953073144	73.000000000000	0.0000000000000
0.064000003039837	0.99944871664047	-0.029004244133830	73.000000000000	0.0000000000000
0.068000003695488	0.99937927722931	-0.030810473486781	73.000000000000	0.0000000000000
0.071999996900558	0.99930584430695	-0.032615594565868	73.000000000000	0.0000000000000
0.075999997556210	0.99922871589661	-0.034419562667608	73.000000000000	0.0000000000000
0.079999998211861	0.99914789199829	-0.036222349852324	73.000000000000	0.0000000000000
0.083999998867512	0.99906331300735	-0.038023907691240	73.000000000000	0.0000000000000
0.087999999523163	0.99897527694702	-0.039824221283197	73.000000000000	0.0000000000000
0.092000000178814	0.99888366460800	-0.041623249650002	73.000000000000	0.0000000000000
0.096000000834465	0.99878853559494	-0.043420974165201	73.000000000000	0.0000000000000
0.10000000149012	0.99869012832642	-0.045217383652925	73.000000000000	0.0000000000000
0.10400000214577	0.99858844280243	-0.047012452036142	73.000000000000	0.0000000000000
0.10800000280142	0.99848330020905	-0.048806179314852	73.000000000000	0.0000000000000
0.11200000345707	0.99837511777878	-0.050598550587893	73.000000000000	0.0000000000000
0.11599999666214	0.99826383590698	-0.052389569580555	73.000000000000	0.0000000000000
0.11999999731779	0.99814951419830	-0.054179225116968	73.000000000000	0.0000000000000
0.12399999797344	0.99803221225739	-0.055967539548874	73.000000000000	0.0000000000000
0.12800000607967	0.99791193008423	-0.057754516601562	73.000000000000	0.0000000000000
0.13199999928474	0.99778896570206	-0.059540171176195	73.000000000000	0.0000000000000
0.13600000739098	0.99766314029694	-0.061324525624514	73.000000000000	0.0000000000000
0.14000000059605	0.99753469228745	-0.063107594847679	73.000000000000	0.0000000000000
0.14399999380112	0.99740356206894	-0.064889401197433	73.000000000000	0.0000000000000
0.14800000190735	0.99726980924606	-0.066669985651970	73.000000000000	0.0000000000000
0.15199999511242	0.99713361263275	-0.068449370563030	73.000000000000	0.0000000000000
0.15600000321865	0.99699497222900	-0.070227593183517	73.000000000000	0.0000000000000
0.15999999642372	0.99685376882553	-0.072004713118076	73.000000000000	0.0000000000000
0.16400000452995	0.99671041965485	-0.073780737817287	73.000000000000	0.0000000000000
0.16799999773502	0.99656462669373	-0.075555749237537	73.000000000000	0.0000000000000
0.17200000584126	0.99641656875610	-0.077329762279987	73.000000000000	0.0000000000000
0.17599999904633	0.99626618623734	-0.079102843999863	73.000000000000	0.0000000000000
0.18000000715256	0.99611377716064	-0.080875046551228	73.000000000000	0.0000000000000
0.18400000035763	0.99595904350281	-0.082646436989307	73.000000000000	0.0000000000000
0.18799999356270	0.99580246210098	-0.084417045116425	73.000000000000	0.0000000000000
0.19200000166893	0.99564355611801	-0.086186952888966	73.000000000000	0.0000000000000
0.19599999487400	0.99548274278641	-0.087956219911575	73.000000000000	0.0000000000000
0.20000000298023	0.99531966447830	-0.089724890887737	73.000000000000	0.0000000000000
0.20399999618530	0.99515479803085	-0.091493047773838	73.000000000000	0.0000000000000
0.20800000429153	0.99498766660690	-0.093260742723942	73.000000000000	0.0000000000000
0.21199999749660	0.99481868743896	-0.095028035342693	73.000000000000	0.0000000000000
0.21600000560284	0.99464750289917	-0.096794992685318	73.000000000000	0.0000000000000
0.21999999880791	0.99447435140610	-0.098561689257622	73.000000000000	0.0000000000000
0.22400000691414	0.99429923295975	-0.10032818466425	73.000000000000	0.0000000000000
0.22800000011921	0.99412196874619	-0.10209451615810	73.000000000000	0.0000000000000
0.23199999332428	0.99394267797470	-0.10386078804731	73.000000000000	0.0000000000000
0.23600000143051	0.99376130104065	-0.10562703758478	73.000000000000	0.0000000000000
0.23999999463558	0.99357789754868	-0.10739333182573	73.000000000000	0.0000000000000
0.24400000274181	0.99339222908020	-0.10915972292423	73.000000000000	0.0000000000000
0.24799999594688	0.99320447444916	-0.11092627793550	73.000000000000	0.0000000000000
0.25200000405312	0.99301451444626	-0.11269304156303	73.000000000000	0.0000000000000
0.25600001215935	0.99282240867615	-0.11446008086205	73.000000000000	0.0000000000000
0.25999999046326	0.99262791872025	-0.11622743308544	73.000000000000	0.0000000000000
0.26399999856949	0.99243122339249	-0.11799515038729	73.000000000000	0.0000000000000
0.26800000667572	0.99223202466965	-0.11976327002048	73.000000000000	0.0000000000000
0.27200001478195	0.99203056097031	-0.12153184413910	73.000000000000	0.0000000000000
0.27599999308586	0.99182659387589	-0.12330093234777	73.000000000000	0.0000000000000
0.28000000119209	0.99162000417709	-0.12507052719593	73.000000000000	0.0000000000000
0.28400000929832	0.99141085147858	-0.12684069573879	73.000000000000	0.0000000000000
0.28799998760223	0.99119907617569	-0.12861146032810	73.000000000000	0.0000000000000
0.29199999570847	0.99098455905914	-0.13038280606270	73.000000000000	0.0000000000000
0.29600000381470	0.99076718091965	-0.13215480744839	73.000000000000	0.0000000000000
0.30000001192093	0.99054712057114	-0.13392747938633	73.000000000000	0.0000000000000
0.30399999022484	0.99032407999039	-0.13570079207420	73.000000000000	0.0000000000000
0.30799999833107	0.99009799957275	-0.13747479021549	73.000000000000	0.0000000000000
0.31200000643730	0.98986905813217	-0.13924945890903	73.000000000000	0.0000000000000
0.31600001454353	0.98963677883148	-0.14102481305599	73.000000000000	0.0000000000000
0.31999999284744	0.98940145969391	-0.14280086755753	73.000000000000	0.0000000000000
0.32400000095367	0.98916268348694	-0.14457756280899	73.000000000000	0.0000000000000
0.32800000905991	0.98892080783844	-0.14635492861271	73.000000000000	0.0000000000000
0.33199998736382	0.98867541551590	-0.14813295006752	73.000000000000	0.0000000000000
0.33599999547005	0.98842632770538	-0.14991153776646	73.000000000000	0.0000000000000
0.34000000357628	0.98817396163940	-0.15169078111649	73.000000000000	0.0000000000000
0.34400001168251	0.98791784048080	-0.15347056090832	73.000000000000	0.0000000000000
0.34799998998642	0.98765814304352	-0.15525087714195	73.000000000000	0.0000000000000
0.35199999809265	0.98739451169968	-0.15703167021275	73.000000000000	0.0000000000000
0.35600000619888	0.98712724447250	-0.15881292521954	73.000000000000	0.0000000000000
0.36000001430511	0.98685610294342	-0.16059461236000	73.000000000000	0.0000000000000
0.36399999260902	0.98658102750778	-0.16237664222717	73.000000000000	0.0000000000000
0.36800000071526	0.98630183935165	-0.16415898501873	73.000000000000	0.0000000000000
0.37200000882149	0.98601871728897	-0.16594158113003	73.000000000000	0.0000000000000
0.37599998712540	0.98573142290115	-0.16772437095642	73.000000000000	0.0000000000000
0.37999999523163	0.98543995618820	-0.16950727999210	73.000000000000	0.0000000000000
0.38400000333786	0.98514443635941	-0.17129027843475	73.000000000000	0.0000000000000
0.38800001144409	0.98484462499619	-0.17307327687740	73.000000000000	0.0000000000000
0.39199998974800	0.98454058170319	-0.17485615611076	73.000000000000	0.0000000000000
0.39599999785423	0.98423218727112	-0.17663894593716	73.000000000000	0.0000000000000
0.40000000596046	0.98391956090927	-0.17842151224613	73.000000000000	0.0000000000000
0.40400001406670	0.98360246419907	-0.18020376563072	73.000000000000	0.0000000000000
0.40799999237061	0.98328113555908	-0.18198569118977	73.000000000000	0.0000000000000
0.41200000047684	0.98295533657074	-0.18376712501049	73.000000000000	0.0000000000000
0.41600000858307	0.98262506723404	-0.18554803729057	73.000000000000	0.0000000000000
0.41999998688698	0.98229050636292	-0.18732836842537	73.000000000000	0.0000000000000
0.42399999499321	0.98195147514343	-0.18910799920559	73.000000000000	0.0000000000000
0.42800000309944	0.98160809278488	-0.19088685512543	73.000000000000	0.0000000000000
0.43200001120567	0.98126018047333	-0.19266484677792	73.000000000000	0.0000000000000
0.43599998950958	0.98090803623199	-0.19444194436073	73.000000000000	0.0000000000000
0.43999999761581	0.98055142164230	-0.19621798396111	73.000000000000	0.0000000000000
0.44400000572205	0.98019051551819	-0.19799299538136	73.000000000000	0.0000000000000
0.44800001382828	0.97982519865036	-0.19976678490639	73.000000000000	0.0000000000000
0.45199999213219	0.97945553064346	-0.20153933763504	73.000000000000	0.0000000000000
0.45600000023842	0.97908163070679	-0.20331059396267	73.000000000000	0.0000000000000
0.46000000834465	0.97870343923569	-0.20508043467999	73.000000000000	0.0000000000000
0.46399998664856	0.97832107543945	-0.20684881508350	73.000000000000	0.0000000000000
0.46799999475479	0.97793453931808	-0.20861563086510	73.000000000000	0.0000000000000
0.47200000286102	0.97754389047623	-0.21038086712360	73.000000000000	0.0000000000000
0.47600001096725	0.97714906930923	-0.21214441955090	73.000000000000	0.0000000000000
0.47999998927116	0.97675043344498	-0.21390630304813	73.000000000000	0.0000000000000
0.48399999737740	0.97634774446487	-0.21566633880138	73.000000000000	0.0000000000000
0.48800000548363	0.97594118118286	-0.21742458641529	73.000000000000	0.0000000000000
0.49200001358986	0.97553080320358	-0.21918088197708	73.000000000000	0.0000000000000
0.49599999189377	0.97511661052704	-0.22093528509140	73.000000000000	0.0000000000000
0.50000000000000	0.97469872236252	-0.22268769145012	73.000000000000	0.0000000000000
0.50400000810623	0.97427719831467	-0.22443807125092	73.000000000000	0.0000000000000
0.50800001621246	0.97385209798813	-0.22618639469147	73.000000000000	0.0000000000000
0.51200002431870	0.97342360019684	-0.22793261706829	73.000000000000	0.0000000000000
0.51599997282028	0.97299164533615	-0.22967673838139	73.000000000000	0.0000000000000
0.51999998092651	0.97255647182465	-0.23141875863075	73.000000000000	0.0000000000000
0.52399998903275	0.97211784124374	-0.23315857350826	73.000000000000	0.0000000000000
0.52799999713898	0.97167623043060	-0.23489624261856	73.000000000000	0.0000000000000
0.53200000524521	0.97123140096664	-0.23663173615932	73.000000000000	0.0000000000000
0.53600001335144	0.97078365087509	-0.23836503922939	73.000000000000	0.0000000000000
0.54000002145767	0.97033280134201	-0.24009618163109	73.000000000000	0.0000000000000
0.54400002956390	0.96987920999527	-0.24182514846325	73.000000000000	0.0000000000000
0.54799997806549	0.96942287683487	-0.24355193972588	73.000000000000	0.0000000000000
0.55199998617172	0.96896386146545	-0.24527660012245	73.000000000000	0.0000000000000
0.55599999427795	0.96850216388702	-0.24699912965298	73.000000000000	0.0000000000000
0.56000000238419	0.96803796291351	-0.24871954321861	73.000000000000	0.0000000000000
0.56400001049042	0.96757113933563	-0.25043788552284	73.000000000000	0.0000000000000
0.56800001859665	0.96710199117661	-0.25215414166451	73.000000000000	0.0000000000000
0.57200002670288	0.96663051843643	-0.25386846065521	73.000000000000	0.0000000000000
0.57599997520447	0.96615672111511	-0.25558075308800	73.000000000000	0.0000000000000
0.57999998331070	0.96568071842194	-0.25729116797447	73.000000000000	0.0000000000000
0.58399999141693	0.96520274877548	-0.25899967551231	73.000000000000	0.0000000000000
0.58799999952316	0.96472239494324	-0.26070633530617	73.000000000000	0.0000000000000
0.59200000762939	0.96424013376236	-0.26241126656532	73.000000000000	0.0000000000000
0.59600001573563	0.96375590562820	-0.26411446928978	73.000000000000	0.0000000000000
0.60000002384186	0.96326965093613	-0.26581597328186	73.000000000000	0.0000000000000
0.60399997234344	0.96278148889542	-0.26751595735550	73.000000000000	0.0000000000000
0.60799998044968	0.96229147911072	-0.26921439170837	73.000000000000	0.0000000000000
0.61199998855591	0.96179968118668	-0.27091136574745	73.000000000000	0.0000000000000
0.61599999666214	0.96130603551865	-0.27260696887970	73.000000000000	0.0000000000000
0.62000000476837	0.96081054210663	-0.27430126070976	73.000000000000	0.0000000000000
0.62400001287460	0.96031337976456	-0.27599427103996	73.000000000000	0.0000000000000
0.62800002098083	0.95981436967850	-0.27768611907959	73.000000000000	0.0000000000000
0.63200002908707	0.95931380987167	-0.27937692403793	73.000000000000	0.0000000000000
0.63599997758865	0.95881128311157	-0.28106668591499	73.000000000000	0.0000000000000
0.63999998569489	0.95830714702606	-0.28275546431541	73.000000000000	0.0000000000000
0.64399999380112	0.95780128240585	-0.28444343805313	73.000000000000	0.0000000000000
0.64800000190735	0.95729368925095	-0.28613060712814	73.000000000000	0.0000000000000
0.65200001001358	0.95678430795670	-0.28781706094742	73.000000000000	0.0000000000000
0.65600001811981	0.95627313852310	-0.28950282931328	73.000000000000	0.0000000000000
0.66000002622604	0.95576012134552	-0.29118806123734	73.000000000000	0.0000000000000
0.66399997472763	0.95524525642395	-0.29287278652191	73.000000000000	0.0000000000000
0.66799998283386	0.95472860336304	-0.29455712437630	73.000000000000	0.0000000000000
0.67199999094009	0.95420998334885	-0.29624104499817	73.000000000000	0.0000000000000
0.67599999904633	0.95368951559067	-0.29792469739914	73.000000000000	0.0000000000000
0.68000000715256	0.95316690206528	-0.29960811138153	73.000000000000	0.0000000000000
0.68400001525879	0.95264238119125	-0.30129134654999	73.000000000000	0.0000000000000
0.68800002336502	0.95211571455002	-0.30297446250916	73.000000000000	0.0000000000000
0.69199997186661	0.95158690214157	-0.30465754866600	73.000000000000	0.0000000000000
0.69599997997284	0.95105576515198	-0.30634060502052	73.000000000000	0.0000000000000
0.69999998807907	0.95052254199982	-0.30802369117737	73.000000000000	0.0000000000000
0.70399999618530	0.94998681545258	-0.30970683693886	73.000000000000	0.0000000000000
0.70800000429153	0.94944876432419	-0.31139013171196	73.000000000000	0.0000000000000
0.71200001239777	0.94890803098679	-0.31307354569435	73.000000000000	0.0000000000000
0.71600002050400	0.94836497306824	-0.31475719809532	73.000000000000	0.0000000000000
0.72000002861023	0.94781923294067	-0.31644099950790	73.000000000000	0.0000000000000
0.72399997711182	0.94727063179016	-0.31812506914139	73.000000000000	0.0000000000000
0.72799998521805	0.94671922922134	-0.31980934739113	73.000000000000	0.0000000000000
0.73199999332428	0.94616496562958	-0.32149386405945	73.000000000000	0.0000000000000
0.73600000143051	0.94560772180557	-0.32317867875099	73.000000000000	0.0000000000000
0.74000000953674	0.94504737854004	-0.32486376166344	73.000000000000	0.0000000000000
0.74400001764297	0.94448399543762	-0.32654905319214	73.000000000000	0.0000000000000
0.74800002574921	0.94391721487045	-0.32823458313942	73.000000000000	0.0000000000000
0.75199997425079	0.94334715604782	-0.32992038130760	73.000000000000	0.0000000000000
0.75599998235703	0.94277375936508	-0.33160635828972	73.000000000000	0.0000000000000
0.75999999046326	0.94219678640366	-0.33329248428345	73.000000000000	0.0000000000000
0.76399999856949	0.94161629676819	-0.33497878909111	73.000000000000	0.0000000000000
0.76800000667572	0.94103211164474	-0.33666524291039	73.000000000000	0.0000000000000
0.77200001478195	0.94044417142868	-0.33835175633430	73.000000000000	0.0000000000000
0.77600002288818	0.93985241651535	-0.34003832936287	73.000000000000	0.0000000000000
0.77999997138977	0.93925684690475	-0.34172478318214	73.000000000000	0.0000000000000
0.78399997949600	0.93865722417831	-0.34341126680374	73.000000000000	0.0000000000000
0.78799998760223	0.93805360794067	-0.34509754180908	73.000000000000	0.0000000000000
0.79199999570847	0.93744581937790	-0.34678366780281	73.000000000000	0.0000000000000
0.79600000381470	0.93683379888535	-0.34846943616867	73.000000000000	0.0000000000000
0.80000001192093	0.93621766567230	-0.35015496611595	73.000000000000	0.0000000000000
0.80400002002716	0.93559718132019	-0.35184004902840	73.000000000000	0.0000000000000
0.80800002813339	0.93497240543365	-0.35352462530136	73.000000000000	0.0000000000000
0.81199997663498	0.93434321880341	-0.35520866513252	73.000000000000	0.0000000000000
0.81599998474121	0.93370956182480	-0.35689204931259	73.000000000000	0.0000000000000
0.81999999284744	0.93307155370712	-0.35857462882996	73.000000000000	0.0000000000000
0.82400000095367	0.93242889642715	-0.36025637388229	73.000000000000	0.0000000000000
0.82800000905991	0.93178170919418	-0.36193722486496	73.000000000000	0.0000000000000
0.83200001716614	0.93113005161285	-0.36361700296402	73.000000000000	0.0000000000000
0.83600002527237	0.93047374486923	-0.36529570817947	73.000000000000	0.0000000000000
0.83999997377396	0.92981284856796	-0.36697313189507	73.000000000000	0.0000000000000
0.84399998188019	0.92914730310440	-0.36864930391312	73.000000000000	0.0000000000000
0.84799998998642	0.92847728729248	-0.37032401561737	73.000000000000	0.0000000000000
0.85199999809265	0.92780262231827	-0.37199720740318	73.000000000000	0.0000000000000
0.85600000619888	0.92712330818176	-0.37366878986359	73.000000000000	0.0000000000000
0.86000001430511	0.92643934488297	-0.37533864378929	73.000000000000	0.0000000000000
0.86400002241135	0.92575103044510	-0.37700670957565	73.000000000000	0.0000000000000
0.86799997091293	0.92505800724030	-0.37867286801338	73.000000000000	0.0000000000000
0.87199997901917	0.92436057329178	-0.38033697009087	73.000000000000	0.0000000000000
0.87599998712540	0.92365866899490	-0.38199901580811	73.000000000000	0.0000000000000
0.87999999523163	0.92295235395432	-0.38365885615349	73.000000000000	0.0000000000000
0.88400000333786	0.92224168777466	-0.38531640172005	73.000000000000	0.0000000000000
0.88800001144409	0.92152661085129	-0.38697159290314	73.000000000000	0.0000000000000
0.89200001955032	0.92080718278885	-0.38862431049347	73.000000000000	0.0000000000000
0.89600002765656	0.92008370161057	-0.39027449488640	73.000000000000	0.0000000000000
0.89999997615814	0.91935592889786	-0.39192208647728	73.000000000000	0.0000000000000
0.90399998426437	0.91862422227859	-0.39356696605682	73.000000000000	0.0000000000000
0.90799999237061	0.91788840293884	-0.39520910382271	73.000000000000	0.0000000000000
0.91200000047684	0.91714876890182	-0.39684841036797	73.000000000000	0.0000000000000
0.91600000858307	0.91640532016754	-0.39848479628563	73.000000000000	0.0000000000000
0.92000001668930	0.91565805673599	-0.40011826157570	73.000000000000	0.0000000000000
0.92400002479553	0.91490715742111	-0.40174874663353	73.000000000000	0.0000000000000
0.92799997329712	0.91415262222290	-0.40337625145912	73.000000000000	0.0000000000000
0.93199998140335	0.91339468955994	-0.40500062704086	73.000000000000	0.0000000000000
0.93599998950958	0.91263335943222	-0.40662193298340	73.000000000000	0.0000000000000
0.93999999761581	0.91186875104904	-0.40824005007744	73.000000000000	0.0000000000000
0.94400000572205	0.91110092401505	-0.40985503792763	73.000000000000	0.0000000000000
0.94800001382828	0.91032999753952	-0.41146680712700	73.000000000000	0.0000000000000
0.95200002193451	0.90955615043640	-0.41307541728020	73.000000000000	0.0000000000000
0.95599997043610	0.90877944231033	-0.41468083858490	73.000000000000	0.0000000000000
0.95999997854233	0.90799981355667	-0.41628307104111	73.000000000000	0.0000000000000
0.96399998664856	0.90721768140793	-0.41788211464882	73.000000000000	0.0000000000000
0.96799999475479	0.90643286705017	-0.41947796940804	73.000000000000	0.0000000000000
0.97200000286102	0.90564566850662	-0.42107069492340	73.000000000000	0.0000000000000
0.97600001096725	0.90485602617264	-0.42266032099724	73.000000000000	0.0000000000000
0.98000001907349	0.90406417846680	-0.42424669861794	73.000000000000	0.0000000000000
0.98400002717972	0.90326988697052	-0.42583069205284	73.000000000000	0.0000000000000
0.98799997568130	0.90247374773026	-0.42741096019745	73.000000000000	0.0000000000000
0.99199998378754	0.90167558193207	-0.42898854613304	73.000000000000	0.0000000000000
0.99599999189377	0.90087574720383	-0.43056252598763	73.000000000000	0.0000000000000
1.0000000000000	0.90007382631302	-0.43213430047035	73.000000000000	0.0000000000000
1.0039999485016	0.89927011728287	-0.43370345234871	73.000000000000	0.0000000000000
1.0080000162125	0.89846479892731	-0.43526950478554	73.000000000000	0.0000000000000
1.0119999647141	0.89765793085098	-0.43683305382729	73.000000000000	0.0000000000000
1.0160000324249	0.89684939384460	-0.43839409947395	73.000000000000	0.0000000000000
1.0199999809265	0.89603972434998	-0.43995225429535	73.000000000000	0.0000000000000
1.0240000486374	0.89522832632065	-0.44150838255882	73.000000000000	0.0000000000000
1.0279999971390	0.89441549777985	-0.44306251406670	73.000000000000	0.0000000000000
1.0319999456406	0.89360135793686	-0.44461432099342	73.000000000000	0.0000000000000
1.0360000133514	0.89278608560562	-0.44616377353668	73.000000000000	0.0000000000000
1.0399999618530	0.89196950197220	-0.44771137833595	73.000000000000	0.0000000000000
1.0440000295639	0.89115190505981	-0.44925668835640	73.000000000000	0.0000000000000
1.0479999780655	0.89033263921738	-0.45080107450485	73.000000000000	0.0000000000000
1.0520000457764	0.88951265811920	-0.45234280824661	73.000000000000	0.0000000000000
1.0559999942780	0.88869136571884	-0.45388320088387	73.000000000000	0.0000000000000
1.0599999427795	0.88786864280701	-0.45542278885841	73.000000000000	0.0000000000000
1.0640000104904	0.88704484701157	-0.45696058869362	73.000000000000	0.0000000000000
1.0679999589920	0.88621985912323	-0.45849713683128	73.000000000000	0.0000000000000
1.0720000267029	0.88539391756058	-0.46003198623657	73.000000000000	0.0000000000000
1.0759999752045	0.88456636667252	-0.46156647801399	73.000000000000	0.0000000000000
1.0800000429153	0.88373768329620	-0.46309974789619	73.000000000000	0.0000000000000
1.0839999914169	0.88290792703629	-0.46463179588318	73.000000000000	0.0000000000000
1.0880000591278	0.88207644224167	-0.46616390347481	73.000000000000	0.0000000000000
1.0920000076294	0.88124352693558	-0.46769523620605	73.000000000000	0.0000000000000
1.0959999561310	0.88040918111801	-0.46922570466995	73.000000000000	0.0000000000000
1.1000000238419	0.87957334518433	-0.47075587511063	73.000000000000	0.0000000000000
1.1039999723434	0.87873589992523	-0.47228562831879	73.000000000000	0.0000000000000
1.1080000400543	0.87789654731750	-0.47381538152695	73.000000000000	0.0000000000000
1.1119999885559	0.87705576419830	-0.47534433007240	73.000000000000	0.0000000000000
1.1160000562668	0.87621259689331	-0.47687411308289	73.000000000000	0.0000000000000
1.1200000047684	0.87536770105362	-0.47840341925621	73.000000000000	0.0000000000000
1.1239999532700	0.87452071905136	-0.47993266582489	73.000000000000	0.0000000000000
1.1280000209808	0.87367171049118	-0.48146170377731	73.000000000000	0.0000000000000
1.1319999694824	0.87282019853592	-0.48299127817154	73.000000000000	0.0000000000000
1.1360000371933	0.87196630239487	-0.48452100157738	73.000000000000	0.0000000000000
1.1399999856949	0.87110996246338	-0.48605099320412	73.000000000000	0.0000000000000
1.1440000534058	0.87025088071823	-0.48758119344711	73.000000000000	0.0000000000000
1.1480000019073	0.86938911676407	-0.48911181092262	73.000000000000	0.0000000000000
1.1519999504089	0.86852437257767	-0.49064269661903	73.000000000000	0.0000000000000
1.1560000181198	0.86765670776367	-0.49217393994331	73.000000000000	0.0000000000000
1.1599999666214	0.86678564548492	-0.49370551109314	73.000000000000	0.0000000000000
1.1640000343323	0.86591148376465	-0.49523741006851	73.000000000000	0.0000000000000
1.1679999828339	0.86503386497498	-0.49676972627640	73.000000000000	0.0000000000000
1.1720000505447	0.86415266990662	-0.49830234050751	73.000000000000	0.0000000000000
1.1759999990463	0.86326766014099	-0.49983528256416	73.000000000000	0.0000000000000
1.1799999475479	0.86237895488739	-0.50136846303940	73.000000000000	0.0000000000000
1.1840000152588	0.86148625612259	-0.50290191173553	73.000000000000	0.0000000000000
1.1879999637604	0.86058944463730	-0.50443553924561	73.000000000000	0.0000000000000
1.1920000314713	0.85968852043152	-0.50596934556961	73.000000000000	0.0000000000000
1.1959999799728	0.85878318548203	-0.50750321149826	73.000000000000	0.0000000000000
1.2000000476837	0.85787338018417	-0.50903701782227	73.000000000000	0.0000000000000
1.2039999961853	0.85695892572403	-0.51057082414627	73.000000000000	0.0000000000000
1.2079999446869	0.85603994131088	-0.51210439205170	73.000000000000	0.0000000000000
1.2120000123978	0.85511595010757	-0.51363784074783	73.000000000000	0.0000000000000
1.2159999608994	0.85418707132339	-0.51517087221146	73.000000000000	0.0000000000000
1.2200000286102	0.85325324535370	-0.51670348644257	73.000000000000	0.0000000000000
1.2239999771118	0.85231429338455	-0.51823556423187	73.000000000000	0.0000000000000
1.2280000448227	0.85137003660202	-0.51976704597473	73.000000000000	0.0000000000000
1.2319999933243	0.85042059421539	-0.52129763364792	73.000000000000	0.0000000000000
1.2359999418259	0.84946566820145	-0.52282738685608	73.000000000000	0.0000000000000
1.2400000095367	0.84850531816483	-0.52435600757599	73.000000000000	0.0000000000000
1.2439999580383	0.84753948450089	-0.52588349580765	73.000000000000	0.0000000000000
1.2480000257492	0.84656810760498	-0.52740967273712	73.000000000000	0.0000000000000
1.2519999742508	0.84559100866318	-0.52893447875977	73.000000000000	0.0000000000000
1.2560000419617	0.84460824728012	-0.53045755624771	73.000000000000	0.0000000000000
1.2599999904633	0.84361988306046	-0.53197902441025	73.000000000000	0.0000000000000
1.2640000581741	0.84262567758560	-0.53349852561951	73.000000000000	0.0000000000000
1.2680000066757	0.84162569046021	-0.53501600027084	73.000000000000	0.0000000000000
1.2719999551773	0.84062010049820	-0.53653120994568	73.000000000000	0.0000000000000
1.2760000228882	0.83960860967636	-0.53804421424866	73.000000000000	0.0000000000000
1.2799999713898	0.83859151601791	-0.53955459594727	73.000000000000	0.0000000000000
1.2840000391006	0.83756852149963	-0.54106241464615	73.000000000000	0.0000000000000
1.2879999876022	0.83653980493546	-0.54256743192673	73.000000000000	0.0000000000000
1.2920000553131	0.83550542593002	-0.54406940937042	73.000000000000	0.0000000000000
1.2960000038147	0.83446544408798	-0.54556834697723	73.000000000000	0.0000000000000
1.2999999523163	0.83341985940933	-0.54706400632858	73.000000000000	0.0000000000000
1.3040000200272	0.83236855268478	-0.54855626821518	73.000000000000	0.0000000000000
1.3079999685287	0.83131188154221	-0.55004507303238	73.000000000000	0.0000000000000
1.3120000362396	0.83025002479553	-0.55153024196625	73.000000000000	0.0000000000000
1.3159999847412	0.82918256521225	-0.55301147699356	73.000000000000	0.0000000000000
1.3200000524521	0.82810992002487	-0.55448895692825	73.000000000000	0.0000000000000
1.3240000009537	0.82703214883804	-0.55596232414246	73.000000000000	0.0000000000000
1.3279999494553	0.82594931125641	-0.55743157863617	73.000000000000	0.0000000000000
1.3320000171661	0.82486152648926	-0.55889660120010	73.000000000000	0.0000000000000
1.3359999656677	0.82376909255981	-0.56035721302032	73.000000000000	0.0000000000000
1.3400000333786	0.82267177104950	-0.56181341409683	73.000000000000	0.0000000000000
1.3439999818802	0.82156991958618	-0.56326502561569	73.000000000000	0.0000000000000
1.3480000495911	0.82046365737915	-0.56471216678619	73.000000000000	0.0000000000000
1.3519999980927	0.81935298442841	-0.56615453958511	73.000000000000	0.0000000000000
1.3559999465942	0.81823819875717	-0.56759226322174	73.000000000000	0.0000000000000
1.3600000143051	0.81711947917938	-0.56902509927750	73.000000000000	0.0000000000000
1.3639999628067	0.81599670648575	-0.57045316696167	73.000000000000	0.0000000000000
1.3680000305176	0.81487017869949	-0.57187640666962	73.000000000000	0.0000000000000
1.3719999790192	0.81374007463455	-0.57329475879669	73.000000000000	0.0000000000000
1.3760000467300	0.81260657310486	-0.57470822334290	73.000000000000	0.0000000000000
1.3799999952316	0.81146967411041	-0.57611685991287	73.000000000000	0.0000000000000
1.3839999437332	0.81032973527908	-0.57752048969269	73.000000000000	0.0000000000000
1.3880000114441	0.80918663740158	-0.57891935110092	73.000000000000	0.0000000000000
1.3919999599457	0.80804079771042	-0.58031338453293	73.000000000000	0.0000000000000
1.3960000276566	0.80689227581024	-0.58170270919800	73.000000000000	0.0000000000000
1.3999999761581	0.80574101209641	-0.58308708667755	73.000000000000	0.0000000000000
1.4040000438690	0.80458742380142	-0.58446699380875	73.000000000000	0.0000000000000
1.4079999923706	0.80343145132065	-0.58584219217300	73.000000000000	0.0000000000000
1.4119999408722	0.80227327346802	-0.58721286058426	73.000000000000	0.0000000000000
1.4160000085831	0.80111300945282	-0.58857911825180	73.000000000000	0.0000000000000
1.4199999570847	0.79995083808899	-0.58994090557098	73.000000000000	0.0000000000000
1.4240000247955	0.79878675937653	-0.59129852056503	73.000000000000	0.0000000000000
1.4279999732971	0.79762095212936	-0.59265208244324	73.000000000000	0.0000000000000
1.4320000410080	0.79645347595215	-0.59400153160095	73.000000000000	0.0000000000000
1.4359999895096	0.79528445005417	-0.59534716606140	73.000000000000	0.0000000000000
1.4400000572205	0.79411393404007	-0.59668904542923	73.000000000000	0.0000000000000
1.4440000057220	0.79294210672379	-0.59802746772766	73.000000000000	0.0000000000000
1.4479999542236	0.79176867008209	-0.59936225414276	73.000000000000	0.0000000000000
1.4520000219345	0.79059398174286	-0.60069382190704	73.000000000000	0.0000000000000
1.4559999704361	0.78941804170609	-0.60202234983444	73.000000000000	0.0000000000000
1.4600000381470	0.78824084997177	-0.60334783792496	73.000000000000	0.0000000000000
1.4639999866486	0.78706228733063	-0.60467058420181	73.000000000000	0.0000000000000
1.4680000543594	0.78588235378265	-0.60599076747894	73.000000000000	0.0000000000000
1.4720000028610	0.78470134735107	-0.60730844736099	73.000000000000	0.0000000000000
1.4759999513626	0.78351885080338	-0.60862398147583	73.000000000000	0.0000000000000
1.4800000190735	0.78233498334885	-0.60993731021881	73.000000000000	0.0000000000000
1.4839999675751	0.78114986419678	-0.61124879121780	73.000000000000	0.0000000000000
1.4880000352859	0.77996319532394	-0.61255860328674	73.000000000000	0.0000000000000
1.4919999837875	0.77877473831177	-0.61386680603027	73.000000000000	0.0000000000000
1.4960000514984	0.77758479118347	-0.61517375707626	73.000000000000	0.0000000000000
1.5000000000000	0.77639293670654	-0.61647951602936	73.000000000000	0.0000000000000
1.5039999485016	0.77519923448563	-0.61778420209885	73.000000000000	0.0000000000000
1.5080000162125	0.77400350570679	-0.61908811330795	73.000000000000	0.0000000000000
1.5119999647141	0.77280539274216	-0.62039136886597	73.000000000000	0.0000000000000
1.5160000324249	0.77160495519638	-0.62169384956360	73.000000000000	0.0000000000000
1.5199999809265	0.77040195465088	-0.62299621105194	73.000000000000	0.0000000000000
1.5240000486374	0.76919615268707	-0.62429821491241	73.000000000000	0.0000000000000
1.5279999971390	0.76798737049103	-0.62560003995895	73.000000000000	0.0000000000000
1.5319999456406	0.76677542924881	-0.62690186500549	73.000000000000	0.0000000000000
1.5360000133514	0.76555985212326	-0.62820386886597	73.000000000000	0.0000000000000
1.5399999618530	0.76434069871902	-0.62950599193573	73.000000000000	0.0000000000000
1.5440000295639	0.76311755180359	-0.63080841302872	73.000000000000	0.0000000000000
1.5479999780655	0.76189017295837	-0.63211107254028	73.000000000000	0.0000000000000
1.5520000457764	0.76065826416016	-0.63341426849365	73.000000000000	0.0000000000000
1.5559999942780	0.75942152738571	-0.63471794128418	73.000000000000	0.0000000000000
1.5599999427795	0.75817966461182	-0.63602191209793	73.000000000000	0.0000000000000
1.5640000104904	0.75693249702454	-0.63732641935349	73.000000000000	0.0000000000000
1.5679999589920	0.75567948818207	-0.63863140344620	73.000000000000	0.0000000000000
1.5720000267029	0.75442045927048	-0.63993680477142	73.000000000000	0.0000000000000
1.5759999752045	0.75315511226654	-0.64124262332916	73.000000000000	0.0000000000000
1.5800000429153	0.75188285112381	-0.64254873991013	73.000000000000	0.0000000000000
1.5839999914169	0.75060355663300	-0.64385509490967	73.000000000000	0.0000000000000
1.5880000591278	0.74931693077087	-0.64516162872314	73.000000000000	0.0000000000000
1.5920000076294	0.74802255630493	-0.64646810293198	73.000000000000	0.0000000000000
1.5959999561310	0.74671995639801	-0.64777451753616	73.000000000000	0.0000000000000
1.6000000238419	0.74540895223618	-0.64908057451248	73.000000000000	0.0000000000000
1.6039999723434	0.74408900737762	-0.65038627386093	73.000000000000	0.0000000000000
1.6080000400543	0.74276012182236	-0.65169107913971	73.000000000000	0.0000000000000
1.6119999885559	0.74142152070999	-0.65299510955811	73.000000000000	0.0000000000000
1.6160000562668	0.74007314443588	-0.65429794788361	73.000000000000	0.0000000000000
1.6200000047684	0.73871475458145	-0.65559941530228	73.000000000000	0.0000000000000
1.6239999532700	0.73734581470490	-0.65689903497696	73.000000000000	0.0000000000000
1.6280000209808	0.73596572875977	-0.65819662809372	73.000000000000	0.0000000000000
1.6319999694824	0.73457491397858	-0.65949183702469	73.000000000000	0.0000000000000
1.6360000371933	0.73317253589630	-0.66078430414200	73.000000000000	0.0000000000000
1.6399999856949	0.73175835609436	-0.66207355260849	73.000000000000	0.0000000000000
1.6440000534058	0.73033237457275	-0.66335928440094	73.000000000000	0.0000000000000
1.6480000019073	0.72889393568039	-0.66464114189148	73.000000000000	0.0000000000000
1.6519999504089	0.72744309902191	-0.66591858863831	73.000000000000	0.0000000000000
1.6560000181198	0.72597944736481	-0.66719108819962	73.000000000000	0.0000000000000
1.6599999666214	0.72450304031372	-0.66845822334290	73.000000000000	0.0000000000000
1.6640000343323	0.72301322221756	-0.66971957683563	73.000000000000	0.0000000000000
1.6679999828339	0.72151029109955	-0.67097455263138	73.000000000000	0.0000000000000
1.6720000505447	0.71999377012253	-0.67222255468369	73.000000000000	0.0000000000000
1.6759999990463	0.71846359968185	-0.67346316576004	73.000000000000	0.0000000000000
1.6799999475479	0.71691983938217	-0.67469567060471	73.000000000000	0.0000000000000
1.6840000152588	0.71536219120026	-0.67591965198517	73.000000000000	0.0000000000000
1.6879999637604	0.71379047632217	-0.67713433504105	73.000000000000	0.0000000000000
1.6920000314713	0.71220505237579	-0.67833924293518	73.000000000000	0.0000000000000
1.6959999799728	0.71060568094254	-0.67953377962112	73.000000000000	0.0000000000000
1.7000000476837	0.70899236202240	-0.68071711063385	73.000000000000	0.0000000000000
1.7039999961853	0.70736521482468	-0.68188887834549	73.000000000000	0.0000000000000
1.7079999446869	0.70572429895401	-0.68304824829102	73.000000000000	0.0000000000000
1.7120000123978	0.70406955480576	-0.68419462442398	73.000000000000	0.0000000000000
1.7159999608994	0.70240122079849	-0.68532723188400	73.000000000000	0.0000000000000
1.7200000286102	0.70071959495544	-0.68644565343857	73.000000000000	0.0000000000000
1.7239999771118	0.69902467727661	-0.68754905462265	73.000000000000	0.0000000000000
1.7280000448227	0.69731688499451	-0.68863677978516	73.000000000000	0.0000000000000
1.7319999933243	0.69559627771378	-0.68970823287964	73.000000000000	0.0000000000000
1.7359999418259	0.69386315345764	-0.69076263904572	73.000000000000	0.0000000000000
1.7400000095367	0.69211792945862	-0.69179946184158	73.000000000000	0.0000000000000
1.7439999580383	0.69036114215851	-0.69281792640686	73.000000000000	0.0000000000000
1.7480000257492	0.68859285116196	-0.69381761550903	73.000000000000	0.0000000000000
1.7519999742508	0.68681335449219	-0.69479751586914	73.000000000000	0.0000000000000
1.7560000419617	0.68502366542816	-0.69575726985931	73.000000000000	0.0000000000000
1.7599999904633	0.68322366476059	-0.69669622182846	73.000000000000	0.0000000000000
1.7640000581741	0.68141418695450	-0.69761365652084	73.000000000000	0.0000000000000
1.7680000066757	0.67959570884705	-0.69850915670395	73.000000000000	0.0000000000000
1.7719999551773	0.67776894569397	-0.69938194751740	73.000000000000	0.0000000000000
1.7760000228882	0.67593431472778	-0.70023161172867	73.000000000000	0.0000000000000
1.7799999713898	0.67409241199493	-0.70105755329132	73.000000000000	0.0000000000000
1.7840000391006	0.67224401235580	-0.70185935497284	73.000000000000	0.0000000000000
1.7879999876022	0.67038995027542	-0.70263636112213	73.000000000000	0.0000000000000
1.7920000553131	0.66853058338165	-0.70338827371597	73.000000000000	0.0000000000000
1.7960000038147	0.66666704416275	-0.70411443710327	73.000000000000	0.0000000000000
1.7999999523163	0.66479992866516	-0.70481449365616	73.000000000000	0.0000000000000
1.8040000200272	0.66293007135391	-0.70548826456070	73.000000000000	0.0000000000000
1.8079999685287	0.66105818748474	-0.70613509416580	73.000000000000	0.0000000000000
1.8120000362396	0.65918523073196	-0.70675480365753	73.000000000000	0.0000000000000
1.8159999847412	0.65731215476990	-0.70734697580338	73.000000000000	0.0000000000000
1.8200000524521	0.65543949604034	-0.70791155099869	73.000000000000	0.0000000000000
1.8240000009537	0.65356856584549	-0.70844805240631	73.000000000000	0.0000000000000
1.8279999494553	0.65170013904572	-0.70895642042160	73.000000000000	0.0000000000000
1.8320000171661	0.64983522891998	-0.70943647623062	73.000000000000	0.0000000000000
1.8359999656677	0.64797466993332	-0.70988810062408	73.000000000000	0.0000000000000
1.8400000333786	0.64611929655075	-0.71031117439270	73.000000000000	0.0000000000000
1.8439999818802	0.64427059888840	-0.71070563793182	73.000000000000	0.0000000000000
1.8480000495911	0.64242911338806	-0.71107155084610	73.000000000000	0.0000000000000
1.8519999980927	0.64059579372406	-0.71140879392624	73.000000000000	0.0000000000000
1.8559999465942	0.63877201080322	-0.71171766519547	73.000000000000	0.0000000000000
1.8600000143051	0.63695853948593	-0.71199804544449	73.000000000000	0.0000000000000
1.8639999628067	0.63515639305115	-0.71225023269653	73.000000000000	0.0000000000000
1.8680000305176	0.63336676359177	-0.71247440576553	73.000000000000	0.0000000000000
1.8719999790192	0.63159048557281	-0.71267068386078	73.000000000000	0.0000000000000
1.8760000467300	0.62982851266861	-0.71283948421478	73.000000000000	0.0000000000000
1.8799999952316	0.62808215618134	-0.71298116445541	73.000000000000	0.0000000000000
1.8839999437332	0.62635207176208	-0.71309590339661	73.000000000000	0.0000000000000
1.8880000114441	0.62463939189911	-0.71318429708481	73.000000000000	0.0000000000000
1.8919999599457	0.62294501066208	-0.71324676275253	73.000000000000	0.0000000000000
1.8960000276566	0.62127012014389	-0.71328371763229	73.000000000000	0.0000000000000
1.8999999761581	0.61961549520493	-0.71329569816589	73.000000000000	0.0000000000000
1.9040000438690	0.61798208951950	-0.71328330039978	73.000000000000	0.0000000000000
1.9079999923706	0.61637067794800	-0.71324717998505	73.000000000000	0.0000000000000
1.9119999408722	0.61478251218796	-0.71318793296814	73.000000000000	0.0000000000000
1.9160000085831	0.61321824789047	-0.71310633420944	73.000000000000	0.0000000000000
1.9199999570847	0.61167883872986	-0.71300303936005	73.000000000000	0.0000000000000
1.9240000247955	0.61016482114792	-0.71287894248962	73.000000000000	0.0000000000000
1.9279999732971	0.60867732763290	-0.71273463964462	73.000000000000	0.0000000000000
1.9320000410080	0.60721713304520	-0.71257114410400	73.000000000000	0.0000000000000
1.9359999895096	0.60578459501266	-0.71238934993744	73.000000000000	0.0000000000000
1.9400000572205	0.60438084602356	-0.71219009160995	73.000000000000	0.0000000000000
1.9440000057220	0.60300624370575	-0.71197432279587	73.000000000000	0.0000000000000
1.9479999542236	0.60166180133820	-0.71174299716949	73.000000000000	0.0000000000000
1.9520000219345	0.60034763813019	-0.71149712800980	73.000000000000	0.0000000000000
1.9559999704361	0.59906470775604	-0.71123778820038	73.000000000000	0.0000000000000
1.9600000381470	0.59781336784363	-0.71096605062485	73.000000000000	0.0000000000000
1.9639999866486	0.59659427404404	-0.71068286895752	73.000000000000	0.0000000000000
1.9680000543594	0.59540742635727	-0.71038955450058	73.000000000000	0.0000000000000
1.9720000028610	0.59425371885300	-0.71008700132370	73.000000000000	0.0000000000000
1.9759999513626	0.59313315153122	-0.70977652072906	73.000000000000	0.0000000000000
1.9800000190735	0.59204626083374	-0.70945912599564	73.000000000000	0.0000000000000
1.9839999675751	0.59099328517914	-0.70913618803024	73.000000000000	0.0000000000000
1.9880000352859	0.58997446298599	-0.70880866050720	73.000000000000	0.0000000000000
1.9919999837875	0.58898979425430	-0.70847791433334	73.000000000000	0.0000000000000
1.9960000514984	0.58803939819336	-0.70814514160156	73.000000000000	0.0000000000000
2.0000000000000	0.58712381124496	-0.70781147480011	73.000000000000	0.0000000000000
2.0039999485016	0.58624237775803	-0.70747810602188	73.000000000000	0.0000000000000
2.0079998970032	0.58539557456970	-0.70714646577835	73.000000000000	0.0000000000000
2.0120000839233	0.58458304405212	-0.70681756734848	73.000000000000	0.0000000000000
2.0160000324249	0.58380478620529	-0.70649272203445	73.000000000000	0.0000000000000
2.0199999809265	0.58306086063385	-0.70617312192917	73.000000000000	0.0000000000000
2.0239999294281	0.58235049247742	-0.70586001873016	73.000000000000	0.0000000000000
2.0280001163483	0.58167392015457	-0.70555442571640	73.000000000000	0.0000000000000
2.0320000648499	0.58103072643280	-0.70525783300400	73.000000000000	0.0000000000000
2.0360000133514	0.58042031526566	-0.70497119426727	73.000000000000	0.0000000000000
2.0399999618530	0.57984244823456	-0.70469588041306	73.000000000000	0.0000000000000
2.0439999103546	0.57929694652557	-0.70443272590637	73.000000000000	0.0000000000000
2.0480000972748	0.57878261804581	-0.70418328046799	73.000000000000	0.0000000000000
2.0520000457764	0.57829964160919	-0.70394831895828	73.000000000000	0.0000000000000
2.0559999942780	0.57784694433212	-0.70372903347015	73.000000000000	0.0000000000000
2.0599999427795	0.57742404937744	-0.70352649688721	73.000000000000	0.0000000000000
2.0639998912811	0.57703042030334	-0.70334178209305	73.000000000000	0.0000000000000
2.0680000782013	0.57666504383087	-0.70317584276199	73.000000000000	0.0000000000000
2.0720000267029	0.57632738351822	-0.70302975177765	73.000000000000	0.0000000000000
2.0759999752045	0.57601672410965	-0.70290440320969	73.000000000000	0.0000000000000
2.0799999237061	0.57573205232620	-0.70280063152313	73.000000000000	0.0000000000000
2.0840001106262	0.57547235488892	-0.70271939039230	73.000000000000	0.0000000000000
2.0880000591278	0.57523721456528	-0.70266157388687	73.000000000000	0.0000000000000
2.0920000076294	0.57502526044846	-0.70262795686722	73.000000000000	0.0000000000000
2.0959999561310	0.57483583688736	-0.70261925458908	73.000000000000	0.0000000000000
2.0999999046326	0.57466745376587	-0.70263630151749	73.000000000000	0.0000000000000
2.1040000915527	0.57451963424683	-0.70267969369888	73.000000000000	0.0000000000000
2.1080000400543	0.57439106702805	-0.70275014638901	73.000000000000	0.0000000000000
2.1119999885559	0.57428085803986	-0.70284813642502	73.000000000000	0.0000000000000
2.1159999370575	0.57418775558472	-0.70297431945801	73.000000000000	0.0000000000000
2.1199998855591	0.57411062717438	-0.70312929153442	73.000000000000	0.0000000000000
2.1240000724792	0.57404851913452	-0.70331335067749	73.000000000000	0.0000000000000
2.1280000209808	0.57400012016296	-0.70352697372437	73.000000000000	0.0000000000000
2.1319999694824	0.57396441698074	-0.70377057790756	73.000000000000	0.0000000000000
2.1359999179840	0.57394009828568	-0.70404440164566	73.000000000000	0.0000000000000
2.1400001049042	0.57392597198486	-0.70434886217117	73.000000000000	0.0000000000000
2.1440000534058	0.57392114400864	-0.70468401908875	73.000000000000	0.0000000000000
2.1480000019073	0.57392400503159	-0.70505017042160	73.000000000000	0.0000000000000
2.1519999504089	0.57393383979797	-0.70544743537903	73.000000000000	0.0000000000000
2.1559998989105	0.57394903898239	-0.70587581396103	73.000000000000	0.0000000000000
2.1600000858307	0.57396864891052	-0.70633536577225	73.000000000000	0.0000000000000
2.1640000343323	0.57399147748947	-0.70682609081268	73.000000000000	0.0000000000000
2.1679999828339	0.57401615381241	-0.70734798908234	73.000000000000	0.0000000000000
2.1719999313354	0.57404172420502	-0.70790088176727	73.000000000000	0.0000000000000
2.1760001182556	0.57406705617905	-0.70848459005356	73.000000000000	0.0000000000000
2.1800000667572	0.57409071922302	-0.70909899473190	73.000000000000	0.0000000000000
2.1840000152588	0.57411199808121	-0.70974379777908	73.000000000000	0.0000000000000
2.1879999637604	0.57412922382355	-0.71041870117188	73.000000000000	0.0000000000000
2.1919999122620	0.57414191961288	-0.71112340688705	73.000000000000	0.0000000000000
2.1960000991821	0.57414853572845	-0.71185737848282	73.000000000000	0.0000000000000
2.2000000476837	0.57414817810059	-0.71262043714523	73.000000000000	0.0000000000000
2.2039999961853	0.57414007186890	-0.71341186761856	73.000000000000	0.0000000000000
2.2079999446869	0.57412266731262	-0.71423143148422	73.000000000000	0.0000000000000
2.2119998931885	0.57409542798996	-0.71507835388184	73.000000000000	0.0000000000000
2.2160000801086	0.57405716180801	-0.71595221757889	73.000000000000	0.0000000000000
2.2200000286102	0.57400703430176	-0.71685230731964	73.000000000000	0.0000000000000
2.2239999771118	0.57394415140152	-0.71777802705765	73.000000000000	0.0000000000000
2.2279999256134	0.57386767864227	-0.71872872114182	73.000000000000	0.0000000000000
2.2320001125336	0.57377696037292	-0.71970367431641	73.000000000000	0.0000000000000
2.2360000610352	0.57367074489594	-0.72070205211639	73.000000000000	0.0000000000000
2.2400000095367	0.57354873418808	-0.72172325849533	73.000000000000	0.0000000000000
2.2439999580383	0.57340997457504	-0.72276633977890	73.000000000000	0.0000000000000
2.2479999065399	0.57325392961502	-0.72383058071136	73.000000000000	0.0000000000000
2.2520000934601	0.57307976484299	-0.72491508722305	73.000000000000	0.0000000000000
2.2560000419617	0.57288718223572	-0.72601908445358	73.000000000000	0.0000000000000
2.2599999904633	0.57267528772354	-0.72714161872864	73.000000000000	0.0000000000000
2.2639999389648	0.57244378328323	-0.72828191518784	73.000000000000	0.0000000000000
2.2679998874664	0.57219207286835	-0.72943890094757	73.000000000000	0.0000000000000
2.2720000743866	0.57191985845566	-0.73061186075211	73.000000000000	0.0000000000000
2.2760000228882	0.57162660360336	-0.73179966211319	73.000000000000	0.0000000000000
2.2799999713898	0.57131218910217	-0.73300153017044	73.000000000000	0.0000000000000
2.2839999198914	0.57097595930099	-0.73421645164490	73.000000000000	0.0000000000000
2.2880001068115	0.57061791419983	-0.73544365167618	73.000000000000	0.0000000000000
2.2920000553131	0.57023775577545	-0.73668187856674	73.000000000000	0.0000000000000
2.2960000038147	0.56983524560928	-0.73793041706085	73.000000000000	0.0000000000000
2.2999999523163	0.56941026449203	-0.73918825387955	73.000000000000	0.0000000000000
2.3039999008179	0.56896299123764	-0.74045449495316	73.000000000000	0.0000000000000
2.3080000877380	0.56849288940430	-0.74172818660736	73.000000000000	0.0000000000000
2.3120000362396	0.56800031661987	-0.74300837516785	73.000000000000	0.0000000000000
2.3159999847412	0.56748503446579	-0.74429416656494	73.000000000000	0.0000000000000
2.3199999332428	0.56694740056992	-0.74558466672897	73.000000000000	0.0000000000000
2.3239998817444	0.56638711690903	-0.74687886238098	73.000000000000	0.0000000000000
2.3280000686646	0.56580471992493	-0.74817615747452	73.000000000000	0.0000000000000
2.3320000171661	0.56520020961761	-0.74947541952133	73.000000000000	0.0000000000000
2.3359999656677	0.56457370519638	-0.75077587366104	73.000000000000	0.0000000000000
2.3399999141693	0.56392556428909	-0.75207680463791	73.000000000000	0.0000000000000
2.3440001010895	0.56325602531433	-0.75337719917297	73.000000000000	0.0000000000000
2.3480000495911	0.56256544589996	-0.75467646121979	73.000000000000	0.0000000000000
2.3519999980927	0.56185418367386	-0.75597369670868	73.000000000000	0.0000000000000
2.3559999465942	0.56112229824066	-0.75726842880249	73.000000000000	0.0000000000000
2.3599998950958	0.56037062406540	-0.75855964422226	73.000000000000	0.0000000000000
2.3640000820160	0.55959939956665	-0.75984674692154	73.000000000000	0.0000000000000
2.3680000305176	0.55880892276764	-0.76112914085388	73.000000000000	0.0000000000000
2.3719999790192	0.55799973011017	-0.76240611076355	73.000000000000	0.0000000000000
2.3759999275208	0.55717241764069	-0.76367717981339	73.000000000000	0.0000000000000
2.3800001144409	0.55632758140564	-0.76494163274765	73.000000000000	0.0000000000000
2.3840000629425	0.55546551942825	-0.76619905233383	73.000000000000	0.0000000000000
2.3880000114441	0.55458676815033	-0.76744890213013	73.000000000000	0.0000000000000
2.3919999599457	0.55369198322296	-0.76869058609009	73.000000000000	0.0000000000000
2.3959999084473	0.55278176069260	-0.76992380619049	73.000000000000	0.0000000000000
2.4000000953674	0.55185675621033	-0.77114814519882	73.000000000000	0.0000000000000
2.4040000438690	0.55091744661331	-0.77236312627792	73.000000000000	0.0000000000000
2.4079999923706	0.54996424913406	-0.77356845140457	73.000000000000	0.0000000000000
2.4119999408722	0.54899805784225	-0.77476382255554	73.000000000000	0.0000000000000
2.4159998893738	0.54801940917969	-0.77594894170761	73.000000000000	0.0000000000000
2.4200000762939	0.54702895879745	-0.77712357044220	73.000000000000	0.0000000000000
2.4240000247955	0.54602706432343	-0.77828747034073	73.000000000000	0.0000000000000
2.4279999732971	0.54501479864120	-0.77944052219391	73.000000000000	0.0000000000000
2.4319999217987	0.54399222135544	-0.78058242797852	73.000000000000	0.0000000000000
2.4360001087189	0.54296052455902	-0.78171324729919	73.000000000000	0.0000000000000
2.4400000572205	0.54191982746124	-0.78283268213272	73.000000000000	0.0000000000000
2.4440000057220	0.54087108373642	-0.78394097089767	73.000000000000	0.0000000000000
2.4479999542236	0.53981459140778	-0.78503781557083	73.000000000000	0.0000000000000
2.4519999027252	0.53875118494034	-0.78612333536148	73.000000000000	0.0000000000000
2.4560000896454	0.53768146038055	-0.78719741106033	73.000000000000	0.0000000000000
2.4600000381470	0.53660571575165	-0.78826028108597	73.000000000000	0.0000000000000
2.4639999866486	0.53552466630936	-0.78931194543839	73.000000000000	0.0000000000000
2.4679999351501	0.53443872928619	-0.79035258293152	73.000000000000	0.0000000000000
2.4719998836517	0.53334856033325	-0.79138225317001	73.000000000000	0.0000000000000
2.4760000705719	0.53225487470627	-0.79240101575851	73.000000000000	0.0000000000000
2.4800000190735	0.53115761280060	-0.79340928792953	73.000000000000	0.0000000000000
2.4839999675751	0.53005766868591	-0.79440706968307	73.000000000000	0.0000000000000
2.4879999160767	0.52895534038544	-0.79539459943771	73.000000000000	0.0000000000000
2.4920001029968	0.52785104513168	-0.79637223482132	73.000000000000	0.0000000000000
2.4960000514984	0.52674537897110	-0.79734009504318	73.000000000000	0.0000000000000
2.5000000000000	0.52563846111298	-0.79829853773117	73.000000000000	0.0000000000000
2.5039999485016	0.52453082799911	-0.79924768209457	73.000000000000	0.0000000000000
2.5079998970032	0.52342277765274	-0.80018812417984	73.000000000000	0.0000000000000
2.5120000839233	0.52231448888779	-0.80111992359161	73.000000000000	0.0000000000000
2.5160000324249	0.52120661735535	-0.80204343795776	73.000000000000	0.0000000000000
2.5199999809265	0.52009910345078	-0.80295908451080	73.000000000000	0.0000000000000
2.5239999294281	0.51899230480194	-0.80386716127396	73.000000000000	0.0000000000000
2.5280001163483	0.51788651943207	-0.80476808547974	73.000000000000	0.0000000000000
2.5320000648499	0.51678180694580	-0.80566197633743	73.000000000000	0.0000000000000
2.5360000133514	0.51567852497101	-0.80654942989349	73.000000000000	0.0000000000000
2.5399999618530	0.51457673311234	-0.80743074417114	73.000000000000	0.0000000000000
2.5439999103546	0.51347666978836	-0.80830615758896	73.000000000000	0.0000000000000
2.5480000972748	0.51237827539444	-0.80917620658875	73.000000000000	0.0000000000000
2.5520000457764	0.51128166913986	-0.81004118919373	73.000000000000	0.0000000000000
2.5559999942780	0.51018691062927	-0.81090134382248	73.000000000000	0.0000000000000
2.5599999427795	0.50909405946732	-0.81175714731216	73.000000000000	0.0000000000000
2.5639998912811	0.50800323486328	-0.81260889768600	73.000000000000	0.0000000000000
2.5680000782013	0.50691431760788	-0.81345695257187	73.000000000000	0.0000000000000
2.5720000267029	0.50582760572433	-0.81430166959763	73.000000000000	0.0000000000000
2.5759999752045	0.50474226474762	-0.81514340639114	73.000000000000	0.0000000000000
2.5799999237061	0.50365912914276	-0.81598222255707	73.000000000000	0.0000000000000
2.5840001106262	0.50257748365402	-0.81681883335114	73.000000000000	0.0000000000000
2.5880000591278	0.50149774551392	-0.81765317916870	73.000000000000	0.0000000000000
2.5920000076294	0.50041937828064	-0.81848573684692	73.000000000000	0.0000000000000
2.5959999561310	0.49934226274490	-0.81931668519974	73.000000000000	0.0000000000000
2.5999999046326	0.49826657772064	-0.82014638185501	73.000000000000	0.0000000000000
2.6040000915527	0.49719187617302	-0.82097500562668	73.000000000000	0.0000000000000
2.6080000400543	0.49611821770668	-0.82180267572403	73.000000000000	0.0000000000000
2.6119999885559	0.49504527449608	-0.82262980937958	73.000000000000	0.0000000000000
2.6159999370575	0.49397268891335	-0.82345640659332	73.000000000000	0.0000000000000
2.6199998855591	0.49290046095848	-0.82428276538849	73.000000000000	0.0000000000000
2.6240000724792	0.49182865023613	-0.82510894536972	73.000000000000	0.0000000000000
2.6280000209808	0.49075648188591	-0.82593530416489	73.000000000000	0.0000000000000
2.6319999694824	0.48968386650085	-0.82676178216934	73.000000000000	0.0000000000000
2.6359999179840	0.48861077427864	-0.82758855819702	73.000000000000	0.0000000000000
2.6400001049042	0.48753681778908	-0.82841557264328	73.000000000000	0.0000000000000
2.6440000534058	0.48646181821823	-0.82924312353134	73.000000000000	0.0000000000000
2.6480000019073	0.48538550734520	-0.83007109165192	73.000000000000	0.0000000000000
2.6519999504089	0.48430758714676	-0.83089959621429	73.000000000000	0.0000000000000
2.6559998989105	0.48322784900665	-0.83172875642776	73.000000000000	0.0000000000000
2.6600000858307	0.48214626312256	-0.83255833387375	73.000000000000	0.0000000000000
2.6640000343323	0.48106205463409	-0.83338844776154	73.000000000000	0.0000000000000
2.6679999828339	0.47997543215752	-0.83421915769577	73.000000000000	0.0000000000000
2.6719999313354	0.47888603806496	-0.83505016565323	73.000000000000	0.0000000000000
2.6760001182556	0.47779366374016	-0.83588159084320	73.000000000000	0.0000000000000
2.6800000667572	0.47669798135757	-0.83671331405640	73.000000000000	0.0000000000000
2.6840000152588	0.47559887170792	-0.83754521608353	73.000000000000	0.0000000000000
2.6879999637604	0.47449588775635	-0.83837723731995	73.000000000000	0.0000000000000
2.6919999122620	0.47338926792145	-0.83920913934708	73.000000000000	0.0000000000000
2.6960000991821	0.47227877378464	-0.84004086256027	73.000000000000	0.0000000000000
2.7000000476837	0.47116363048553	-0.84087234735489	73.000000000000	0.0000000000000
2.7039999961853	0.47004419565201	-0.84170329570770	73.000000000000	0.0000000000000
2.7079999446869	0.46892026066780	-0.84253340959549	73.000000000000	0.0000000000000
2.7119998931885	0.46779137849808	-0.84336268901825	73.000000000000	0.0000000000000
2.7160000801086	0.46665763854980	-0.84419089555740	73.000000000000	0.0000000000000
2.7200000286102	0.46551913022995	-0.84501785039902	73.000000000000	0.0000000000000
2.7239999771118	0.46437549591064	-0.84584319591522	73.000000000000	0.0000000000000
2.7279999256134	0.46322652697563	-0.84666687250137	73.000000000000	0.0000000000000
2.7320001125336	0.46207222342491	-0.84748864173889	73.000000000000	0.0000000000000
2.7360000610352	0.46091267466545	-0.84830802679062	73.000000000000	0.0000000000000
2.7400000095367	0.45974770188332	-0.84912514686584	73.000000000000	0.0000000000000
2.7439999580383	0.45857727527618	-0.84993952512741	73.000000000000	0.0000000000000
2.7479999065399	0.45740154385567	-0.85075092315674	73.000000000000	0.0000000000000
2.7520000934601	0.45622026920319	-0.85155922174454	73.000000000000	0.0000000000000
2.7560000419617	0.45503351092339	-0.85236412286758	73.000000000000	0.0000000000000
2.7599999904633	0.45384138822556	-0.85316520929337	73.000000000000	0.0000000000000
2.7639999389648	0.45264384150505	-0.85396248102188	73.000000000000	0.0000000000000
2.7679998874664	0.45144101977348	-0.85475552082062	73.000000000000	0.0000000000000
2.7720000743866	0.45023298263550	-0.85554403066635	73.000000000000	0.0000000000000
2.7760000228882	0.44901999831200	-0.85632807016373	73.000000000000	0.0000000000000
2.7799999713898	0.44780150055885	-0.85710722208023	73.000000000000	0.0000000000000
2.7839999198914	0.44657832384109	-0.85788124799728	73.000000000000	0.0000000000000
2.7880001068115	0.44535034894943	-0.85864984989166	73.000000000000	0.0000000000000
2.7920000553131	0.44411763548851	-0.85941308736801	73.000000000000	0.0000000000000
2.7960000038147	0.44288048148155	-0.86017036437988	73.000000000000	0.0000000000000
2.7999999523163	0.44163915514946	-0.86092180013657	73.000000000000	0.0000000000000
2.8039999008179	0.44039335846901	-0.86166709661484	73.000000000000	0.0000000000000
2.8080000877380	0.43914371728897	-0.86240607500076	73.000000000000	0.0000000000000
2.8120000362396	0.43789049983025	-0.86313855648041	73.000000000000	0.0000000000000
2.8159999847412	0.43663361668587	-0.86386436223984	73.000000000000	0.0000000000000
2.8199999332428	0.43537336587906	-0.86458343267441	73.000000000000	0.0000000000000
2.8239998817444	0.43410989642143	-0.86529570817947	73.000000000000	0.0000000000000
2.8280000686646	0.43284389376640	-0.86600083112717	73.000000000000	0.0000000000000
2.8320000171661	0.43157500028610	-0.86669880151749	73.000000000000	0.0000000000000
2.8359999656677	0.43030384182930	-0.86738973855972	73.000000000000	0.0000000000000
2.8399999141693	0.42903044819832	-0.86807316541672	73.000000000000	0.0000000000000
2.8440001010895	0.42775529623032	-0.86874938011169	73.000000000000	0.0000000000000
2.8480000495911	0.42647823691368	-0.86941814422607	73.000000000000	0.0000000000000
2.8519999980927	0.42520019412041	-0.87007951736450	73.000000000000	0.0000000000000
2.8559999465942	0.42392098903656	-0.87073338031769	73.000000000000	0.0000000000000
2.8599998950958	0.42264088988304	-0.87137979269028	73.000000000000	0.0000000000000
2.8640000820160	0.42136025428772	-0.87201881408691	73.000000000000	0.0000000000000
2.8680000305176	0.42007949948311	-0.87265032529831	73.000000000000	0.0000000000000
2.8719999790192	0.41879853606224	-0.87327450513840	73.000000000000	0.0000000000000
2.8759999275208	0.41751766204834	-0.87389135360718	73.000000000000	0.0000000000000
2.8800001144409	0.41623762249947	-0.87450098991394	73.000000000000	0.0000000000000
2.8840000629425	0.41495823860168	-0.87510335445404	73.000000000000	0.0000000000000
2.8880000114441	0.41367968916893	-0.87569886445999	73.000000000000	0.0000000000000
2.8919999599457	0.41240245103836	-0.87628734111786	73.000000000000	0.0000000000000
2.8959999084473	0.41112664341927	-0.87686890363693	73.000000000000	0.0000000000000
2.9000000953674	0.40985277295113	-0.87744379043579	73.000000000000	0.0000000000000
2.9040000438690	0.40858054161072	-0.87801206111908	73.000000000000	0.0000000000000
2.9079999923706	0.40731054544449	-0.87857401371002	73.000000000000	0.0000000000000
2.9119999408722	0.40604260563850	-0.87912982702255	73.000000000000	0.0000000000000
2.9159998893738	0.40477725863457	-0.87967944145203	73.000000000000	0.0000000000000
2.9200000762939	0.40351468324661	-0.88022327423096	73.000000000000	0.0000000000000
2.9240000247955	0.40225493907928	-0.88076150417328	73.000000000000	0.0000000000000
2.9279999732971	0.40099814534187	-0.88129419088364	73.000000000000	0.0000000000000
2.9319999217987	0.39974462985992	-0.88182175159454	73.000000000000	0.0000000000000
2.9360001087189	0.39849388599396	-0.88234436511993	73.000000000000	0.0000000000000
2.9400000572205	0.39724710583687	-0.88286203145981	73.000000000000	0.0000000000000
2.9440000057220	0.39600348472595	-0.88337528705597	73.000000000000	0.0000000000000
2.9479999542236	0.39476364850998	-0.88388413190842	73.000000000000	0.0000000000000
2.9519999027252	0.39352717995644	-0.88438898324966	73.000000000000	0.0000000000000
2.9560000896454	0.39229464530945	-0.88489001989365	73.000000000000	0.0000000000000
2.9600000381470	0.39106577634811	-0.88538748025894	73.000000000000	0.0000000000000
2.9639999866486	0.38984060287476	-0.88588172197342	73.000000000000	0.0000000000000
2.9679999351501	0.38861969113350	-0.88637274503708	73.000000000000	0.0000000000000
2.9719998836517	0.38740184903145	-0.88686126470566	73.000000000000	0.0000000000000
2.9760000705719	0.38618797063828	-0.88734698295593	73.000000000000	0.0000000000000
2.9800000190735	0.38497859239578	-0.88783019781113	73.000000000000	0.0000000000000
2.9839999675751	0.38377210497856	-0.88831162452698	73.000000000000	0.0000000000000
2.9879999160767	0.38256943225861	-0.88879114389420	73.000000000000	0.0000000000000
2.9920001029968	0.38137063384056	-0.88926899433136	73.000000000000	0.0000000000000
2.9960000514984	0.38017499446869	-0.88974571228027	73.000000000000	0.0000000000000
3.0000000000000	0.37898325920105	-0.89022094011307	73.000000000000	0.0000000000000
3.0039999485016	0.37779441475868	-0.89069551229477	73.000000000000	0.0000000000000
3.0079998970032	0.37660923600197	-0.89116913080215	73.000000000000	0.0000000000000
3.0120000839233	0.37542653083801	-0.89164251089096	73.000000000000	0.0000000000000
3.0160000324249	0.37424755096436	-0.89211517572403	73.000000000000	0.0000000000000
3.0199999809265	0.37307077646255	-0.89258801937103	73.000000000000	0.0000000000000
3.0239999294281	0.37189692258835	-0.89306080341339	73.000000000000	0.0000000000000
3.0280001163483	0.37072530388832	-0.89353388547897	73.000000000000	0.0000000000000
3.0320000648499	0.36955589056015	-0.89400738477707	73.000000000000	0.0000000000000
3.0360000133514	0.36838907003403	-0.89448106288910	73.000000000000	0.0000000000000
3.0399999618530	0.36722403764725	-0.89495545625687	73.000000000000	0.0000000000000
3.0439999103546	0.36605995893478	-0.89543098211288	73.000000000000	0.0000000000000
3.0480000972748	0.36489811539650	-0.89590698480606	73.000000000000	0.0000000000000
3.0520000457764	0.36373761296272	-0.89638394117355	73.000000000000	0.0000000000000
3.0559999942780	0.36257758736610	-0.89686208963394	73.000000000000	0.0000000000000
3.0599999427795	0.36141887307167	-0.89734119176865	73.000000000000	0.0000000000000
3.0639998912811	0.36026063561440	-0.89782142639160	73.000000000000	0.0000000000000
3.0680000782013	0.35910284519196	-0.89830285310745	73.000000000000	0.0000000000000
3.0720000267029	0.35794499516487	-0.89878565073013	73.000000000000	0.0000000000000
3.0759999752045	0.35678708553314	-0.89926958084106	73.000000000000	0.0000000000000
3.0799999237061	0.35562908649445	-0.89975464344025	73.000000000000	0.0000000000000
3.0840001106262	0.35447093844414	-0.90024083852768	73.000000000000	0.0000000000000
3.0880000591278	0.35331171751022	-0.90072822570801	73.000000000000	0.0000000000000
3.0920000076294	0.35215133428574	-0.90121680498123	73.000000000000	0.0000000000000
3.0959999561310	0.35098984837532	-0.90170657634735	73.000000000000	0.0000000000000
3.0999999046326	0.34982714056969	-0.90219718217850	73.000000000000	0.0000000000000
3.1040000915527	0.34866312146187	-0.90268856287003	73.000000000000	0.0000000000000
3.1080000400543	0.34749650955200	-0.90318119525909	73.000000000000	0.0000000000000
3.1119999885559	0.34632843732834	-0.90367412567139	73.000000000000	0.0000000000000
3.1159999370575	0.34515759348869	-0.90416795015335	73.000000000000	0.0000000000000
3.1199998855591	0.34398528933525	-0.90466201305389	73.000000000000	0.0000000000000
3.1240000724792	0.34280958771706	-0.90515667200089	73.000000000000	0.0000000000000
3.1280000209808	0.34163215756416	-0.90565103292465	73.000000000000	0.0000000000000
3.1319999694824	0.34045082330704	-0.90614587068558	73.000000000000	0.0000000000000
3.1359999179840	0.33926725387573	-0.90664029121399	73.000000000000	0.0000000000000
3.1400001049042	0.33808046579361	-0.90713447332382	73.000000000000	0.0000000000000
3.1440000534058	0.33688998222351	-0.90762817859650	73.000000000000	0.0000000000000
3.1480000019073	0.33569654822350	-0.90812110900879	73.000000000000	0.0000000000000
3.1519999504089	0.33449926972389	-0.90861326456070	73.000000000000	0.0000000000000
3.1559998989105	0.33329847455025	-0.90910422801971	73.000000000000	0.0000000000000
3.1600000858307	0.33209410309792	-0.90959382057190	73.000000000000	0.0000000000000
3.1640000343323	0.33088609576225	-0.91008198261261	73.000000000000	0.0000000000000
3.1679999828339	0.32967436313629	-0.91056835651398	73.000000000000	0.0000000000000
3.1719999313354	0.32845887541771	-0.91105276346207	73.000000000000	0.0000000000000
3.1760001182556	0.32723954319954	-0.91153502464294	73.000000000000	0.0000000000000
3.1800000667572	0.32601627707481	-0.91201484203339	73.000000000000	0.0000000000000
3.1840000152588	0.32478949427605	-0.91249197721481	73.000000000000	0.0000000000000
3.1879999637604	0.32355865836143	-0.91296637058258	73.000000000000	0.0000000000000
3.1919999122620	0.32232376933098	-0.91343778371811	73.000000000000	0.0000000000000
3.1960000991821	0.32108515501022	-0.91390591859818	73.000000000000	0.0000000000000
3.2000000476837	0.31984323263168	-0.91437035799026	73.000000000000	0.0000000000000
3.2039999961853	0.31859749555588	-0.91483122110367	73.000000000000	0.0000000000000
3.2079999446869	0.31734791398048	-0.91528832912445	73.000000000000	0.0000000000000
3.2119998931885	0.31609535217285	-0.91574102640152	73.000000000000	0.0000000000000
3.2160000801086	0.31483933329582	-0.91618955135345	73.000000000000	0.0000000000000
3.2200000286102	0.31358018517494	-0.91663348674774	73.000000000000	0.0000000000000
3.2239999771118	0.31231755018234	-0.91707295179367	73.000000000000	0.0000000000000
3.2279999256134	0.31105178594589	-0.91750758886337	73.000000000000	0.0000000000000
3.2320001125336	0.30978417396545	-0.91793680191040	73.000000000000	0.0000000000000
3.2360000610352	0.30851298570633	-0.91836118698120	73.000000000000	0.0000000000000
3.2400000095367	0.30723953247070	-0.91878008842468	73.000000000000	0.0000000000000
3.2439999580383	0.30596375465393	-0.91919356584549	73.000000000000	0.0000000000000
3.2479999065399	0.30468568205833	-0.91960144042969	73.000000000000	0.0000000000000
3.2520000934601	0.30340620875359	-0.92000341415405	73.000000000000	0.0000000000000
3.2560000419617	0.30212396383286	-0.92039990425110	73.000000000000	0.0000000000000
3.2599999904633	0.30084079504013	-0.92079025506973	73.000000000000	0.0000000000000
3.2639999389648	0.29955580830574	-0.92117476463318	73.000000000000	0.0000000000000
3.2679998874664	0.29826986789703	-0.92155307531357	73.000000000000	0.0000000000000
3.2720000743866	0.29698345065117	-0.92192512750626	73.000000000000	0.0000000000000
3.2760000228882	0.29569572210312	-0.92229115962982	73.000000000000	0.0000000000000
3.2799999713898	0.29440760612488	-0.92265093326569	73.000000000000	0.0000000000000
3.2839999198914	0.29311910271645	-0.92300450801849	73.000000000000	0.0000000000000
3.2880001068115	0.29183068871498	-0.92335176467896	73.000000000000	0.0000000000000
3.2920000553131	0.29054242372513	-0.92369282245636	73.000000000000	0.0000000000000
3.2960000038147	0.28925386071205	-0.92402774095535	73.000000000000	0.0000000000000
3.2999999523163	0.28796640038490	-0.92435634136200	73.000000000000	0.0000000000000
3.3039999008179	0.28667926788330	-0.92467892169952	73.000000000000	0.0000000000000
3.3080000877380	0.28539371490479	-0.92499518394470	73.000000000000	0.0000000000000
3.3120000362396	0.28410899639130	-0.92530554533005	73.000000000000	0.0000000000000
3.3159999847412	0.28282558917999	-0.92560994625092	73.000000000000	0.0000000000000
3.3199999332428	0.28154397010803	-0.92590832710266	73.000000000000	0.0000000000000
3.3239998817444	0.28026425838470	-0.92620104551315	73.000000000000	0.0000000000000
3.3280000686646	0.27898603677750	-0.92648816108704	73.000000000000	0.0000000000000
3.3320000171661	0.27771064639091	-0.92676955461502	73.000000000000	0.0000000000000
3.3359999656677	0.27643644809723	-0.92704594135284	73.000000000000	0.0000000000000
3.3399999141693	0.27516567707062	-0.92731660604477	73.000000000000	0.0000000000000
3.3440001010895	0.27389708161354	-0.92758244276047	73.000000000000	0.0000000000000
3.3480000495911	0.27263116836548	-0.92784321308136	73.000000000000	0.0000000000000
3.3519999980927	0.27136844396591	-0.92809909582138	73.000000000000	0.0000000000000
3.3559999465942	0.27010852098465	-0.92835044860840	73.000000000000	0.0000000000000
3.3599998950958	0.26885193586349	-0.92859733104706	73.000000000000	0.0000000000000
3.3640000820160	0.26759830117226	-0.92883986234665	73.000000000000	0.0000000000000
3.3680000305176	0.26634809374809	-0.92907845973969	73.000000000000	0.0000000000000
3.3719999790192	0.26510140299797	-0.92931306362152	73.000000000000	0.0000000000000
3.3759999275208	0.26385739445686	-0.92954438924789	73.000000000000	0.0000000000000
3.3800001144409	0.26261746883392	-0.92977172136307	73.000000000000	0.0000000000000
3.3840000629425	0.26138097047806	-0.92999595403671	73.000000000000	0.0000000000000
3.3880000114441	0.26014825701714	-0.93021708726883	73.000000000000	0.0000000000000
3.3919999599457	0.25891867280006	-0.93043541908264	73.000000000000	0.0000000000000
3.3959999084473	0.25769296288490	-0.93065112829208	73.000000000000	0.0000000000000
3.4000000953674	0.25647068023682	-0.93086421489716	73.000000000000	0.0000000000000
3.4040000438690	0.25525197386742	-0.93107509613037	73.000000000000	0.0000000000000
3.4079999923706	0.25403678417206	-0.93128395080566	73.000000000000	0.0000000000000
3.4119999408722	0.25282520055771	-0.93149101734161	73.000000000000	0.0000000000000
3.4159998893738	0.25161689519882	-0.93169629573822	73.000000000000	0.0000000000000
3.4200000762939	0.25041177868843	-0.93190020322800	73.000000000000	0.0000000000000
3.4240000247955	0.24920994043350	-0.93210268020630	73.000000000000	0.0000000000000
3.4279999732971	0.24801123142242	-0.93230414390564	73.000000000000	0.0000000000000
3.4319999217987	0.24681563675404	-0.93250459432602	73.000000000000	0.0000000000000
3.4360001087189	0.24562296271324	-0.93270421028137	73.000000000000	0.0000000000000
3.4400000572205	0.24443304538727	-0.93290340900421	73.000000000000	0.0000000000000
3.4440000057220	0.24324543774128	-0.93310195207596	73.000000000000	0.0000000000000
3.4479999542236	0.24206084012985	-0.93330019712448	73.000000000000	0.0000000000000
3.4519999027252	0.24087835848331	-0.93349814414978	73.000000000000	0.0000000000000
3.4560000896454	0.23969824612141	-0.93369603157043	73.000000000000	0.0000000000000
3.4600000381470	0.23851984739304	-0.93389403820038	73.000000000000	0.0000000000000
3.4639999866486	0.23734360933304	-0.93409198522568	73.000000000000	0.0000000000000
3.4679999351501	0.23616908490658	-0.93429023027420	73.000000000000	0.0000000000000
3.4719998836517	0.23499582707882	-0.93448877334595	73.000000000000	0.0000000000000
3.4760000705719	0.23382405936718	-0.93468755483627	73.000000000000	0.0000000000000
3.4800000190735	0.23265311121941	-0.93488681316376	73.000000000000	0.0000000000000
3.4839999675751	0.23148320615292	-0.93508642911911	73.000000000000	0.0000000000000
3.4879999160767	0.23031431436539	-0.93528640270233	73.000000000000	0.0000000000000
3.4920001029968	0.22914575040340	-0.93548691272736	73.000000000000	0.0000000000000
3.4960000514984	0.22797730565071	-0.93568801879883	73.000000000000	0.0000000000000
3.5000000000000	0.22680914402008	-0.93588930368423	73.000000000000	0.0000000000000
3.5039999485016	0.22564059495926	-0.93609124422073	73.000000000000	0.0000000000000
3.5079998970032	0.22447228431702	-0.93629330396652	73.000000000000	0.0000000000000
3.5120000839233	0.22330290079117	-0.93649595975876	73.000000000000	0.0000000000000
3.5160000324249	0.22213324904442	-0.93669873476028	73.000000000000	0.0000000000000
3.5199999809265	0.22096262872219	-0.93690162897110	73.000000000000	0.0000000000000
3.5239999294281	0.21979083120823	-0.93710476160049	73.000000000000	0.0000000000000
3.5280001163483	0.21861802041531	-0.93730777502060	73.000000000000	0.0000000000000
3.5320000648499	0.21744392812252	-0.93751072883606	73.000000000000	0.0000000000000
3.5360000133514	0.21626785397530	-0.93771338462830	73.000000000000	0.0000000000000
3.5399999618530	0.21509040892124	-0.93791562318802	73.000000000000	0.0000000000000
3.5439999103546	0.21391095221043	-0.93811744451523	73.000000000000	0.0000000000000
3.5480000972748	0.21272914111614	-0.93831855058670	73.000000000000	0.0000000000000
3.5520000457764	0.21154539287090	-0.93851882219315	73.000000000000	0.0000000000000
3.5559999942780	0.21035949885845	-0.93871808052063	73.000000000000	0.0000000000000
3.5599999427795	0.20917114615440	-0.93891608715057	73.000000000000	0.0000000000000
3.5639998912811	0.20798027515411	-0.93911272287369	73.000000000000	0.0000000000000
3.5680000782013	0.20678693056107	-0.93930792808533	73.000000000000	0.0000000000000
3.5720000267029	0.20559073984623	-0.93950116634369	73.000000000000	0.0000000000000
3.5759999752045	0.20439171791077	-0.93969249725342	73.000000000000	0.0000000000000
3.5799999237061	0.20319005846977	-0.93988156318665	73.000000000000	0.0000000000000
3.5840001106262	0.20198549330235	-0.94006818532944	73.000000000000	0.0000000000000
3.5880000591278	0.20077817142010	-0.94025230407715	73.000000000000	0.0000000000000
3.5920000076294	0.19956807792187	-0.94043338298798	73.000000000000	0.0000000000000
3.5959999561310	0.19835473597050	-0.94061142206192	73.000000000000	0.0000000000000
3.5999999046326	0.19713856279850	-0.94078624248505	73.000000000000	0.0000000000000
3.6040000915527	0.19591994583607	-0.94095742702484	73.000000000000	0.0000000000000
3.6080000400543	0.19469800591469	-0.94112491607666	73.000000000000	0.0000000000000
3.6119999885559	0.19347354769707	-0.94128829240799	73.000000000000	0.0000000000000
3.6159999370575	0.19224637746811	-0.94144761562347	73.000000000000	0.0000000000000
3.6199998855591	0.19101664423943	-0.94160234928131	73.000000000000	0.0000000000000
3.6240000724792	0.18978437781334	-0.94175249338150	73.000000000000	0.0000000000000
3.6280000209808	0.18854948878288	-0.94189774990082	73.000000000000	0.0000000000000
3.6319999694824	0.18731224536896	-0.94203794002533	73.000000000000	0.0000000000000
3.6359999179840	0.18607328832150	-0.94217282533646	73.000000000000	0.0000000000000
3.6400001049042	0.18483169376850	-0.94230228662491	73.000000000000	0.0000000000000
3.6440000534058	0.18358878791332	-0.94242608547211	73.000000000000	0.0000000000000
3.6480000019073	0.18234369158745	-0.94254404306412	73.000000000000	0.0000000000000
3.6519999504089	0.18109726905823	-0.94265598058701	73.000000000000	0.0000000000000
3.6559998989105	0.17984911799431	-0.94276177883148	73.000000000000	0.0000000000000
3.6600000858307	0.17860005795956	-0.94286119937897	73.000000000000	0.0000000000000
3.6640000343323	0.17735017836094	-0.94295424222946	73.000000000000	0.0000000000000
3.6679999828339	0.17609941959381	-0.94304072856903	73.000000000000	0.0000000000000
3.6719999313354	0.17484781146049	-0.94312036037445	73.000000000000	0.0000000000000
3.6760001182556	0.17359624803066	-0.94319331645966	73.000000000000	0.0000000000000
3.6800000667572	0.17234455049038	-0.94325923919678	73.000000000000	0.0000000000000
3.6840000152588	0.17109291255474	-0.94331818819046	73.000000000000	0.0000000000000
3.6879999637604	0.16984161734581	-0.94337004423141	73.000000000000	0.0000000000000
3.6919999122620	0.16859112679958	-0.94341492652893	73.000000000000	0.0000000000000
3.6960000991821	0.16734144091606	-0.94345253705978	73.000000000000	0.0000000000000
3.7000000476837	0.16609284281731	-0.94348311424255	73.000000000000	0.0000000000000
3.7039999961853	0.16484577953815	-0.94350630044937	73.000000000000	0.0000000000000
3.7079999446869	0.16360028088093	-0.94352239370346	73.000000000000	0.0000000000000
3.7119998931885	0.16235661506653	-0.94353139400482	73.000000000000	0.0000000000000
3.7160000801086	0.16111525893211	-0.94353318214417	73.000000000000	0.0000000000000
3.7200000286102	0.15987648069859	-0.94352781772614	73.000000000000	0.0000000000000
3.7239999771118	0.15864029526711	-0.94351536035538	73.000000000000	0.0000000000000
3.7279999256134	0.15740674734116	-0.94349592924118	73.000000000000	0.0000000000000
3.7320001125336	0.15617656707764	-0.94346964359283	73.000000000000	0.0000000000000
3.7360000610352	0.15494999289513	-0.94343656301498	73.000000000000	0.0000000000000
3.7400000095367	0.15372686088085	-0.94339686632156	73.000000000000	0.0000000000000
3.7439999580383	0.15250787138939	-0.94335049390793	73.000000000000	0.0000000000000
3.7479999065399	0.15129262208939	-0.94329774379730	73.000000000000	0.0000000000000
3.7520000934601	0.15008203685284	-0.94323861598969	73.000000000000	0.0000000000000
3.7560000419617	0.14887572824955	-0.94317346811295	73.000000000000	0.0000000000000
3.7599999904633	0.14767421782017	-0.94310241937637	73.000000000000	0.0000000000000
3.7639999389648	0.14647749066353	-0.94302541017532	73.000000000000	0.0000000000000
3.7679998874664	0.14528608322144	-0.94294303655624	73.000000000000	0.0000000000000
3.7720000743866	0.14410002529621	-0.94285506010056	73.000000000000	0.0000000000000
3.7760000228882	0.14291933178902	-0.94276201725006	73.000000000000	0.0000000000000
3.7799999713898	0.14174409210682	-0.94266408681870	73.000000000000	0.0000000000000
3.7839999198914	0.14057433605194	-0.94256138801575	73.000000000000	0.0000000000000
3.7880001068115	0.13941074907780	-0.94245415925980	73.000000000000	0.0000000000000
3.7920000553131	0.13825294375420	-0.94234275817871	73.000000000000	0.0000000000000
3.7960000038147	0.13710118830204	-0.94222730398178	73.000000000000	0.0000000000000
3.7999999523163	0.13595552742481	-0.94210797548294	73.000000000000	0.0000000000000
3.8039999008179	0.13481619954109	-0.94198518991470	73.000000000000	0.0000000000000
3.8080000877380	0.13368281722069	-0.94185924530029	73.000000000000	0.0000000000000
3.8120000362396	0.13255563378334	-0.94173014163971	73.000000000000	0.0000000000000
3.8159999847412	0.13143490254879	-0.94159841537476	73.000000000000	0.0000000000000
3.8199999332428	0.13032041490078	-0.94146400690079	73.000000000000	0.0000000000000
3.8239998817444	0.12921202182770	-0.94132745265961	73.000000000000	0.0000000000000
3.8280000686646	0.12810996174812	-0.94118899106979	73.000000000000	0.0000000000000
3.8320000171661	0.12701423466206	-0.94104868173599	73.000000000000	0.0000000000000
3.8359999656677	0.12592466175556	-0.94090682268143	73.000000000000	0.0000000000000
3.8399999141693	0.12484106421471	-0.94076389074326	73.000000000000	0.0000000000000
3.8440001010895	0.12376365065575	-0.94061982631683	73.000000000000	0.0000000000000
3.8480000495911	0.12269180268049	-0.94047504663467	73.000000000000	0.0000000000000
3.8519999980927	0.12162597477436	-0.94032967090607	73.000000000000	0.0000000000000
3.8559999465942	0.12056618928909	-0.94018387794495	73.000000000000	0.0000000000000
3.8599998950958	0.11951156705618	-0.94003808498383	73.000000000000	0.0000000000000
3.8640000820160	0.11846257001162	-0.93989229202271	73.000000000000	0.0000000000000
3.8680000305176	0.11741874366999	-0.93974685668945	73.000000000000	0.0000000000000
3.8719999790192	0.11638011038303	-0.93960171937943	73.000000000000	0.0000000000000
3.8759999275208	0.11534624546766	-0.93945723772049	73.000000000000	0.0000000000000
3.8800001144409	0.11431737244129	-0.93931370973587	73.000000000000	0.0000000000000
3.8840000629425	0.11329303681850	-0.93917095661163	73.000000000000	0.0000000000000
3.8880000114441	0.11227303743362	-0.93902939558029	73.000000000000	0.0000000000000
3.8919999599457	0.11125712841749	-0.93888902664185	73.000000000000	0.0000000000000
3.8959999084473	0.11024532467127	-0.93874984979630	73.000000000000	0.0000000000000
3.9000000953674	0.10923739522696	-0.93861210346222	73.000000000000	0.0000000000000
3.9040000438690	0.10823290050030	-0.93847584724426	73.000000000000	0.0000000000000
3.9079999923706	0.10723160207272	-0.93834120035172	73.000000000000	0.0000000000000
3.9119999408722	0.10623347759247	-0.93820810317993	73.000000000000	0.0000000000000
3.9159998893738	0.10523810237646	-0.93807661533356	73.000000000000	0.0000000000000
3.9200000762939	0.10424544662237	-0.93794697523117	73.000000000000	0.0000000000000
3.9240000247955	0.10325527191162	-0.93781888484955	73.000000000000	0.0000000000000
3.9279999732971	0.10226713865995	-0.93769240379333	73.000000000000	0.0000000000000
3.9319999217987	0.10128079354763	-0.93756777048111	73.000000000000	0.0000000000000
3.9360001087189	0.10029622912407	-0.93744468688965	73.000000000000	0.0000000000000
3.9400000572205	0.099313192069530	-0.93732315301895	73.000000000000	0.0000000000000
3.9440000057220	0.098331466317177	-0.93720316886902	73.000000000000	0.0000000000000
3.9479999542236	0.097350567579269	-0.93708461523056	73.000000000000	0.0000000000000
3.9519999027252	0.096370711922646	-0.93696743249893	73.000000000000	0.0000000000000
3.9560000896454	0.095391429960728	-0.93685162067413	73.000000000000	0.0000000000000
3.9600000381470	0.094412706792355	-0.93673676252365	73.000000000000	0.0000000000000
3.9639999866486	0.093434058129787	-0.93662297725677	73.000000000000	0.0000000000000
3.9679999351501	0.092455476522446	-0.93651002645493	73.000000000000	0.0000000000000
3.9719998836517	0.091476723551750	-0.93639779090881	73.000000000000	0.0000000000000
3.9760000705719	0.090497776865959	-0.93628615140915	73.000000000000	0.0000000000000
3.9800000190735	0.089518383145332	-0.93617498874664	73.000000000000	0.0000000000000
3.9839999675751	0.088538303971291	-0.93606382608414	73.000000000000	0.0000000000000
3.9879999160767	0.087557747960091	-0.93595278263092	73.000000000000	0.0000000000000
3.9920001029968	0.086576238274574	-0.93584156036377	73.000000000000	0.0000000000000
3.9960000514984	0.085593968629837	-0.93572986125946	73.000000000000	0.0000000000000
4.0000000000000	0.084610722959042	-0.93561750650406	73.000000000000	0.0000000000000
