#Parameters = {D=50; L=50}
#"Frequency / GHz"	"S1,1 (D=50) [Re]"	"S1,1 (D=50) [Im]"	"Ref.Imp. [Re]"	"Ref.Imp. [Im]"
#---------------------------------------------------------------------------------------
0.0000000000000	1.0000000000000	-0.0000000000000	73.000000000000	0.0000000000000
0.0040000001899898	0.99999797344208	-0.0018144566565752	73.000000000000	0.0000000000000
0.0080000003799796	0.99999183416367	-0.0036288665141910	73.000000000000	0.0000000000000
0.012000000104308	0.99998170137405	-0.0054431818425655	73.000000000000	0.0000000000000
0.016000000759959	0.99996757507324	-0.0072573563084006	73.000000000000	0.0000000000000
0.019999999552965	0.99994927644730	-0.0090713435783982	73.000000000000	0.0000000000000
0.024000000208616	0.99992698431015	-0.010885096155107	73.000000000000	0.0000000000000
0.028000000864267	0.99990069866180	-0.012698571197689	73.000000000000	0.0000000000000
0.032000001519918	0.99987047910690	-0.014511721208692	73.000000000000	0.0000000000000
0.035999998450279	0.99983602762222	-0.016324499621987	73.000000000000	0.0000000000000
0.039999999105930	0.99979770183563	-0.018136868253350	73.000000000000	0.0000000000000
0.043999999761581	0.99975550174713	-0.019948780536652	73.000000000000	0.0000000000000
0.048000000417233	0.99970936775208	-0.021760197356343	73.000000000000	0.0000000000000
0.052000001072884	0.99965929985046	-0.023571072146297	73.000000000000	0.0000000000000
0.056000001728535	0.99960523843765	-0.025381369516253	73.000000000000	0.0000000000000
0.059999998658895	0.99954736232758	-0.027191046625376	73.000000000000	0.0000000000000
0.064000003039837	0.99948573112488	-0.029000073671341	73.000000000000	0.0000000000000
0.068000003695488	0.99942010641098	-0.030808407813311	73.000000000000	0.0000000000000
0.071999996900558	0.99935084581375	-0.032616011798382	73.000000000000	0.0000000000000
0.075999997556210	0.99927765130997	-0.034422859549522	73.000000000000	0.0000000000000
0.079999998211861	0.99920088052750	-0.036228913813829	73.000000000000	0.0000000000000
0.083999998867512	0.99912041425705	-0.038034144788980	73.000000000000	0.0000000000000
0.087999999523163	0.99903613328934	-0.039838526397943	73.000000000000	0.0000000000000
0.092000000178814	0.99894845485687	-0.041642028838396	73.000000000000	0.0000000000000
0.096000000834465	0.99885696172714	-0.043444626033306	73.000000000000	0.0000000000000
0.10000000149012	0.99876207113266	-0.045246295630932	73.000000000000	0.0000000000000
0.10400000214577	0.99866354465485	-0.047047019004822	73.000000000000	0.0000000000000
0.10800000280142	0.99856162071228	-0.048846770077944	73.000000000000	0.0000000000000
0.11200000345707	0.99845635890961	-0.050645533949137	73.000000000000	0.0000000000000
0.11599999666214	0.99834746122360	-0.052443295717239	73.000000000000	0.0000000000000
0.11999999731779	0.99823534488678	-0.054240033030510	73.000000000000	0.0000000000000
0.12399999797344	0.99811995029449	-0.056035745888948	73.000000000000	0.0000000000000
0.12800000607967	0.99800121784210	-0.057830411940813	73.000000000000	0.0000000000000
0.13199999928474	0.99787920713425	-0.059624023735523	73.000000000000	0.0000000000000
0.13600000739098	0.99775403738022	-0.061416588723660	73.000000000000	0.0000000000000
0.14000000059605	0.99762588739395	-0.063208080828190	73.000000000000	0.0000000000000
0.14399999380112	0.99749428033829	-0.064998514950275	73.000000000000	0.0000000000000
0.14800000190735	0.99735987186432	-0.066787883639336	73.000000000000	0.0000000000000
0.15199999511242	0.99722236394882	-0.068576186895370	73.000000000000	0.0000000000000
0.15600000321865	0.99708181619644	-0.070363432168961	73.000000000000	0.0000000000000
0.15999999642372	0.99693840742111	-0.072149626910686	73.000000000000	0.0000000000000
0.16400000452995	0.99679201841354	-0.073934763669968	73.000000000000	0.0000000000000
0.16799999773502	0.99664270877838	-0.075718872249126	73.000000000000	0.0000000000000
0.17200000584126	0.99649059772491	-0.077501937747002	73.000000000000	0.0000000000000
0.17599999904633	0.99633574485779	-0.079283989965916	73.000000000000	0.0000000000000
0.18000000715256	0.99617809057236	-0.081065036356449	73.000000000000	0.0000000000000
0.18400000035763	0.99601769447327	-0.082845099270344	73.000000000000	0.0000000000000
0.18799999356270	0.99585461616516	-0.084624193608761	73.000000000000	0.0000000000000
0.19200000166893	0.99568879604340	-0.086402334272861	73.000000000000	0.0000000000000
0.19599999487400	0.99552035331726	-0.088179543614388	73.000000000000	0.0000000000000
0.20000000298023	0.99534946680069	-0.089955858886242	73.000000000000	0.0000000000000
0.20399999618530	0.99517583847046	-0.091731280088425	73.000000000000	0.0000000000000
0.20800000429153	0.99499976634979	-0.093505837023258	73.000000000000	0.0000000000000
0.21199999749660	0.99482113122940	-0.095279559493065	73.000000000000	0.0000000000000
0.21600000560284	0.99463999271393	-0.097052484750748	73.000000000000	0.0000000000000
0.21999999880791	0.99445635080338	-0.098824620246887	73.000000000000	0.0000000000000
0.22400000691414	0.99427026510239	-0.10059601813555	73.000000000000	0.0000000000000
0.22800000011921	0.99408179521561	-0.10236668586731	73.000000000000	0.0000000000000
0.23199999332428	0.99389076232910	-0.10413668304682	73.000000000000	0.0000000000000
0.23600000143051	0.99369746446609	-0.10590600967407	73.000000000000	0.0000000000000
0.23999999463558	0.99350160360336	-0.10767471045256	73.000000000000	0.0000000000000
0.24400000274181	0.99330353736877	-0.10944282263517	73.000000000000	0.0000000000000
0.24799999594688	0.99310302734375	-0.11121039092541	73.000000000000	0.0000000000000
0.25200000405312	0.99290019273758	-0.11297743767500	73.000000000000	0.0000000000000
0.25600001215935	0.99269491434097	-0.11474397778511	73.000000000000	0.0000000000000
0.25999999046326	0.99248731136322	-0.11651008576155	73.000000000000	0.0000000000000
0.26399999856949	0.99227732419968	-0.11827576160431	73.000000000000	0.0000000000000
0.26800000667572	0.99206501245499	-0.12004104256630	73.000000000000	0.0000000000000
0.27200001478195	0.99185031652451	-0.12180599570274	73.000000000000	0.0000000000000
0.27599999308586	0.99163323640823	-0.12357062846422	73.000000000000	0.0000000000000
0.28000000119209	0.99141389131546	-0.12533497810364	73.000000000000	0.0000000000000
0.28400000929832	0.99119210243225	-0.12709908187389	73.000000000000	0.0000000000000
0.28799998760223	0.99096786975861	-0.12886296212673	73.000000000000	0.0000000000000
0.29199999570847	0.99074137210846	-0.13062669336796	73.000000000000	0.0000000000000
0.29600000381470	0.99051225185394	-0.13239024579525	73.000000000000	0.0000000000000
0.30000001192093	0.99028086662292	-0.13415369391441	73.000000000000	0.0000000000000
0.30399999022484	0.99004697799683	-0.13591705262661	73.000000000000	0.0000000000000
0.30799999833107	0.98981058597565	-0.13768036663532	73.000000000000	0.0000000000000
0.31200000643730	0.98957175016403	-0.13944363594055	73.000000000000	0.0000000000000
0.31600001454353	0.98933041095734	-0.14120692014694	73.000000000000	0.0000000000000
0.31999999284744	0.98908656835556	-0.14297021925449	73.000000000000	0.0000000000000
0.32400000095367	0.98883998394012	-0.14473356306553	73.000000000000	0.0000000000000
0.32800000905991	0.98859095573425	-0.14649701118469	73.000000000000	0.0000000000000
0.33199998736382	0.98833924531937	-0.14826051890850	73.000000000000	0.0000000000000
0.33599999547005	0.98808479309082	-0.15002417564392	73.000000000000	0.0000000000000
0.34000000357628	0.98782777786255	-0.15178793668747	73.000000000000	0.0000000000000
0.34400001168251	0.98756802082062	-0.15355189144611	73.000000000000	0.0000000000000
0.34799998998642	0.98730552196503	-0.15531601011753	73.000000000000	0.0000000000000
0.35199999809265	0.98704016208649	-0.15708030760288	73.000000000000	0.0000000000000
0.35600000619888	0.98677211999893	-0.15884479880333	73.000000000000	0.0000000000000
0.36000001430511	0.98650103807449	-0.16060952842236	73.000000000000	0.0000000000000
0.36399999260902	0.98622709512711	-0.16237443685532	73.000000000000	0.0000000000000
0.36800000071526	0.98595023155212	-0.16413961350918	73.000000000000	0.0000000000000
0.37200000882149	0.98567038774490	-0.16590498387814	73.000000000000	0.0000000000000
0.37599998712540	0.98538756370544	-0.16767060756683	73.000000000000	0.0000000000000
0.37999999523163	0.98510158061981	-0.16943646967411	73.000000000000	0.0000000000000
0.38400000333786	0.98481249809265	-0.17120255529881	73.000000000000	0.0000000000000
0.38800001144409	0.98452025651932	-0.17296889424324	73.000000000000	0.0000000000000
0.39199998974800	0.98422491550446	-0.17473544180393	73.000000000000	0.0000000000000
0.39599999785423	0.98392629623413	-0.17650221288204	73.000000000000	0.0000000000000
0.40000000596046	0.98362445831299	-0.17826919257641	73.000000000000	0.0000000000000
0.40400001406670	0.98331916332245	-0.18003638088703	73.000000000000	0.0000000000000
0.40799999237061	0.98301059007645	-0.18180376291275	73.000000000000	0.0000000000000
0.41200000047684	0.98269855976105	-0.18357127904892	73.000000000000	0.0000000000000
0.41600000858307	0.98238319158554	-0.18533898890018	73.000000000000	0.0000000000000
0.41999998688698	0.98206424713135	-0.18710681796074	73.000000000000	0.0000000000000
0.42399999499321	0.98174178600311	-0.18887473642826	73.000000000000	0.0000000000000
0.42800000309944	0.98141580820084	-0.19064274430275	73.000000000000	0.0000000000000
0.43200001120567	0.98108619451523	-0.19241084158421	73.000000000000	0.0000000000000
0.43599998950958	0.98075294494629	-0.19417896866798	73.000000000000	0.0000000000000
0.43999999761581	0.98041617870331	-0.19594712555408	73.000000000000	0.0000000000000
0.44400000572205	0.98007553815842	-0.19771522283554	73.000000000000	0.0000000000000
0.44800001382828	0.97973120212555	-0.19948326051235	73.000000000000	0.0000000000000
0.45199999213219	0.97938323020935	-0.20125126838684	73.000000000000	0.0000000000000
0.45600000023842	0.97903126478195	-0.20301908254623	73.000000000000	0.0000000000000
0.46000000834465	0.97867548465729	-0.20478674769402	73.000000000000	0.0000000000000
0.46399998664856	0.97831588983536	-0.20655423402786	73.000000000000	0.0000000000000
0.46799999475479	0.97795248031616	-0.20832146704197	73.000000000000	0.0000000000000
0.47200000286102	0.97758501768112	-0.21008838713169	73.000000000000	0.0000000000000
0.47600001096725	0.97721362113953	-0.21185499429703	73.000000000000	0.0000000000000
0.47999998927116	0.97683835029602	-0.21362121403217	73.000000000000	0.0000000000000
0.48399999737740	0.97645908594131	-0.21538703143597	73.000000000000	0.0000000000000
0.48800000548363	0.97607576847076	-0.21715238690376	73.000000000000	0.0000000000000
0.49200001358986	0.97568839788437	-0.21891723573208	73.000000000000	0.0000000000000
0.49599999189377	0.97529715299606	-0.22068150341511	73.000000000000	0.0000000000000
0.50000000000000	0.97490179538727	-0.22244517505169	73.000000000000	0.0000000000000
0.50400000810623	0.97450244426727	-0.22420819103718	73.000000000000	0.0000000000000
0.50800001621246	0.97409898042679	-0.22597049176693	73.000000000000	0.0000000000000
0.51200002431870	0.97369146347046	-0.22773203253746	73.000000000000	0.0000000000000
0.51599997282028	0.97327983379364	-0.22949272394180	73.000000000000	0.0000000000000
0.51999998092651	0.97286415100098	-0.23125259578228	73.000000000000	0.0000000000000
0.52399998903275	0.97244447469711	-0.23301157355309	73.000000000000	0.0000000000000
0.52799999713898	0.97202080488205	-0.23476952314377	73.000000000000	0.0000000000000
0.53200000524521	0.97159284353256	-0.23652647435665	73.000000000000	0.0000000000000
0.53600001335144	0.97116100788116	-0.23828238248825	73.000000000000	0.0000000000000
0.54000002145767	0.97072505950928	-0.24003714323044	73.000000000000	0.0000000000000
0.54400002956390	0.97028511762619	-0.24179074168205	73.000000000000	0.0000000000000
0.54799997806549	0.96984124183655	-0.24354314804077	73.000000000000	0.0000000000000
0.55199998617172	0.96939331293106	-0.24529425799847	73.000000000000	0.0000000000000
0.55599999427795	0.96894145011902	-0.24704404175282	73.000000000000	0.0000000000000
0.56000000238419	0.96848535537720	-0.24879246950150	73.000000000000	0.0000000000000
0.56400001049042	0.96802562475204	-0.25053948163986	73.000000000000	0.0000000000000
0.56800001859665	0.96756196022034	-0.25228506326675	73.000000000000	0.0000000000000
0.57200002670288	0.96709436178207	-0.25402909517288	73.000000000000	0.0000000000000
0.57599997520447	0.96662288904190	-0.25577160716057	73.000000000000	0.0000000000000
0.57999998331070	0.96614748239517	-0.25751248002052	73.000000000000	0.0000000000000
0.58399999141693	0.96566832065582	-0.25925177335739	73.000000000000	0.0000000000000
0.58799999952316	0.96518546342850	-0.26098939776421	73.000000000000	0.0000000000000
0.59200000762939	0.96469902992249	-0.26272529363632	73.000000000000	0.0000000000000
0.59600001573563	0.96420854330063	-0.26445943117142	73.000000000000	0.0000000000000
0.60000002384186	0.96371471881866	-0.26619181036949	73.000000000000	0.0000000000000
0.60399997234344	0.96321713924408	-0.26792240142822	73.000000000000	0.0000000000000
0.60799998044968	0.96271598339081	-0.26965105533600	73.000000000000	0.0000000000000
0.61199998855591	0.96221137046814	-0.27137786149979	73.000000000000	0.0000000000000
0.61599999666214	0.96170324087143	-0.27310284972191	73.000000000000	0.0000000000000
0.62000000476837	0.96119165420532	-0.27482587099075	73.000000000000	0.0000000000000
0.62400001287460	0.96067678928375	-0.27654692530632	73.000000000000	0.0000000000000
0.62800002098083	0.96015846729279	-0.27826604247093	73.000000000000	0.0000000000000
0.63200002908707	0.95963686704636	-0.27998310327530	73.000000000000	0.0000000000000
0.63599997758865	0.95911192893982	-0.28169822692871	73.000000000000	0.0000000000000
0.63999998569489	0.95858383178711	-0.28341132402420	73.000000000000	0.0000000000000
0.64399999380112	0.95805263519287	-0.28512236475945	73.000000000000	0.0000000000000
0.64800000190735	0.95751839876175	-0.28683137893677	73.000000000000	0.0000000000000
0.65200001001358	0.95698094367981	-0.28853833675385	73.000000000000	0.0000000000000
0.65600001811981	0.95644050836563	-0.29024326801300	73.000000000000	0.0000000000000
0.66000002622604	0.95589721202850	-0.29194611310959	73.000000000000	0.0000000000000
0.66399997472763	0.95535093545914	-0.29364690184593	73.000000000000	0.0000000000000
0.66799998283386	0.95480179786682	-0.29534566402435	73.000000000000	0.0000000000000
0.67199999094009	0.95424985885620	-0.29704231023788	73.000000000000	0.0000000000000
0.67599999904633	0.95369517803192	-0.29873701930046	73.000000000000	0.0000000000000
0.68000000715256	0.95313775539398	-0.30042961239815	73.000000000000	0.0000000000000
0.68400001525879	0.95257759094238	-0.30212023854256	73.000000000000	0.0000000000000
0.68800002336502	0.95201492309570	-0.30380883812904	73.000000000000	0.0000000000000
0.69199997186661	0.95144957304001	-0.30549544095993	73.000000000000	0.0000000000000
0.69599997997284	0.95088183879852	-0.30718004703522	73.000000000000	0.0000000000000
0.69999998807907	0.95031136274338	-0.30886268615723	73.000000000000	0.0000000000000
0.70399999618530	0.94973868131638	-0.31054344773293	73.000000000000	0.0000000000000
0.70800000429153	0.94916355609894	-0.31222230195999	73.000000000000	0.0000000000000
0.71200001239777	0.94858598709106	-0.31389924883842	73.000000000000	0.0000000000000
0.71600002050400	0.94800615310669	-0.31557434797287	73.000000000000	0.0000000000000
0.72000002861023	0.94742393493652	-0.31724759936333	73.000000000000	0.0000000000000
0.72399997711182	0.94683957099915	-0.31891909241676	73.000000000000	0.0000000000000
0.72799998521805	0.94625282287598	-0.32058882713318	73.000000000000	0.0000000000000
0.73199999332428	0.94566398859024	-0.32225689291954	73.000000000000	0.0000000000000
0.73600000143051	0.94507300853729	-0.32392317056656	73.000000000000	0.0000000000000
0.74000000953674	0.94447994232178	-0.32558789849281	73.000000000000	0.0000000000000
0.74400001764297	0.94388467073441	-0.32725095748901	73.000000000000	0.0000000000000
0.74800002574921	0.94328719377518	-0.32891246676445	73.000000000000	0.0000000000000
0.75199997425079	0.94268780946732	-0.33057248592377	73.000000000000	0.0000000000000
0.75599998235703	0.94208627939224	-0.33223098516464	73.000000000000	0.0000000000000
0.75999999046326	0.94148272275925	-0.33388805389404	73.000000000000	0.0000000000000
0.76399999856949	0.94087713956833	-0.33554369211197	73.000000000000	0.0000000000000
0.76800000667572	0.94026952981949	-0.33719804883003	73.000000000000	0.0000000000000
0.77200001478195	0.93965995311737	-0.33885100483894	73.000000000000	0.0000000000000
0.77600002288818	0.93904829025269	-0.34050276875496	73.000000000000	0.0000000000000
0.77999997138977	0.93843472003937	-0.34215337038040	73.000000000000	0.0000000000000
0.78399997949600	0.93781912326813	-0.34380277991295	73.000000000000	0.0000000000000
0.78799998760223	0.93720149993896	-0.34545105695724	73.000000000000	0.0000000000000
0.79199999570847	0.93658185005188	-0.34709823131561	73.000000000000	0.0000000000000
0.79600000381470	0.93596029281616	-0.34874442219734	73.000000000000	0.0000000000000
0.80000001192093	0.93533658981323	-0.35038962960243	73.000000000000	0.0000000000000
0.80400002002716	0.93471086025238	-0.35203391313553	73.000000000000	0.0000000000000
0.80800002813339	0.93408316373825	-0.35367730259895	73.000000000000	0.0000000000000
0.81199997663498	0.93345332145691	-0.35531979799271	73.000000000000	0.0000000000000
0.81599998474121	0.93282139301300	-0.35696157813072	73.000000000000	0.0000000000000
0.81999999284744	0.93218731880188	-0.35860255360603	73.000000000000	0.0000000000000
0.82400000095367	0.93155121803284	-0.36024287343025	73.000000000000	0.0000000000000
0.82800000905991	0.93091291189194	-0.36188244819641	73.000000000000	0.0000000000000
0.83200001716614	0.93027240037918	-0.36352139711380	73.000000000000	0.0000000000000
0.83600002527237	0.92962962388992	-0.36515983939171	73.000000000000	0.0000000000000
0.83999997377396	0.92898464202881	-0.36679765582085	73.000000000000	0.0000000000000
0.84399998188019	0.92833733558655	-0.36843496561050	73.000000000000	0.0000000000000
0.84799998998642	0.92768770456314	-0.37007179856300	73.000000000000	0.0000000000000
0.85199999809265	0.92703568935394	-0.37170815467834	73.000000000000	0.0000000000000
0.85600000619888	0.92638134956360	-0.37334409356117	73.000000000000	0.0000000000000
0.86000001430511	0.92572438716888	-0.37497961521149	73.000000000000	0.0000000000000
0.86400002241135	0.92506498098373	-0.37661477923393	73.000000000000	0.0000000000000
0.86799997091293	0.92440307140350	-0.37824961543083	73.000000000000	0.0000000000000
0.87199997901917	0.92373853921890	-0.37988409399986	73.000000000000	0.0000000000000
0.87599998712540	0.92307138442993	-0.38151833415031	73.000000000000	0.0000000000000
0.87999999523163	0.92240148782730	-0.38315218687057	73.000000000000	0.0000000000000
0.88400000333786	0.92172873020172	-0.38478580117226	73.000000000000	0.0000000000000
0.88800001144409	0.92105329036713	-0.38641914725304	73.000000000000	0.0000000000000
0.89200001955032	0.92037492990494	-0.38805219531059	73.000000000000	0.0000000000000
0.89600002765656	0.91969364881516	-0.38968506455421	73.000000000000	0.0000000000000
0.89999997615814	0.91900944709778	-0.39131763577461	73.000000000000	0.0000000000000
0.90399998426437	0.91832208633423	-0.39294999837875	73.000000000000	0.0000000000000
0.90799999237061	0.91763168573380	-0.39458206295967	73.000000000000	0.0000000000000
0.91200000047684	0.91693818569183	-0.39621388912201	73.000000000000	0.0000000000000
0.91600000858307	0.91624134778976	-0.39784547686577	73.000000000000	0.0000000000000
0.92000001668930	0.91554135084152	-0.39947673678398	73.000000000000	0.0000000000000
0.92400002479553	0.91483795642853	-0.40110775828362	73.000000000000	0.0000000000000
0.92799997329712	0.91413122415543	-0.40273845195770	73.000000000000	0.0000000000000
0.93199998140335	0.91342103481293	-0.40436884760857	73.000000000000	0.0000000000000
0.93599998950958	0.91270732879639	-0.40599897503853	73.000000000000	0.0000000000000
0.93999999761581	0.91199010610580	-0.40762862563133	73.000000000000	0.0000000000000
0.94400000572205	0.91126912832260	-0.40925791859627	73.000000000000	0.0000000000000
0.94800001382828	0.91054463386536	-0.41088676452637	73.000000000000	0.0000000000000
0.95200002193451	0.90981638431549	-0.41251519322395	73.000000000000	0.0000000000000
0.95599997043610	0.90908432006836	-0.41414308547974	73.000000000000	0.0000000000000
0.95999997854233	0.90834844112396	-0.41577047109604	73.000000000000	0.0000000000000
0.96399998664856	0.90760856866837	-0.41739729046822	73.000000000000	0.0000000000000
0.96799999475479	0.90686500072479	-0.41902348399162	73.000000000000	0.0000000000000
0.97200000286102	0.90611732006073	-0.42064905166626	73.000000000000	0.0000000000000
0.97600001096725	0.90536552667618	-0.42227420210838	73.000000000000	0.0000000000000
0.98000001907349	0.90460997819901	-0.42389768362045	73.000000000000	0.0000000000000
0.98400002717972	0.90384972095490	-0.42552155256271	73.000000000000	0.0000000000000
0.98799997568130	0.90308588743210	-0.42714372277260	73.000000000000	0.0000000000000
0.99199998378754	0.90231758356094	-0.42876541614532	73.000000000000	0.0000000000000
0.99599999189377	0.90154522657394	-0.43038567900658	73.000000000000	0.0000000000000
1.0000000000000	0.90076857805252	-0.43200495839119	73.000000000000	0.0000000000000
1.0039999485016	0.89998769760132	-0.43362322449684	73.000000000000	0.0000000000000
1.0080000162125	0.89920222759247	-0.43524086475372	73.000000000000	0.0000000000000
1.0119999647141	0.89841270446777	-0.43685656785965	73.000000000000	0.0000000000000
1.0160000324249	0.89761877059937	-0.43847113847733	73.000000000000	0.0000000000000
1.0199999809265	0.89682036638260	-0.44008454680443	73.000000000000	0.0000000000000
1.0240000486374	0.89601767063141	-0.44169634580612	73.000000000000	0.0000000000000
1.0279999971390	0.89521044492722	-0.44330692291260	73.000000000000	0.0000000000000
1.0319999456406	0.89439904689789	-0.44491541385651	73.000000000000	0.0000000000000
1.0360000133514	0.89358282089233	-0.44652304053307	73.000000000000	0.0000000000000
1.0399999618530	0.89276266098022	-0.44812810420990	73.000000000000	0.0000000000000
1.0440000295639	0.89193773269653	-0.44973182678223	73.000000000000	0.0000000000000
1.0479999780655	0.89110863208771	-0.45133334398270	73.000000000000	0.0000000000000
1.0520000457764	0.89027482271194	-0.45293343067169	73.000000000000	0.0000000000000
1.0559999942780	0.88943684101105	-0.45453134179115	73.000000000000	0.0000000000000
1.0599999427795	0.88859421014786	-0.45612734556198	73.000000000000	0.0000000000000
1.0640000104904	0.88774734735489	-0.45772105455399	73.000000000000	0.0000000000000
1.0679999589920	0.88689637184143	-0.45931202173233	73.000000000000	0.0000000000000
1.0720000267029	0.88604062795639	-0.46090146899223	73.000000000000	0.0000000000000
1.0759999752045	0.88518077135086	-0.46248817443848	73.000000000000	0.0000000000000
1.0800000429153	0.88431668281555	-0.46407249569893	73.000000000000	0.0000000000000
1.0839999914169	0.88344806432724	-0.46565485000610	73.000000000000	0.0000000000000
1.0880000591278	0.88257551193237	-0.46723395586014	73.000000000000	0.0000000000000
1.0920000076294	0.88169842958450	-0.46881103515625	73.000000000000	0.0000000000000
1.0959999561310	0.88081729412079	-0.47038528323174	73.000000000000	0.0000000000000
1.1000000238419	0.87993240356445	-0.47195628285408	73.000000000000	0.0000000000000
1.1039999723434	0.87904304265976	-0.47352525591850	73.000000000000	0.0000000000000
1.1080000400543	0.87814956903458	-0.47509130835533	73.000000000000	0.0000000000000
1.1119999885559	0.87725245952606	-0.47665411233902	73.000000000000	0.0000000000000
1.1160000562668	0.87635159492493	-0.47821366786957	73.000000000000	0.0000000000000
1.1200000047684	0.87544655799866	-0.47977066040039	73.000000000000	0.0000000000000
1.1239999532700	0.87453740835190	-0.48132526874542	73.000000000000	0.0000000000000
1.1280000209808	0.87362492084503	-0.48287576436996	73.000000000000	0.0000000000000
1.1319999694824	0.87270861864090	-0.48442363739014	73.000000000000	0.0000000000000
1.1360000371933	0.87178862094879	-0.48596832156181	73.000000000000	0.0000000000000
1.1399999856949	0.87086510658264	-0.48750975728035	73.000000000000	0.0000000000000
1.1440000534058	0.86993819475174	-0.48904806375504	73.000000000000	0.0000000000000
1.1480000019073	0.86900764703751	-0.49058312177658	73.000000000000	0.0000000000000
1.1519999504089	0.86807376146317	-0.49211496114731	73.000000000000	0.0000000000000
1.1560000181198	0.86713659763336	-0.49364346265793	73.000000000000	0.0000000000000
1.1599999666214	0.86619615554810	-0.49516868591309	73.000000000000	0.0000000000000
1.1640000343323	0.86525249481201	-0.49669063091278	73.000000000000	0.0000000000000
1.1679999828339	0.86430591344833	-0.49820923805237	73.000000000000	0.0000000000000
1.1720000505447	0.86335623264313	-0.49972453713417	73.000000000000	0.0000000000000
1.1759999990463	0.86240339279175	-0.50123655796051	73.000000000000	0.0000000000000
1.1799999475479	0.86144781112671	-0.50274521112442	73.000000000000	0.0000000000000
1.1840000152588	0.86048948764801	-0.50425058603287	73.000000000000	0.0000000000000
1.1879999637604	0.85952818393707	-0.50575274229050	73.000000000000	0.0000000000000
1.1920000314713	0.85856431722641	-0.50725144147873	73.000000000000	0.0000000000000
1.1959999799728	0.85759776830673	-0.50874692201614	73.000000000000	0.0000000000000
1.2000000476837	0.85662865638733	-0.51023918390274	73.000000000000	0.0000000000000
1.2039999961853	0.85565710067749	-0.51172828674316	73.000000000000	0.0000000000000
1.2079999446869	0.85468310117722	-0.51321423053741	73.000000000000	0.0000000000000
1.2120000123978	0.85370671749115	-0.51469695568085	73.000000000000	0.0000000000000
1.2159999608994	0.85272800922394	-0.51617652177811	73.000000000000	0.0000000000000
1.2200000286102	0.85174709558487	-0.51765298843384	73.000000000000	0.0000000000000
1.2239999771118	0.85076385736465	-0.51912647485733	73.000000000000	0.0000000000000
1.2280000448227	0.84977841377258	-0.52059698104858	73.000000000000	0.0000000000000
1.2319999933243	0.84879094362259	-0.52206450700760	73.000000000000	0.0000000000000
1.2359999418259	0.84780156612396	-0.52352911233902	73.000000000000	0.0000000000000
1.2400000095367	0.84681004285812	-0.52499091625214	73.000000000000	0.0000000000000
1.2439999580383	0.84581643342972	-0.52644991874695	73.000000000000	0.0000000000000
1.2480000257492	0.84482103586197	-0.52790629863739	73.000000000000	0.0000000000000
1.2519999742508	0.84382379055023	-0.52935993671417	73.000000000000	0.0000000000000
1.2560000419617	0.84282457828522	-0.53081101179123	73.000000000000	0.0000000000000
1.2599999904633	0.84182339906693	-0.53225952386856	73.000000000000	0.0000000000000
1.2640000581741	0.84082067012787	-0.53370559215546	73.000000000000	0.0000000000000
1.2680000066757	0.83981591463089	-0.53514945507050	73.000000000000	0.0000000000000
1.2719999551773	0.83880937099457	-0.53659075498581	73.000000000000	0.0000000000000
1.2760000228882	0.83780109882355	-0.53802996873856	73.000000000000	0.0000000000000
1.2799999713898	0.83679103851318	-0.53946709632874	73.000000000000	0.0000000000000
1.2840000391006	0.83577907085419	-0.54090201854706	73.000000000000	0.0000000000000
1.2879999876022	0.83476543426514	-0.54233509302139	73.000000000000	0.0000000000000
1.2920000553131	0.83375000953674	-0.54376614093781	73.000000000000	0.0000000000000
1.2960000038147	0.83273267745972	-0.54519540071487	73.000000000000	0.0000000000000
1.2999999523163	0.83171361684799	-0.54662299156189	73.000000000000	0.0000000000000
1.3040000200272	0.83069276809692	-0.54804885387421	73.000000000000	0.0000000000000
1.3079999685287	0.82966983318329	-0.54947304725647	73.000000000000	0.0000000000000
1.3120000362396	0.82864505052567	-0.55089581012726	73.000000000000	0.0000000000000
1.3159999847412	0.82761830091476	-0.55231720209122	73.000000000000	0.0000000000000
1.3200000524521	0.82658958435059	-0.55373722314835	73.000000000000	0.0000000000000
1.3240000009537	0.82555872201920	-0.55515587329865	73.000000000000	0.0000000000000
1.3279999494553	0.82452583312988	-0.55657351016998	73.000000000000	0.0000000000000
1.3320000171661	0.82349073886871	-0.55798995494843	73.000000000000	0.0000000000000
1.3359999656677	0.82245337963104	-0.55940532684326	73.000000000000	0.0000000000000
1.3400000333786	0.82141363620758	-0.56081980466843	73.000000000000	0.0000000000000
1.3439999818802	0.82037156820297	-0.56223332881927	73.000000000000	0.0000000000000
1.3480000495911	0.81932705640793	-0.56364601850510	73.000000000000	0.0000000000000
1.3519999980927	0.81827998161316	-0.56505805253983	73.000000000000	0.0000000000000
1.3559999465942	0.81723016500473	-0.56646919250488	73.000000000000	0.0000000000000
1.3600000143051	0.81617766618729	-0.56787973642349	73.000000000000	0.0000000000000
1.3639999628067	0.81512230634689	-0.56928974390030	73.000000000000	0.0000000000000
1.3680000305176	0.81406402587891	-0.57069909572601	73.000000000000	0.0000000000000
1.3719999790192	0.81300252676010	-0.57210803031921	73.000000000000	0.0000000000000
1.3760000467300	0.81193792819977	-0.57351654767990	73.000000000000	0.0000000000000
1.3799999952316	0.81087011098862	-0.57492446899414	73.000000000000	0.0000000000000
1.3839999437332	0.80979883670807	-0.57633209228516	73.000000000000	0.0000000000000
1.3880000114441	0.80872386693954	-0.57773935794830	73.000000000000	0.0000000000000
1.3919999599457	0.80764520168304	-0.57914626598358	73.000000000000	0.0000000000000
1.3960000276566	0.80656290054321	-0.58055275678635	73.000000000000	0.0000000000000
1.3999999761581	0.80547654628754	-0.58195894956589	73.000000000000	0.0000000000000
1.4040000438690	0.80438601970673	-0.58336490392685	73.000000000000	0.0000000000000
1.4079999923706	0.80329132080078	-0.58477044105530	73.000000000000	0.0000000000000
1.4119999408722	0.80219221115112	-0.58617556095123	73.000000000000	0.0000000000000
1.4160000085831	0.80108863115311	-0.58758038282394	73.000000000000	0.0000000000000
1.4199999570847	0.79998016357422	-0.58898490667343	73.000000000000	0.0000000000000
1.4240000247955	0.79886692762375	-0.59038889408112	73.000000000000	0.0000000000000
1.4279999732971	0.79774886369705	-0.59179246425629	73.000000000000	0.0000000000000
1.4320000410080	0.79662555456161	-0.59319555759430	73.000000000000	0.0000000000000
1.4359999895096	0.79549688100815	-0.59459799528122	73.000000000000	0.0000000000000
1.4400000572205	0.79436272382736	-0.59599995613098	73.000000000000	0.0000000000000
1.4440000057220	0.79322296380997	-0.59740120172501	73.000000000000	0.0000000000000
1.4479999542236	0.79207748174667	-0.59880161285400	73.000000000000	0.0000000000000
1.4520000219345	0.79092586040497	-0.60020136833191	73.000000000000	0.0000000000000
1.4559999704361	0.78976833820343	-0.60160005092621	73.000000000000	0.0000000000000
1.4600000381470	0.78860443830490	-0.60299772024155	73.000000000000	0.0000000000000
1.4639999866486	0.78743416070938	-0.60439425706863	73.000000000000	0.0000000000000
1.4680000543594	0.78625738620758	-0.60578966140747	73.000000000000	0.0000000000000
1.4720000028610	0.78507369756699	-0.60718363523483	73.000000000000	0.0000000000000
1.4759999513626	0.78388333320618	-0.60857605934143	73.000000000000	0.0000000000000
1.4800000190735	0.78268581628799	-0.60996687412262	73.000000000000	0.0000000000000
1.4839999675751	0.78148132562637	-0.61135596036911	73.000000000000	0.0000000000000
1.4880000352859	0.78026926517487	-0.61274296045303	73.000000000000	0.0000000000000
1.4919999837875	0.77904987335205	-0.61412805318832	73.000000000000	0.0000000000000
1.4960000514984	0.77782285213470	-0.61551076173782	73.000000000000	0.0000000000000
1.5000000000000	0.77658832073212	-0.61689096689224	73.000000000000	0.0000000000000
1.5039999485016	0.77534592151642	-0.61826872825623	73.000000000000	0.0000000000000
1.5080000162125	0.77409535646439	-0.61964350938797	73.000000000000	0.0000000000000
1.5119999647141	0.77283692359924	-0.62101531028748	73.000000000000	0.0000000000000
1.5160000324249	0.77157020568848	-0.62238395214081	73.000000000000	0.0000000000000
1.5199999809265	0.77029526233673	-0.62374907732010	73.000000000000	0.0000000000000
1.5240000486374	0.76901185512543	-0.62511050701141	73.000000000000	0.0000000000000
1.5279999971390	0.76772010326385	-0.62646812200546	73.000000000000	0.0000000000000
1.5319999456406	0.76641976833344	-0.62782162427902	73.000000000000	0.0000000000000
1.5360000133514	0.76511085033417	-0.62917071580887	73.000000000000	0.0000000000000
1.5399999618530	0.76379317045212	-0.63051515817642	73.000000000000	0.0000000000000
1.5440000295639	0.76246684789658	-0.63185477256775	73.000000000000	0.0000000000000
1.5479999780655	0.76113164424896	-0.63318926095963	73.000000000000	0.0000000000000
1.5520000457764	0.75978767871857	-0.63451838493347	73.000000000000	0.0000000000000
1.5559999942780	0.75843483209610	-0.63584178686142	73.000000000000	0.0000000000000
1.5599999427795	0.75707304477692	-0.63715928792953	73.000000000000	0.0000000000000
1.5640000104904	0.75570225715637	-0.63847059011459	73.000000000000	0.0000000000000
1.5679999589920	0.75432276725769	-0.63977545499802	73.000000000000	0.0000000000000
1.5720000267029	0.75293421745300	-0.64107352495193	73.000000000000	0.0000000000000
1.5759999752045	0.75153672695160	-0.64236450195312	73.000000000000	0.0000000000000
1.5800000429153	0.75013035535812	-0.64364808797836	73.000000000000	0.0000000000000
1.5839999914169	0.74871516227722	-0.64492410421371	73.000000000000	0.0000000000000
1.5880000591278	0.74729120731354	-0.64619219303131	73.000000000000	0.0000000000000
1.5920000076294	0.74585849046707	-0.64745205640793	73.000000000000	0.0000000000000
1.5959999561310	0.74441713094711	-0.64870333671570	73.000000000000	0.0000000000000
1.6000000238419	0.74296706914902	-0.64994573593140	73.000000000000	0.0000000000000
1.6039999723434	0.74150854349136	-0.65117907524109	73.000000000000	0.0000000000000
1.6080000400543	0.74004161357880	-0.65240293741226	73.000000000000	0.0000000000000
1.6119999885559	0.73856645822525	-0.65361714363098	73.000000000000	0.0000000000000
1.6160000562668	0.73708307743073	-0.65482115745544	73.000000000000	0.0000000000000
1.6200000047684	0.73559182882309	-0.65601491928101	73.000000000000	0.0000000000000
1.6239999532700	0.73409223556519	-0.65719801187515	73.000000000000	0.0000000000000
1.6280000209808	0.73258531093597	-0.65837013721466	73.000000000000	0.0000000000000
1.6319999694824	0.73107069730759	-0.65953105688095	73.000000000000	0.0000000000000
1.6360000371933	0.72954863309860	-0.66068053245544	73.000000000000	0.0000000000000
1.6399999856949	0.72801953554153	-0.66181814670563	73.000000000000	0.0000000000000
1.6440000534058	0.72648328542709	-0.66294366121292	73.000000000000	0.0000000000000
1.6480000019073	0.72494035959244	-0.66405695676804	73.000000000000	0.0000000000000
1.6519999504089	0.72339081764221	-0.66515737771988	73.000000000000	0.0000000000000
1.6560000181198	0.72183495759964	-0.66624498367310	73.000000000000	0.0000000000000
1.6599999666214	0.72027301788330	-0.66731941699982	73.000000000000	0.0000000000000
1.6640000343323	0.71870553493500	-0.66838037967682	73.000000000000	0.0000000000000
1.6679999828339	0.71713232994080	-0.66942775249481	73.000000000000	0.0000000000000
1.6720000505447	0.71555387973785	-0.67046105861664	73.000000000000	0.0000000000000
1.6759999990463	0.71397048234940	-0.67148029804230	73.000000000000	0.0000000000000
1.6799999475479	0.71238243579865	-0.67248511314392	73.000000000000	0.0000000000000
1.6840000152588	0.71079009771347	-0.67347526550293	73.000000000000	0.0000000000000
1.6879999637604	0.70919370651245	-0.67445063591003	73.000000000000	0.0000000000000
1.6920000314713	0.70759361982346	-0.67541092634201	73.000000000000	0.0000000000000
1.6959999799728	0.70599025487900	-0.67635607719421	73.000000000000	0.0000000000000
1.7000000476837	0.70438390970230	-0.67728567123413	73.000000000000	0.0000000000000
1.7039999961853	0.70277500152588	-0.67819982767105	73.000000000000	0.0000000000000
1.7079999446869	0.70116358995438	-0.67909818887711	73.000000000000	0.0000000000000
1.7120000123978	0.69955050945282	-0.67998057603836	73.000000000000	0.0000000000000
1.7159999608994	0.69793581962585	-0.68084692955017	73.000000000000	0.0000000000000
1.7200000286102	0.69632005691528	-0.68169724941254	73.000000000000	0.0000000000000
1.7239999771118	0.69470375776291	-0.68253117799759	73.000000000000	0.0000000000000
1.7280000448227	0.69308686256409	-0.68334865570068	73.000000000000	0.0000000000000
1.7319999933243	0.69147026538849	-0.68414974212646	73.000000000000	0.0000000000000
1.7359999418259	0.68985408544540	-0.68493413925171	73.000000000000	0.0000000000000
1.7400000095367	0.68823885917664	-0.68570202589035	73.000000000000	0.0000000000000
1.7439999580383	0.68662506341934	-0.68645310401917	73.000000000000	0.0000000000000
1.7480000257492	0.68501299619675	-0.68718755245209	73.000000000000	0.0000000000000
1.7519999742508	0.68340325355530	-0.68790525197983	73.000000000000	0.0000000000000
1.7560000419617	0.68179613351822	-0.68860614299774	73.000000000000	0.0000000000000
1.7599999904633	0.68019223213196	-0.68929022550583	73.000000000000	0.0000000000000
1.7640000581741	0.67859160900116	-0.68995761871338	73.000000000000	0.0000000000000
1.7680000066757	0.67699521780014	-0.69060838222504	73.000000000000	0.0000000000000
1.7719999551773	0.67540329694748	-0.69124239683151	73.000000000000	0.0000000000000
1.7760000228882	0.67381614446640	-0.69185972213745	73.000000000000	0.0000000000000
1.7799999713898	0.67223435640335	-0.69246065616608	73.000000000000	0.0000000000000
1.7840000391006	0.67065840959549	-0.69304513931274	73.000000000000	0.0000000000000
1.7879999876022	0.66908860206604	-0.69361323118210	73.000000000000	0.0000000000000
1.7920000553131	0.66752547025681	-0.69416517019272	73.000000000000	0.0000000000000
1.7960000038147	0.66596961021423	-0.69470095634460	73.000000000000	0.0000000000000
1.7999999523163	0.66442114114761	-0.69522088766098	73.000000000000	0.0000000000000
1.8040000200272	0.66288065910339	-0.69572502374649	73.000000000000	0.0000000000000
1.8079999685287	0.66134881973267	-0.69621354341507	73.000000000000	0.0000000000000
1.8120000362396	0.65982562303543	-0.69668674468994	73.000000000000	0.0000000000000
1.8159999847412	0.65831172466278	-0.69714480638504	73.000000000000	0.0000000000000
1.8200000524521	0.65680778026581	-0.69758784770966	73.000000000000	0.0000000000000
1.8240000009537	0.65531367063522	-0.69801622629166	73.000000000000	0.0000000000000
1.8279999494553	0.65383011102676	-0.69843018054962	73.000000000000	0.0000000000000
1.8320000171661	0.65235751867294	-0.69882988929749	73.000000000000	0.0000000000000
1.8359999656677	0.65089648962021	-0.69921571016312	73.000000000000	0.0000000000000
1.8400000333786	0.64944702386856	-0.69958788156509	73.000000000000	0.0000000000000
1.8439999818802	0.64800941944122	-0.69994682073593	73.000000000000	0.0000000000000
1.8480000495911	0.64658457040787	-0.70029282569885	73.000000000000	0.0000000000000
1.8519999980927	0.64517235755920	-0.70062607526779	73.000000000000	0.0000000000000
1.8559999465942	0.64377331733704	-0.70094710588455	73.000000000000	0.0000000000000
1.8600000143051	0.64238774776459	-0.70125621557236	73.000000000000	0.0000000000000
1.8639999628067	0.64101606607437	-0.70155376195908	73.000000000000	0.0000000000000
1.8680000305176	0.63965851068497	-0.70184010267258	73.000000000000	0.0000000000000
1.8719999790192	0.63831549882889	-0.70211571455002	73.000000000000	0.0000000000000
1.8760000467300	0.63698714971542	-0.70238095521927	73.000000000000	0.0000000000000
1.8799999952316	0.63567388057709	-0.70263618230820	73.000000000000	0.0000000000000
1.8839999437332	0.63437581062317	-0.70288193225861	73.000000000000	0.0000000000000
1.8880000114441	0.63309347629547	-0.70311862230301	73.000000000000	0.0000000000000
1.8919999599457	0.63182687759399	-0.70334661006927	73.000000000000	0.0000000000000
1.8960000276566	0.63057613372803	-0.70356643199921	73.000000000000	0.0000000000000
1.8999999761581	0.62934184074402	-0.70377850532532	73.000000000000	0.0000000000000
1.9040000438690	0.62812387943268	-0.70398330688477	73.000000000000	0.0000000000000
1.9079999923706	0.62692242860794	-0.70418131351471	73.000000000000	0.0000000000000
1.9119999408722	0.62573796510696	-0.70437312126160	73.000000000000	0.0000000000000
1.9160000085831	0.62457025051117	-0.70455908775330	73.000000000000	0.0000000000000
1.9199999570847	0.62341970205307	-0.70473963022232	73.000000000000	0.0000000000000
1.9240000247955	0.62228643894196	-0.70491552352905	73.000000000000	0.0000000000000
1.9279999732971	0.62117040157318	-0.70508706569672	73.000000000000	0.0000000000000
1.9320000410080	0.62007158994675	-0.70525479316711	73.000000000000	0.0000000000000
1.9359999895096	0.61899042129517	-0.70541924238205	73.000000000000	0.0000000000000
1.9400000572205	0.61792677640915	-0.70558083057404	73.000000000000	0.0000000000000
1.9440000057220	0.61688059568405	-0.70574033260345	73.000000000000	0.0000000000000
1.9479999542236	0.61585205793381	-0.70589798688889	73.000000000000	0.0000000000000
1.9520000219345	0.61484122276306	-0.70605456829071	73.000000000000	0.0000000000000
1.9559999704361	0.61384773254395	-0.70621025562286	73.000000000000	0.0000000000000
1.9600000381470	0.61287194490433	-0.70636594295502	73.000000000000	0.0000000000000
1.9639999866486	0.61191356182098	-0.70652186870575	73.000000000000	0.0000000000000
1.9680000543594	0.61097264289856	-0.70667880773544	73.000000000000	0.0000000000000
1.9720000028610	0.61004900932312	-0.70683699846268	73.000000000000	0.0000000000000
1.9759999513626	0.60914272069931	-0.70699715614319	73.000000000000	0.0000000000000
1.9800000190735	0.60825359821320	-0.70715963840485	73.000000000000	0.0000000000000
1.9839999675751	0.60738146305084	-0.70732516050339	73.000000000000	0.0000000000000
1.9880000352859	0.60652613639832	-0.70749402046204	73.000000000000	0.0000000000000
1.9919999837875	0.60568755865097	-0.70766675472260	73.000000000000	0.0000000000000
1.9960000514984	0.60486555099487	-0.70784389972687	73.000000000000	0.0000000000000
2.0000000000000	0.60405999422073	-0.70802605152130	73.000000000000	0.0000000000000
2.0039999485016	0.60327035188675	-0.70821350812912	73.000000000000	0.0000000000000
2.0079998970032	0.60249656438828	-0.70840680599213	73.000000000000	0.0000000000000
2.0120000839233	0.60173851251602	-0.70860636234283	73.000000000000	0.0000000000000
2.0160000324249	0.60099601745605	-0.70881271362305	73.000000000000	0.0000000000000
2.0199999809265	0.60026848316193	-0.70902627706528	73.000000000000	0.0000000000000
2.0239999294281	0.59955585002899	-0.70924752950668	73.000000000000	0.0000000000000
2.0280001163483	0.59885776042938	-0.70947682857513	73.000000000000	0.0000000000000
2.0320000648499	0.59817379713058	-0.70971453189850	73.000000000000	0.0000000000000
2.0360000133514	0.59750407934189	-0.70996123552322	73.000000000000	0.0000000000000
2.0399999618530	0.59684759378433	-0.71021717786789	73.000000000000	0.0000000000000
2.0439999103546	0.59620457887650	-0.71048277616501	73.000000000000	0.0000000000000
2.0480000972748	0.59557431936264	-0.71075838804245	73.000000000000	0.0000000000000
2.0520000457764	0.59495645761490	-0.71104449033737	73.000000000000	0.0000000000000
2.0559999942780	0.59435087442398	-0.71134126186371	73.000000000000	0.0000000000000
2.0599999427795	0.59375697374344	-0.71164923906326	73.000000000000	0.0000000000000
2.0639998912811	0.59317421913147	-0.71196842193604	73.000000000000	0.0000000000000
2.0680000782013	0.59260255098343	-0.71229940652847	73.000000000000	0.0000000000000
2.0720000267029	0.59204113483429	-0.71264237165451	73.000000000000	0.0000000000000
2.0759999752045	0.59148979187012	-0.71299761533737	73.000000000000	0.0000000000000
2.0799999237061	0.59094828367233	-0.71336531639099	73.000000000000	0.0000000000000
2.0840001106262	0.59041559696198	-0.71374595165253	73.000000000000	0.0000000000000
2.0880000591278	0.58989179134369	-0.71413946151733	73.000000000000	0.0000000000000
2.0920000076294	0.58937621116638	-0.71454626321793	73.000000000000	0.0000000000000
2.0959999561310	0.58886831998825	-0.71496635675430	73.000000000000	0.0000000000000
2.0999999046326	0.58836764097214	-0.71540015935898	73.000000000000	0.0000000000000
2.1040000915527	0.58787405490875	-0.71584761142731	73.000000000000	0.0000000000000
2.1080000400543	0.58738648891449	-0.71630901098251	73.000000000000	0.0000000000000
2.1119999885559	0.58690488338470	-0.71678441762924	73.000000000000	0.0000000000000
2.1159999370575	0.58642876148224	-0.71727401018143	73.000000000000	0.0000000000000
2.1199998855591	0.58595722913742	-0.71777790784836	73.000000000000	0.0000000000000
2.1240000724792	0.58549040555954	-0.71829611063004	73.000000000000	0.0000000000000
2.1280000209808	0.58502715826035	-0.71882873773575	73.000000000000	0.0000000000000
2.1319999694824	0.58456748723984	-0.71937590837479	73.000000000000	0.0000000000000
2.1359999179840	0.58411073684692	-0.71993738412857	73.000000000000	0.0000000000000
2.1400001049042	0.58365625143051	-0.72051346302032	73.000000000000	0.0000000000000
2.1440000534058	0.58320385217667	-0.72110408544540	73.000000000000	0.0000000000000
2.1480000019073	0.58275282382965	-0.72170913219452	73.000000000000	0.0000000000000
2.1519999504089	0.58230274915695	-0.72232872247696	73.000000000000	0.0000000000000
2.1559998989105	0.58185315132141	-0.72296273708344	73.000000000000	0.0000000000000
2.1600000858307	0.58140343427658	-0.72361105680466	73.000000000000	0.0000000000000
2.1640000343323	0.58095347881317	-0.72427362203598	73.000000000000	0.0000000000000
2.1679999828339	0.58050245046616	-0.72495037317276	73.000000000000	0.0000000000000
2.1719999313354	0.58004987239838	-0.72564125061035	73.000000000000	0.0000000000000
2.1760001182556	0.57959550619125	-0.72634601593018	73.000000000000	0.0000000000000
2.1800000667572	0.57913887500763	-0.72706454992294	73.000000000000	0.0000000000000
2.1840000152588	0.57867920398712	-0.72779679298401	73.000000000000	0.0000000000000
2.1879999637604	0.57821655273438	-0.72854250669479	73.000000000000	0.0000000000000
2.1919999122620	0.57775008678436	-0.72930151224136	73.000000000000	0.0000000000000
2.1960000991821	0.57727974653244	-0.73007357120514	73.000000000000	0.0000000000000
2.2000000476837	0.57680493593216	-0.73085862398148	73.000000000000	0.0000000000000
2.2039999961853	0.57632523775101	-0.73165625333786	73.000000000000	0.0000000000000
2.2079999446869	0.57584017515182	-0.73246639966965	73.000000000000	0.0000000000000
2.2119998931885	0.57534945011139	-0.73328864574432	73.000000000000	0.0000000000000
2.2160000801086	0.57485276460648	-0.73412281274796	73.000000000000	0.0000000000000
2.2200000286102	0.57434976100922	-0.73496872186661	73.000000000000	0.0000000000000
2.2239999771118	0.57383978366852	-0.73582601547241	73.000000000000	0.0000000000000
2.2279999256134	0.57332301139832	-0.73669433593750	73.000000000000	0.0000000000000
2.2320001125336	0.57279855012894	-0.73757338523865	73.000000000000	0.0000000000000
2.2360000610352	0.57226657867432	-0.73846304416656	73.000000000000	0.0000000000000
2.2400000095367	0.57172650098801	-0.73936277627945	73.000000000000	0.0000000000000
2.2439999580383	0.57117813825607	-0.74027240276337	73.000000000000	0.0000000000000
2.2479999065399	0.57062113285065	-0.74119150638580	73.000000000000	0.0000000000000
2.2520000934601	0.57005524635315	-0.74211972951889	73.000000000000	0.0000000000000
2.2560000419617	0.56948035955429	-0.74305683374405	73.000000000000	0.0000000000000
2.2599999904633	0.56889623403549	-0.74400240182877	73.000000000000	0.0000000000000
2.2639999389648	0.56830233335495	-0.74495601654053	73.000000000000	0.0000000000000
2.2679998874664	0.56769877672195	-0.74591732025146	73.000000000000	0.0000000000000
2.2720000743866	0.56708520650864	-0.74688607454300	73.000000000000	0.0000000000000
2.2760000228882	0.56646156311035	-0.74786186218262	73.000000000000	0.0000000000000
2.2799999713898	0.56582760810852	-0.74884414672852	73.000000000000	0.0000000000000
2.2839999198914	0.56518316268921	-0.74983274936676	73.000000000000	0.0000000000000
2.2880001068115	0.56452792882919	-0.75082725286484	73.000000000000	0.0000000000000
2.2920000553131	0.56386232376099	-0.75182712078094	73.000000000000	0.0000000000000
2.2960000038147	0.56318569183350	-0.75283211469650	73.000000000000	0.0000000000000
2.2999999523163	0.56249815225601	-0.75384175777435	73.000000000000	0.0000000000000
2.3039999008179	0.56179952621460	-0.75485581159592	73.000000000000	0.0000000000000
2.3080000877380	0.56108993291855	-0.75587362051010	73.000000000000	0.0000000000000
2.3120000362396	0.56036913394928	-0.75689512491226	73.000000000000	0.0000000000000
2.3159999847412	0.55963724851608	-0.75791972875595	73.000000000000	0.0000000000000
2.3199999332428	0.55889409780502	-0.75894701480865	73.000000000000	0.0000000000000
2.3239998817444	0.55813980102539	-0.75997686386108	73.000000000000	0.0000000000000
2.3280000686646	0.55737429857254	-0.76100856065750	73.000000000000	0.0000000000000
2.3320000171661	0.55659759044647	-0.76204204559326	73.000000000000	0.0000000000000
2.3359999656677	0.55580979585648	-0.76307672262192	73.000000000000	0.0000000000000
2.3399999141693	0.55501085519791	-0.76411235332489	73.000000000000	0.0000000000000
2.3440001010895	0.55420076847076	-0.76514846086502	73.000000000000	0.0000000000000
2.3480000495911	0.55337977409363	-0.76618480682373	73.000000000000	0.0000000000000
2.3519999980927	0.55254781246185	-0.76722097396851	73.000000000000	0.0000000000000
2.3559999465942	0.55170500278473	-0.76825660467148	73.000000000000	0.0000000000000
2.3599998950958	0.55085146427155	-0.76929146051407	73.000000000000	0.0000000000000
2.3640000820160	0.54998749494553	-0.77032506465912	73.000000000000	0.0000000000000
2.3680000305176	0.54911285638809	-0.77135717868805	73.000000000000	0.0000000000000
2.3719999790192	0.54822778701782	-0.77238750457764	73.000000000000	0.0000000000000
2.3759999275208	0.54733264446259	-0.77341574430466	73.000000000000	0.0000000000000
2.3800001144409	0.54642736911774	-0.77444148063660	73.000000000000	0.0000000000000
2.3840000629425	0.54551231861115	-0.77546465396881	73.000000000000	0.0000000000000
2.3880000114441	0.54458719491959	-0.77648466825485	73.000000000000	0.0000000000000
2.3919999599457	0.54365283250809	-0.77750152349472	73.000000000000	0.0000000000000
2.3959999084473	0.54270899295807	-0.77851474285126	73.000000000000	0.0000000000000
2.4000000953674	0.54175597429276	-0.77952432632446	73.000000000000	0.0000000000000
2.4040000438690	0.54079395532608	-0.78052973747253	73.000000000000	0.0000000000000
2.4079999923706	0.53982329368591	-0.78153097629547	73.000000000000	0.0000000000000
2.4119999408722	0.53884392976761	-0.78252756595612	73.000000000000	0.0000000000000
2.4159998893738	0.53785651922226	-0.78351962566376	73.000000000000	0.0000000000000
2.4200000762939	0.53686076402664	-0.78450667858124	73.000000000000	0.0000000000000
2.4240000247955	0.53585708141327	-0.78548872470856	73.000000000000	0.0000000000000
2.4279999732971	0.53484594821930	-0.78646540641785	73.000000000000	0.0000000000000
2.4319999217987	0.53382718563080	-0.78743660449982	73.000000000000	0.0000000000000
2.4360001087189	0.53280144929886	-0.78840231895447	73.000000000000	0.0000000000000
2.4400000572205	0.53176873922348	-0.78936219215393	73.000000000000	0.0000000000000
2.4440000057220	0.53072941303253	-0.79031616449356	73.000000000000	0.0000000000000
2.4479999542236	0.52968364953995	-0.79126405715942	73.000000000000	0.0000000000000
2.4519999027252	0.52863168716431	-0.79220581054688	73.000000000000	0.0000000000000
2.4560000896454	0.52757382392883	-0.79314136505127	73.000000000000	0.0000000000000
2.4600000381470	0.52651029825211	-0.79407060146332	73.000000000000	0.0000000000000
2.4639999866486	0.52544140815735	-0.79499322175980	73.000000000000	0.0000000000000
2.4679999351501	0.52436721324921	-0.79590946435928	73.000000000000	0.0000000000000
2.4719998836517	0.52328830957413	-0.79681909084320	73.000000000000	0.0000000000000
2.4760000705719	0.52220475673676	-0.79772216081619	73.000000000000	0.0000000000000
2.4800000190735	0.52111679315567	-0.79861849546432	73.000000000000	0.0000000000000
2.4839999675751	0.52002471685410	-0.79950809478760	73.000000000000	0.0000000000000
2.4879999160767	0.51892882585526	-0.80039107799530	73.000000000000	0.0000000000000
2.4920001029968	0.51782906055450	-0.80126738548279	73.000000000000	0.0000000000000
2.4960000514984	0.51672595739365	-0.80213683843613	73.000000000000	0.0000000000000
2.5000000000000	0.51561993360519	-0.80299949645996	73.000000000000	0.0000000000000
2.5039999485016	0.51451086997986	-0.80385559797287	73.000000000000	0.0000000000000
2.5079998970032	0.51339870691299	-0.80470496416092	73.000000000000	0.0000000000000
2.5120000839233	0.51228457689285	-0.80554765462875	73.000000000000	0.0000000000000
2.5160000324249	0.51116800308228	-0.80638372898102	73.000000000000	0.0000000000000
2.5199999809265	0.51004928350449	-0.80721330642700	73.000000000000	0.0000000000000
2.5239999294281	0.50892901420593	-0.80803632736206	73.000000000000	0.0000000000000
2.5280001163483	0.50780677795410	-0.80885297060013	73.000000000000	0.0000000000000
2.5320000648499	0.50668329000473	-0.80966311693192	73.000000000000	0.0000000000000
2.5360000133514	0.50555884838104	-0.81046706438065	73.000000000000	0.0000000000000
2.5399999618530	0.50443291664124	-0.81126487255096	73.000000000000	0.0000000000000
2.5439999103546	0.50330644845963	-0.81205654144287	73.000000000000	0.0000000000000
2.5480000972748	0.50217920541763	-0.81284224987030	73.000000000000	0.0000000000000
2.5520000457764	0.50105136632919	-0.81362205743790	73.000000000000	0.0000000000000
2.5559999942780	0.49992334842682	-0.81439608335495	73.000000000000	0.0000000000000
2.5599999427795	0.49879494309425	-0.81516432762146	73.000000000000	0.0000000000000
2.5639998912811	0.49766656756401	-0.81592708826065	73.000000000000	0.0000000000000
2.5680000782013	0.49653828144073	-0.81668448448181	73.000000000000	0.0000000000000
2.5720000267029	0.49541017413139	-0.81743651628494	73.000000000000	0.0000000000000
2.5759999752045	0.49428251385689	-0.81818336248398	73.000000000000	0.0000000000000
2.5799999237061	0.49315541982651	-0.81892526149750	73.000000000000	0.0000000000000
2.5840001106262	0.49202859401703	-0.81966215372086	73.000000000000	0.0000000000000
2.5880000591278	0.49090254306793	-0.82039439678192	73.000000000000	0.0000000000000
2.5920000076294	0.48977726697922	-0.82112199068069	73.000000000000	0.0000000000000
2.5959999561310	0.48865285515785	-0.82184511423111	73.000000000000	0.0000000000000
2.5999999046326	0.48752918839455	-0.82256388664246	73.000000000000	0.0000000000000
2.6040000915527	0.48640680313110	-0.82327848672867	73.000000000000	0.0000000000000
2.6080000400543	0.48528522253036	-0.82398903369904	73.000000000000	0.0000000000000
2.6119999885559	0.48416504263878	-0.82469570636749	73.000000000000	0.0000000000000
2.6159999370575	0.48304578661919	-0.82539862394333	73.000000000000	0.0000000000000
2.6199998855591	0.48192769289017	-0.82609796524048	73.000000000000	0.0000000000000
2.6240000724792	0.48081088066101	-0.82679378986359	73.000000000000	0.0000000000000
2.6280000209808	0.47969543933868	-0.82748633623123	73.000000000000	0.0000000000000
2.6319999694824	0.47858098149300	-0.82817572355270	73.000000000000	0.0000000000000
2.6359999179840	0.47746783494949	-0.82886201143265	73.000000000000	0.0000000000000
2.6400001049042	0.47635599970818	-0.82954549789429	73.000000000000	0.0000000000000
2.6440000534058	0.47524562478065	-0.83022618293762	73.000000000000	0.0000000000000
2.6480000019073	0.47413626313210	-0.83090424537659	73.000000000000	0.0000000000000
2.6519999504089	0.47302824258804	-0.83157974481583	73.000000000000	0.0000000000000
2.6559998989105	0.47192135453224	-0.83225286006927	73.000000000000	0.0000000000000
2.6600000858307	0.47081589698792	-0.83292376995087	73.000000000000	0.0000000000000
2.6640000343323	0.46971133351326	-0.83359271287918	73.000000000000	0.0000000000000
2.6679999828339	0.46860802173615	-0.83425933122635	73.000000000000	0.0000000000000
2.6719999313354	0.46750563383102	-0.83492416143417	73.000000000000	0.0000000000000
2.6760001182556	0.46640425920486	-0.83558726310730	73.000000000000	0.0000000000000
2.6800000667572	0.46530386805534	-0.83624863624573	73.000000000000	0.0000000000000
2.6840000152588	0.46420451998711	-0.83690840005875	73.000000000000	0.0000000000000
2.6879999637604	0.46310576796532	-0.83756661415100	73.000000000000	0.0000000000000
2.6919999122620	0.46200770139694	-0.83822339773178	73.000000000000	0.0000000000000
2.6960000991821	0.46091055870056	-0.83887892961502	73.000000000000	0.0000000000000
2.7000000476837	0.45981413125992	-0.83953315019608	73.000000000000	0.0000000000000
2.7039999961853	0.45871791243553	-0.84018605947495	73.000000000000	0.0000000000000
2.7079999446869	0.45762249827385	-0.84083795547485	73.000000000000	0.0000000000000
2.7119998931885	0.45652720332146	-0.84148871898651	73.000000000000	0.0000000000000
2.7160000801086	0.45543220639229	-0.84213846921921	73.000000000000	0.0000000000000
2.7200000286102	0.45433753728867	-0.84278720617294	73.000000000000	0.0000000000000
2.7239999771118	0.45324322581291	-0.84343510866165	73.000000000000	0.0000000000000
2.7279999256134	0.45214843750000	-0.84408217668533	73.000000000000	0.0000000000000
2.7320001125336	0.45105391740799	-0.84472823143005	73.000000000000	0.0000000000000
2.7360000610352	0.44995930790901	-0.84537351131439	73.000000000000	0.0000000000000
2.7400000095367	0.44886419177055	-0.84601795673370	73.000000000000	0.0000000000000
2.7439999580383	0.44776892662048	-0.84666162729263	73.000000000000	0.0000000000000
2.7479999065399	0.44667309522629	-0.84730452299118	73.000000000000	0.0000000000000
2.7520000934601	0.44557714462280	-0.84794652462006	73.000000000000	0.0000000000000
2.7560000419617	0.44448015093803	-0.84858787059784	73.000000000000	0.0000000000000
2.7599999904633	0.44338259100914	-0.84922838211060	73.000000000000	0.0000000000000
2.7639999389648	0.44228434562683	-0.84986799955368	73.000000000000	0.0000000000000
2.7679998874664	0.44118523597717	-0.85050672292709	73.000000000000	0.0000000000000
2.7720000743866	0.44008505344391	-0.85114479064941	73.000000000000	0.0000000000000
2.7760000228882	0.43898394703865	-0.85178190469742	73.000000000000	0.0000000000000
2.7799999713898	0.43788164854050	-0.85241806507111	73.000000000000	0.0000000000000
2.7839999198914	0.43677839636803	-0.85305327177048	73.000000000000	0.0000000000000
2.7880001068115	0.43567392230034	-0.85368746519089	73.000000000000	0.0000000000000
2.7920000553131	0.43456777930260	-0.85432064533234	73.000000000000	0.0000000000000
2.7960000038147	0.43346035480499	-0.85495263338089	73.000000000000	0.0000000000000
2.7999999523163	0.43235185742378	-0.85558360815048	73.000000000000	0.0000000000000
2.8039999008179	0.43124157190323	-0.85621327161789	73.000000000000	0.0000000000000
2.8080000877380	0.43012946844101	-0.85684162378311	73.000000000000	0.0000000000000
2.8120000362396	0.42901614308357	-0.85746866464615	73.000000000000	0.0000000000000
2.8159999847412	0.42790099978447	-0.85809439420700	73.000000000000	0.0000000000000
2.8199999332428	0.42678415775299	-0.85871851444244	73.000000000000	0.0000000000000
2.8239998817444	0.42566576600075	-0.85934114456177	73.000000000000	0.0000000000000
2.8280000686646	0.42454549670219	-0.85996216535568	73.000000000000	0.0000000000000
2.8320000171661	0.42342314124107	-0.86058145761490	73.000000000000	0.0000000000000
2.8359999656677	0.42229920625687	-0.86119890213013	73.000000000000	0.0000000000000
2.8399999141693	0.42117339372635	-0.86181449890137	73.000000000000	0.0000000000000
2.8440001010895	0.42004552483559	-0.86242818832397	73.000000000000	0.0000000000000
2.8480000495911	0.41891610622406	-0.86303979158401	73.000000000000	0.0000000000000
2.8519999980927	0.41778457164764	-0.86364930868149	73.000000000000	0.0000000000000
2.8559999465942	0.41665127873421	-0.86425656080246	73.000000000000	0.0000000000000
2.8599998950958	0.41551616787910	-0.86486160755157	73.000000000000	0.0000000000000
2.8640000820160	0.41437885165215	-0.86546427011490	73.000000000000	0.0000000000000
2.8680000305176	0.41324010491371	-0.86606448888779	73.000000000000	0.0000000000000
2.8719999790192	0.41209924221039	-0.86666202545166	73.000000000000	0.0000000000000
2.8759999275208	0.41095653176308	-0.86725699901581	73.000000000000	0.0000000000000
2.8800001144409	0.40981212258339	-0.86784929037094	73.000000000000	0.0000000000000
2.8840000629425	0.40866622328758	-0.86843878030777	73.000000000000	0.0000000000000
2.8880000114441	0.40751832723618	-0.86902529001236	73.000000000000	0.0000000000000
2.8919999599457	0.40636873245239	-0.86960899829865	73.000000000000	0.0000000000000
2.8959999084473	0.40521758794785	-0.87018960714340	73.000000000000	0.0000000000000
2.9000000953674	0.40406465530396	-0.87076717615128	73.000000000000	0.0000000000000
2.9040000438690	0.40291038155556	-0.87134164571762	73.000000000000	0.0000000000000
2.9079999923706	0.40175470709801	-0.87191259860992	73.000000000000	0.0000000000000
2.9119999408722	0.40059766173363	-0.87248045206070	73.000000000000	0.0000000000000
2.9159998893738	0.39943903684616	-0.87304496765137	73.000000000000	0.0000000000000
2.9200000762939	0.39827924966812	-0.87360590696335	73.000000000000	0.0000000000000
2.9240000247955	0.39711850881577	-0.87416344881058	73.000000000000	0.0000000000000
2.9279999732971	0.39595636725426	-0.87471747398376	73.000000000000	0.0000000000000
2.9319999217987	0.39479306340218	-0.87526780366898	73.000000000000	0.0000000000000
2.9360001087189	0.39362901449203	-0.87581461668015	73.000000000000	0.0000000000000
2.9400000572205	0.39246425032616	-0.87635773420334	73.000000000000	0.0000000000000
2.9440000057220	0.39129853248596	-0.87689709663391	73.000000000000	0.0000000000000
2.9479999542236	0.39013212919235	-0.87743276357651	73.000000000000	0.0000000000000
2.9519999027252	0.38896504044533	-0.87796467542648	73.000000000000	0.0000000000000
2.9560000896454	0.38779744505882	-0.87849277257919	73.000000000000	0.0000000000000
2.9600000381470	0.38662964105606	-0.87901699542999	73.000000000000	0.0000000000000
2.9639999866486	0.38546139001846	-0.87953752279282	73.000000000000	0.0000000000000
2.9679999351501	0.38429296016693	-0.88005423545837	73.000000000000	0.0000000000000
2.9719998836517	0.38312435150146	-0.88056707382202	73.000000000000	0.0000000000000
2.9760000705719	0.38195556402206	-0.88107609748840	73.000000000000	0.0000000000000
2.9800000190735	0.38078707456589	-0.88158112764359	73.000000000000	0.0000000000000
2.9839999675751	0.37961888313293	-0.88208240270615	73.000000000000	0.0000000000000
2.9879999160767	0.37845066189766	-0.88257992267609	73.000000000000	0.0000000000000
2.9920001029968	0.37728321552277	-0.88307356834412	73.000000000000	0.0000000000000
2.9960000514984	0.37611576914787	-0.88356357812881	73.000000000000	0.0000000000000
3.0000000000000	0.37494876980782	-0.88404995203018	73.000000000000	0.0000000000000
3.0039999485016	0.37378269433975	-0.88453251123428	73.000000000000	0.0000000000000
3.0079998970032	0.37261754274368	-0.88501125574112	73.000000000000	0.0000000000000
3.0120000839233	0.37145292758942	-0.88548666238785	73.000000000000	0.0000000000000
3.0160000324249	0.37028935551643	-0.88595843315125	73.000000000000	0.0000000000000
3.0199999809265	0.36912685632706	-0.88642656803131	73.000000000000	0.0000000000000
3.0239999294281	0.36796540021896	-0.88689136505127	73.000000000000	0.0000000000000
3.0280001163483	0.36680468916893	-0.88735300302505	73.000000000000	0.0000000000000
3.0320000648499	0.36564594507217	-0.88781100511551	73.000000000000	0.0000000000000
3.0360000133514	0.36448842287064	-0.88826560974121	73.000000000000	0.0000000000000
3.0399999618530	0.36333215236664	-0.88871729373932	73.000000000000	0.0000000000000
3.0439999103546	0.36217722296715	-0.88916593790054	73.000000000000	0.0000000000000
3.0480000972748	0.36102357506752	-0.88961154222488	73.000000000000	0.0000000000000
3.0520000457764	0.35987216234207	-0.89005404710770	73.000000000000	0.0000000000000
3.0559999942780	0.35872218012810	-0.89049375057220	73.000000000000	0.0000000000000
3.0599999427795	0.35757365822792	-0.89093083143234	73.000000000000	0.0000000000000
3.0639998912811	0.35642752051353	-0.89136511087418	73.000000000000	0.0000000000000
3.0680000782013	0.35528290271759	-0.89179682731628	73.000000000000	0.0000000000000
3.0720000267029	0.35413944721222	-0.89222633838654	73.000000000000	0.0000000000000
3.0759999752045	0.35299885272980	-0.89265304803848	73.000000000000	0.0000000000000
3.0799999237061	0.35185998678207	-0.89307767152786	73.000000000000	0.0000000000000
3.0840001106262	0.35072278976440	-0.89350014925003	73.000000000000	0.0000000000000
3.0880000591278	0.34958735108376	-0.89392071962357	73.000000000000	0.0000000000000
3.0920000076294	0.34845459461212	-0.89433914422989	73.000000000000	0.0000000000000
3.0959999561310	0.34732317924500	-0.89475589990616	73.000000000000	0.0000000000000
3.0999999046326	0.34619361162186	-0.89517086744308	73.000000000000	0.0000000000000
3.1040000915527	0.34506684541702	-0.89558404684067	73.000000000000	0.0000000000000
3.1080000400543	0.34394153952599	-0.89599579572678	73.000000000000	0.0000000000000
3.1119999885559	0.34281864762306	-0.89640605449677	73.000000000000	0.0000000000000
3.1159999370575	0.34169730544090	-0.89681518077850	73.000000000000	0.0000000000000
3.1199998855591	0.34057801961899	-0.89722305536270	73.000000000000	0.0000000000000
3.1240000724792	0.33946076035500	-0.89762979745865	73.000000000000	0.0000000000000
3.1280000209808	0.33834517002106	-0.89803558588028	73.000000000000	0.0000000000000
3.1319999694824	0.33723172545433	-0.89844048023224	73.000000000000	0.0000000000000
3.1359999179840	0.33611997961998	-0.89884465932846	73.000000000000	0.0000000000000
3.1400001049042	0.33500993251801	-0.89924812316895	73.000000000000	0.0000000000000
3.1440000534058	0.33390167355537	-0.89965093135834	73.000000000000	0.0000000000000
3.1480000019073	0.33279475569725	-0.90005356073380	73.000000000000	0.0000000000000
3.1519999504089	0.33169010281563	-0.90045547485352	73.000000000000	0.0000000000000
3.1559998989105	0.33058634400368	-0.90085721015930	73.000000000000	0.0000000000000
3.1600000858307	0.32948446273804	-0.90125870704651	73.000000000000	0.0000000000000
3.1640000343323	0.32838353514671	-0.90166020393372	73.000000000000	0.0000000000000
3.1679999828339	0.32728403806686	-0.90206164121628	73.000000000000	0.0000000000000
3.1719999313354	0.32618647813797	-0.90246289968491	73.000000000000	0.0000000000000
3.1760001182556	0.32508900761604	-0.90286457538605	73.000000000000	0.0000000000000
3.1800000667572	0.32399302721024	-0.90326642990112	73.000000000000	0.0000000000000
3.1840000152588	0.32289803028107	-0.90366834402084	73.000000000000	0.0000000000000
3.1879999637604	0.32180410623550	-0.90407049655914	73.000000000000	0.0000000000000
3.1919999122620	0.32071080803871	-0.90447312593460	73.000000000000	0.0000000000000
3.1960000991821	0.31961807608604	-0.90487623214722	73.000000000000	0.0000000000000
3.2000000476837	0.31852549314499	-0.90527987480164	73.000000000000	0.0000000000000
3.2039999961853	0.31743401288986	-0.90568393468857	73.000000000000	0.0000000000000
3.2079999446869	0.31634306907654	-0.90608835220337	73.000000000000	0.0000000000000
3.2119998931885	0.31525143980980	-0.90649372339249	73.000000000000	0.0000000000000
3.2160000801086	0.31416082382202	-0.90689939260483	73.000000000000	0.0000000000000
3.2200000286102	0.31306943297386	-0.90730589628220	73.000000000000	0.0000000000000
3.2239999771118	0.31197819113731	-0.90771293640137	73.000000000000	0.0000000000000
3.2279999256134	0.31088662147522	-0.90812069177628	73.000000000000	0.0000000000000
3.2320001125336	0.30979514122009	-0.90852892398834	73.000000000000	0.0000000000000
3.2360000610352	0.30870237946510	-0.90893810987473	73.000000000000	0.0000000000000
3.2400000095367	0.30760973691940	-0.90934765338898	73.000000000000	0.0000000000000
3.2439999580383	0.30651575326920	-0.90975791215897	73.000000000000	0.0000000000000
3.2479999065399	0.30542096495628	-0.91016906499863	73.000000000000	0.0000000000000
3.2520000934601	0.30432572960854	-0.91058045625687	73.000000000000	0.0000000000000
3.2560000419617	0.30322915315628	-0.91099256277084	73.000000000000	0.0000000000000
3.2599999904633	0.30213117599487	-0.91140514612198	73.000000000000	0.0000000000000
3.2639999389648	0.30103182792664	-0.91181838512421	73.000000000000	0.0000000000000
3.2679998874664	0.29993104934692	-0.91223198175430	73.000000000000	0.0000000000000
3.2720000743866	0.29882881045341	-0.91264599561691	73.000000000000	0.0000000000000
3.2760000228882	0.29772552847862	-0.91306006908417	73.000000000000	0.0000000000000
3.2799999713898	0.29661983251572	-0.91347455978394	73.000000000000	0.0000000000000
3.2839999198914	0.29551216959953	-0.91388940811157	73.000000000000	0.0000000000000
3.2880001068115	0.29440245032310	-0.91430425643921	73.000000000000	0.0000000000000
3.2920000553131	0.29329118132591	-0.91471916437149	73.000000000000	0.0000000000000
3.2960000038147	0.29217734932899	-0.91513413190842	73.000000000000	0.0000000000000
3.2999999523163	0.29106140136719	-0.91554886102676	73.000000000000	0.0000000000000
3.3039999008179	0.28994286060333	-0.91596341133118	73.000000000000	0.0000000000000
3.3080000877380	0.28882214426994	-0.91637766361237	73.000000000000	0.0000000000000
3.3120000362396	0.28769874572754	-0.91679149866104	73.000000000000	0.0000000000000
3.3159999847412	0.28657305240631	-0.91720473766327	73.000000000000	0.0000000000000
3.3199999332428	0.28544464707375	-0.91761738061905	73.000000000000	0.0000000000000
3.3239998817444	0.28431305289268	-0.91802942752838	73.000000000000	0.0000000000000
3.3280000686646	0.28317859768867	-0.91844058036804	73.000000000000	0.0000000000000
3.3320000171661	0.28204175829887	-0.91885077953339	73.000000000000	0.0000000000000
3.3359999656677	0.28090205788612	-0.91925978660583	73.000000000000	0.0000000000000
3.3399999141693	0.27975896000862	-0.91966760158539	73.000000000000	0.0000000000000
3.3440001010895	0.27861288189888	-0.92007416486740	73.000000000000	0.0000000000000
3.3480000495911	0.27746430039406	-0.92047911882401	73.000000000000	0.0000000000000
3.3519999980927	0.27631223201752	-0.92088264226913	73.000000000000	0.0000000000000
3.3559999465942	0.27515757083893	-0.92128431797028	73.000000000000	0.0000000000000
3.3599998950958	0.27399894595146	-0.92168432474136	73.000000000000	0.0000000000000
3.3640000820160	0.27283802628517	-0.92208200693130	73.000000000000	0.0000000000000
3.3680000305176	0.27167353034019	-0.92247778177261	73.000000000000	0.0000000000000
3.3719999790192	0.27050590515137	-0.92287123203278	73.000000000000	0.0000000000000
3.3759999275208	0.26933503150940	-0.92326247692108	73.000000000000	0.0000000000000
3.3800001144409	0.26816135644913	-0.92365097999573	73.000000000000	0.0000000000000
3.3840000629425	0.26698437333107	-0.92403680086136	73.000000000000	0.0000000000000
3.3880000114441	0.26580438017845	-0.92441987991333	73.000000000000	0.0000000000000
3.3919999599457	0.26462149620056	-0.92480009794235	73.000000000000	0.0000000000000
3.3959999084473	0.26343545317650	-0.92517703771591	73.000000000000	0.0000000000000
3.4000000953674	0.26224654912949	-0.92555093765259	73.000000000000	0.0000000000000
3.4040000438690	0.26105466485023	-0.92592149972916	73.000000000000	0.0000000000000
3.4079999923706	0.25985985994339	-0.92628854513168	73.000000000000	0.0000000000000
3.4119999408722	0.25866249203682	-0.92665201425552	73.000000000000	0.0000000000000
3.4159998893738	0.25746214389801	-0.92701178789139	73.000000000000	0.0000000000000
3.4200000762939	0.25625923275948	-0.92736780643463	73.000000000000	0.0000000000000
3.4240000247955	0.25505396723747	-0.92771977186203	73.000000000000	0.0000000000000
3.4279999732971	0.25384613871574	-0.92806780338287	73.000000000000	0.0000000000000
3.4319999217987	0.25263547897339	-0.92841148376465	73.000000000000	0.0000000000000
3.4360001087189	0.25142267346382	-0.92875105142593	73.000000000000	0.0000000000000
3.4400000572205	0.25020769238472	-0.92908620834351	73.000000000000	0.0000000000000
3.4440000057220	0.24899075925350	-0.92941683530807	73.000000000000	0.0000000000000
3.4479999542236	0.24777165055275	-0.92974299192429	73.000000000000	0.0000000000000
3.4519999027252	0.24655038118362	-0.93006438016891	73.000000000000	0.0000000000000
3.4560000896454	0.24532739818096	-0.93038105964661	73.000000000000	0.0000000000000
3.4600000381470	0.24410291016102	-0.93069297075272	73.000000000000	0.0000000000000
3.4639999866486	0.24287666380405	-0.93099987506866	73.000000000000	0.0000000000000
3.4679999351501	0.24164897203445	-0.93130189180374	73.000000000000	0.0000000000000
3.4719998836517	0.24041999876499	-0.93159884214401	73.000000000000	0.0000000000000
3.4760000705719	0.23918977379799	-0.93189054727554	73.000000000000	0.0000000000000
3.4800000190735	0.23795831203461	-0.93217736482620	73.000000000000	0.0000000000000
3.4839999675751	0.23672629892826	-0.93245887756348	73.000000000000	0.0000000000000
3.4879999160767	0.23549304902554	-0.93273520469666	73.000000000000	0.0000000000000
3.4920001029968	0.23425950109959	-0.93300616741180	73.000000000000	0.0000000000000
3.4960000514984	0.23302519321442	-0.93327182531357	73.000000000000	0.0000000000000
3.5000000000000	0.23179043829441	-0.93353223800659	73.000000000000	0.0000000000000
3.5039999485016	0.23055538535118	-0.93378728628159	73.000000000000	0.0000000000000
3.5079998970032	0.22932033240795	-0.93403691053391	73.000000000000	0.0000000000000
3.5120000839233	0.22808530926704	-0.93428117036819	73.000000000000	0.0000000000000
3.5160000324249	0.22685050964355	-0.93452006578445	73.000000000000	0.0000000000000
3.5199999809265	0.22561581432819	-0.93475371599197	73.000000000000	0.0000000000000
3.5239999294281	0.22438161075115	-0.93498194217682	73.000000000000	0.0000000000000
3.5280001163483	0.22314797341824	-0.93520486354828	73.000000000000	0.0000000000000
3.5320000648499	0.22191515564919	-0.93542242050171	73.000000000000	0.0000000000000
3.5360000133514	0.22068291902542	-0.93563467264175	73.000000000000	0.0000000000000
3.5399999618530	0.21945179998875	-0.93584179878235	73.000000000000	0.0000000000000
3.5439999103546	0.21822200715542	-0.93604373931885	73.000000000000	0.0000000000000
3.5480000972748	0.21699315309525	-0.93624055385590	73.000000000000	0.0000000000000
3.5520000457764	0.21576569974422	-0.93643224239349	73.000000000000	0.0000000000000
3.5559999942780	0.21453966200352	-0.93661880493164	73.000000000000	0.0000000000000
3.5599999427795	0.21331556141376	-0.93680053949356	73.000000000000	0.0000000000000
3.5639998912811	0.21209296584129	-0.93697738647461	73.000000000000	0.0000000000000
3.5680000782013	0.21087211370468	-0.93714922666550	73.000000000000	0.0000000000000
3.5720000267029	0.20965327322483	-0.93731647729874	73.000000000000	0.0000000000000
3.5759999752045	0.20843669772148	-0.93747901916504	73.000000000000	0.0000000000000
3.5799999237061	0.20722199976444	-0.93763697147369	73.000000000000	0.0000000000000
3.5840001106262	0.20600962638855	-0.93779051303864	73.000000000000	0.0000000000000
3.5880000591278	0.20479962229729	-0.93793958425522	73.000000000000	0.0000000000000
3.5920000076294	0.20359203219414	-0.93808436393738	73.000000000000	0.0000000000000
3.5959999561310	0.20238691568375	-0.93822509050369	73.000000000000	0.0000000000000
3.5999999046326	0.20118445158005	-0.93836176395416	73.000000000000	0.0000000000000
3.6040000915527	0.19998450577259	-0.93849426507950	73.000000000000	0.0000000000000
3.6080000400543	0.19878755509853	-0.93862307071686	73.000000000000	0.0000000000000
3.6119999885559	0.19759340584278	-0.93874806165695	73.000000000000	0.0000000000000
3.6159999370575	0.19640184938908	-0.93886959552765	73.000000000000	0.0000000000000
3.6199998855591	0.19521316885948	-0.93898743391037	73.000000000000	0.0000000000000
3.6240000724792	0.19402760267258	-0.93910211324692	73.000000000000	0.0000000000000
3.6280000209808	0.19284497201443	-0.93921339511871	73.000000000000	0.0000000000000
3.6319999694824	0.19166527688503	-0.93932157754898	73.000000000000	0.0000000000000
3.6359999179840	0.19048857688904	-0.93942677974701	73.000000000000	0.0000000000000
3.6400001049042	0.18931511044502	-0.93952912092209	73.000000000000	0.0000000000000
3.6440000534058	0.18814466893673	-0.93962866067886	73.000000000000	0.0000000000000
3.6480000019073	0.18697731196880	-0.93972557783127	73.000000000000	0.0000000000000
3.6519999504089	0.18581305444241	-0.93982011079788	73.000000000000	0.0000000000000
3.6559998989105	0.18465191125870	-0.93991219997406	73.000000000000	0.0000000000000
3.6600000858307	0.18349345028400	-0.94000196456909	73.000000000000	0.0000000000000
3.6640000343323	0.18233840167522	-0.94008976221085	73.000000000000	0.0000000000000
3.6679999828339	0.18118631839752	-0.94017553329468	73.000000000000	0.0000000000000
3.6719999313354	0.18003721535206	-0.94025939702988	73.000000000000	0.0000000000000
3.6760001182556	0.17889113724232	-0.94034153223038	73.000000000000	0.0000000000000
3.6800000667572	0.17774783074856	-0.94042187929153	73.000000000000	0.0000000000000
3.6840000152588	0.17660735547543	-0.94050073623657	73.000000000000	0.0000000000000
3.6879999637604	0.17546996474266	-0.94057828187943	73.000000000000	0.0000000000000
3.6919999122620	0.17433521151543	-0.94065445661545	73.000000000000	0.0000000000000
3.6960000991821	0.17320306599140	-0.94072937965393	73.000000000000	0.0000000000000
3.7000000476837	0.17207361757755	-0.94080328941345	73.000000000000	0.0000000000000
3.7039999961853	0.17094683647156	-0.94087612628937	73.000000000000	0.0000000000000
3.7079999446869	0.16982251405716	-0.94094818830490	73.000000000000	0.0000000000000
3.7119998931885	0.16870041191578	-0.94101917743683	73.000000000000	0.0000000000000
3.7160000801086	0.16758082807064	-0.94108957052231	73.000000000000	0.0000000000000
3.7200000286102	0.16646347939968	-0.94115924835205	73.000000000000	0.0000000000000
3.7239999771118	0.16534820199013	-0.94122833013535	73.000000000000	0.0000000000000
3.7279999256134	0.16423517465591	-0.94129687547684	73.000000000000	0.0000000000000
3.7320001125336	0.16312378644943	-0.94136506319046	73.000000000000	0.0000000000000
3.7360000610352	0.16201443970203	-0.94143271446228	73.000000000000	0.0000000000000
3.7400000095367	0.16090670228004	-0.94150000810623	73.000000000000	0.0000000000000
3.7439999580383	0.15980058908463	-0.94156700372696	73.000000000000	0.0000000000000
3.7479999065399	0.15869611501694	-0.94163388013840	73.000000000000	0.0000000000000
3.7520000934601	0.15759275853634	-0.94170039892197	73.000000000000	0.0000000000000
3.7560000419617	0.15649104118347	-0.94176673889160	73.000000000000	0.0000000000000
3.7599999904633	0.15539050102234	-0.94183290004730	73.000000000000	0.0000000000000
3.7639999389648	0.15429064631462	-0.94189894199371	73.000000000000	0.0000000000000
3.7679998874664	0.15319220721722	-0.94196480512619	73.000000000000	0.0000000000000
3.7720000743866	0.15209442377090	-0.94203048944473	73.000000000000	0.0000000000000
3.7760000228882	0.15099713206291	-0.94209605455399	73.000000000000	0.0000000000000
3.7799999713898	0.14990074932575	-0.94216150045395	73.000000000000	0.0000000000000
3.7839999198914	0.14880459010601	-0.94222676753998	73.000000000000	0.0000000000000
3.7880001068115	0.14770887792110	-0.94229173660278	73.000000000000	0.0000000000000
3.7920000553131	0.14661338925362	-0.94235670566559	73.000000000000	0.0000000000000
3.7960000038147	0.14551809430122	-0.94242113828659	73.000000000000	0.0000000000000
3.7999999523163	0.14442297816277	-0.94248551130295	73.000000000000	0.0000000000000
3.8039999008179	0.14332760870457	-0.94254946708679	73.000000000000	0.0000000000000
3.8080000877380	0.14223194122314	-0.94261306524277	73.000000000000	0.0000000000000
3.8120000362396	0.14113599061966	-0.94267612695694	73.000000000000	0.0000000000000
3.8159999847412	0.14003974199295	-0.94273877143860	73.000000000000	0.0000000000000
3.8199999332428	0.13894271850586	-0.94280093908310	73.000000000000	0.0000000000000
3.8239998817444	0.13784535229206	-0.94286227226257	73.000000000000	0.0000000000000
3.8280000686646	0.13674722611904	-0.94292300939560	73.000000000000	0.0000000000000
3.8320000171661	0.13564825057983	-0.94298273324966	73.000000000000	0.0000000000000
3.8359999656677	0.13454847037792	-0.94304180145264	73.000000000000	0.0000000000000
3.8399999141693	0.13344787061214	-0.94309967756271	73.000000000000	0.0000000000000
3.8440001010895	0.13234594464302	-0.94315654039383	73.000000000000	0.0000000000000
3.8480000495911	0.13124316930771	-0.94321227073669	73.000000000000	0.0000000000000
3.8519999980927	0.13013906776905	-0.94326657056808	73.000000000000	0.0000000000000
3.8559999465942	0.12903384864330	-0.94331949949265	73.000000000000	0.0000000000000
3.8599998950958	0.12792728841305	-0.94337093830109	73.000000000000	0.0000000000000
3.8640000820160	0.12681934237480	-0.94342070817947	73.000000000000	0.0000000000000
3.8680000305176	0.12571004033089	-0.94346874952316	73.000000000000	0.0000000000000
3.8719999790192	0.12459954619408	-0.94351476430893	73.000000000000	0.0000000000000
3.8759999275208	0.12348721921444	-0.94355881214142	73.000000000000	0.0000000000000
3.8800001144409	0.12237345427275	-0.94360083341599	73.000000000000	0.0000000000000
3.8840000629425	0.12125849723816	-0.94364053010941	73.000000000000	0.0000000000000
3.8880000114441	0.12014209479094	-0.94367766380310	73.000000000000	0.0000000000000
3.8919999599457	0.11902381479740	-0.94371235370636	73.000000000000	0.0000000000000
3.8959999084473	0.11790428310633	-0.94374436140060	73.000000000000	0.0000000000000
3.9000000953674	0.11678306758404	-0.94377350807190	73.000000000000	0.0000000000000
3.9040000438690	0.11566060036421	-0.94379979372025	73.000000000000	0.0000000000000
3.9079999923706	0.11453643441200	-0.94382297992706	73.000000000000	0.0000000000000
3.9119999408722	0.11341075599194	-0.94384282827377	73.000000000000	0.0000000000000
3.9159998893738	0.11228404939175	-0.94385939836502	73.000000000000	0.0000000000000
3.9200000762939	0.11115584522486	-0.94387257099152	73.000000000000	0.0000000000000
3.9240000247955	0.11002612113953	-0.94388192892075	73.000000000000	0.0000000000000
3.9279999732971	0.10889534652233	-0.94388765096664	73.000000000000	0.0000000000000
3.9319999217987	0.10776328295469	-0.94388949871063	73.000000000000	0.0000000000000
3.9360001087189	0.10662993043661	-0.94388735294342	73.000000000000	0.0000000000000
3.9400000572205	0.10549550503492	-0.94388085603714	73.000000000000	0.0000000000000
3.9440000057220	0.10436025261879	-0.94387030601501	73.000000000000	0.0000000000000
3.9479999542236	0.10322415828705	-0.94385540485382	73.000000000000	0.0000000000000
3.9519999027252	0.10208722949028	-0.94383597373962	73.000000000000	0.0000000000000
3.9560000896454	0.10094945132732	-0.94381195306778	73.000000000000	0.0000000000000
3.9600000381470	0.099811293184757	-0.94378310441971	73.000000000000	0.0000000000000
3.9639999866486	0.098672538995743	-0.94374948740005	73.000000000000	0.0000000000000
3.9679999351501	0.097533188760281	-0.94371104240417	73.000000000000	0.0000000000000
3.9719998836517	0.096393689513206	-0.94366747140884	73.000000000000	0.0000000000000
3.9760000705719	0.095254056155682	-0.94361883401871	73.000000000000	0.0000000000000
3.9800000190735	0.094114303588867	-0.94356501102448	73.000000000000	0.0000000000000
3.9839999675751	0.092974878847599	-0.94350600242615	73.000000000000	0.0000000000000
3.9879999160767	0.091835342347622	-0.94344156980515	73.000000000000	0.0000000000000
3.9920001029968	0.090696617960930	-0.94337171316147	73.000000000000	0.0000000000000
3.9960000514984	0.089558243751526	-0.94329637289047	73.000000000000	0.0000000000000
4.0000000000000	0.088420242071152	-0.94321560859680	73.000000000000	0.0000000000000
