#Parameters = {D=80; L=50}
#"Frequency / GHz"	"S1,1 [Re]"	"S1,1 [Im]"	"Ref.Imp. [Re]"	"Ref.Imp. [Im]"
#-------------------------------------------------------------------------
0.0000000000000	0.99978011846542	-0.0000000000000	73.000000000000	0.0000000000000
0.0040000001899898	0.99977862834930	-0.0017928325105458	73.000000000000	0.0000000000000
0.0080000003799796	0.99977403879166	-0.0035856671165675	73.000000000000	0.0000000000000
0.012000000104308	0.99976652860641	-0.0053785070776939	73.000000000000	0.0000000000000
0.016000000759959	0.99975591897964	-0.0071713533252478	73.000000000000	0.0000000000000
0.019999999552965	0.99974232912064	-0.0089642107486725	73.000000000000	0.0000000000000
0.024000000208616	0.99972569942474	-0.010757076554000	73.000000000000	0.0000000000000
0.028000000864267	0.99970608949661	-0.012549959123135	73.000000000000	0.0000000000000
0.032000001519918	0.99968332052231	-0.014342855662107	73.000000000000	0.0000000000000
0.035999998450279	0.99965775012970	-0.016135772690177	73.000000000000	0.0000000000000
0.039999999105930	0.99962902069092	-0.017928706482053	73.000000000000	0.0000000000000
0.043999999761581	0.99959725141525	-0.019721662625670	73.000000000000	0.0000000000000
0.048000000417233	0.99956244230270	-0.021514639258385	73.000000000000	0.0000000000000
0.052000001072884	0.99952459335327	-0.023307641968131	73.000000000000	0.0000000000000
0.056000001728535	0.99948364496231	-0.025100672617555	73.000000000000	0.0000000000000
0.059999998658895	0.99943959712982	-0.026893725618720	73.000000000000	0.0000000000000
0.064000003039837	0.99939262866974	-0.028686808422208	73.000000000000	0.0000000000000
0.068000003695488	0.99934256076813	-0.030479913577437	73.000000000000	0.0000000000000
0.071999996900558	0.99928939342499	-0.032273054122925	73.000000000000	0.0000000000000
0.075999997556210	0.99923318624496	-0.034066211432219	73.000000000000	0.0000000000000
0.079999998211861	0.99917387962341	-0.035859405994415	73.000000000000	0.0000000000000
0.083999998867512	0.99911141395569	-0.037652626633644	73.000000000000	0.0000000000000
0.087999999523163	0.99904590845108	-0.039445865899324	73.000000000000	0.0000000000000
0.092000000178814	0.99897724390030	-0.041239131242037	73.000000000000	0.0000000000000
0.096000000834465	0.99890559911728	-0.043032422661781	73.000000000000	0.0000000000000
0.10000000149012	0.99883073568344	-0.044825732707977	73.000000000000	0.0000000000000
0.10400000214577	0.99875271320343	-0.046619065105915	73.000000000000	0.0000000000000
0.10800000280142	0.99867159128189	-0.048412416130304	73.000000000000	0.0000000000000
0.11200000345707	0.99858736991882	-0.050205778330564	73.000000000000	0.0000000000000
0.11599999666214	0.99849992990494	-0.051999151706696	73.000000000000	0.0000000000000
0.11999999731779	0.99840939044952	-0.053792532533407	73.000000000000	0.0000000000000
0.12399999797344	0.99831575155258	-0.055585917085409	73.000000000000	0.0000000000000
0.12800000607967	0.99821883440018	-0.057379297912121	73.000000000000	0.0000000000000
0.13199999928474	0.99811869859695	-0.059172671288252	73.000000000000	0.0000000000000
0.13600000739098	0.99801540374756	-0.060966040939093	73.000000000000	0.0000000000000
0.14000000059605	0.99790889024734	-0.062759391963482	73.000000000000	0.0000000000000
0.14399999380112	0.99779921770096	-0.064552716910839	73.000000000000	0.0000000000000
0.14800000190735	0.99768632650375	-0.066346019506454	73.000000000000	0.0000000000000
0.15199999511242	0.99757015705109	-0.068139284849167	73.000000000000	0.0000000000000
0.15600000321865	0.99745070934296	-0.069932498037815	73.000000000000	0.0000000000000
0.15999999642372	0.99732816219330	-0.071725673973560	73.000000000000	0.0000000000000
0.16400000452995	0.99720227718353	-0.073518790304661	73.000000000000	0.0000000000000
0.16799999773502	0.99707305431366	-0.075311847031116	73.000000000000	0.0000000000000
0.17200000584126	0.99694061279297	-0.077104814350605	73.000000000000	0.0000000000000
0.17599999904633	0.99680483341217	-0.078897699713707	73.000000000000	0.0000000000000
0.18000000715256	0.99666583538055	-0.080690510571003	73.000000000000	0.0000000000000
0.18400000035763	0.99652349948883	-0.082483209669590	73.000000000000	0.0000000000000
0.18799999356270	0.99637794494629	-0.084275789558887	73.000000000000	0.0000000000000
0.19200000166893	0.99622893333435	-0.086068242788315	73.000000000000	0.0000000000000
0.19599999487400	0.99607670307159	-0.087860576808453	73.000000000000	0.0000000000000
0.20000000298023	0.99592107534409	-0.089652746915817	73.000000000000	0.0000000000000
0.20399999618530	0.99576210975647	-0.091444768011570	73.000000000000	0.0000000000000
0.20800000429153	0.99559980630875	-0.093236625194550	73.000000000000	0.0000000000000
0.21199999749660	0.99543410539627	-0.095028303563595	73.000000000000	0.0000000000000
0.21600000560284	0.99526518583298	-0.096819773316383	73.000000000000	0.0000000000000
0.21999999880791	0.99509280920029	-0.098611041903496	73.000000000000	0.0000000000000
0.22400000691414	0.99491709470749	-0.10040209442377	73.000000000000	0.0000000000000
0.22800000011921	0.99473798274994	-0.10219290852547	73.000000000000	0.0000000000000
0.23199999332428	0.99455547332764	-0.10398348420858	73.000000000000	0.0000000000000
0.23600000143051	0.99436962604523	-0.10577378422022	73.000000000000	0.0000000000000
0.23999999463558	0.99418032169342	-0.10756381601095	73.000000000000	0.0000000000000
0.24400000274181	0.99398756027222	-0.10935354232788	73.000000000000	0.0000000000000
0.24799999594688	0.99379140138626	-0.11114297062159	73.000000000000	0.0000000000000
0.25200000405312	0.99359184503555	-0.11293207854033	73.000000000000	0.0000000000000
0.25600001215935	0.99338895082474	-0.11472084373236	73.000000000000	0.0000000000000
0.25999999046326	0.99318259954453	-0.11650925874710	73.000000000000	0.0000000000000
0.26399999856949	0.99297279119492	-0.11829730868340	73.000000000000	0.0000000000000
0.26800000667572	0.99275958538055	-0.12008497118950	73.000000000000	0.0000000000000
0.27200001478195	0.99254298210144	-0.12187223881483	73.000000000000	0.0000000000000
0.27599999308586	0.99232292175293	-0.12365907430649	73.000000000000	0.0000000000000
0.28000000119209	0.99209946393967	-0.12544550001621	73.000000000000	0.0000000000000
0.28400000929832	0.99187248945236	-0.12723144888878	73.000000000000	0.0000000000000
0.28799998760223	0.99164223670959	-0.12901695072651	73.000000000000	0.0000000000000
0.29199999570847	0.99140846729279	-0.13080197572708	73.000000000000	0.0000000000000
0.29600000381470	0.99117130041122	-0.13258647918701	73.000000000000	0.0000000000000
0.30000001192093	0.99093067646027	-0.13437049090862	73.000000000000	0.0000000000000
0.30399999022484	0.99068671464920	-0.13615396618843	73.000000000000	0.0000000000000
0.30799999833107	0.99043917655945	-0.13793687522411	73.000000000000	0.0000000000000
0.31200000643730	0.99018824100494	-0.13971923291683	73.000000000000	0.0000000000000
0.31600001454353	0.98993402719498	-0.14150103926659	73.000000000000	0.0000000000000
0.31999999284744	0.98967617750168	-0.14328218996525	73.000000000000	0.0000000000000
0.32400000095367	0.98941510915756	-0.14506274461746	73.000000000000	0.0000000000000
0.32800000905991	0.98915058374405	-0.14684268832207	73.000000000000	0.0000000000000
0.33199998736382	0.98888260126114	-0.14862196147442	73.000000000000	0.0000000000000
0.33599999547005	0.98861128091812	-0.15040060877800	73.000000000000	0.0000000000000
0.34000000357628	0.98833650350571	-0.15217854082584	73.000000000000	0.0000000000000
0.34400001168251	0.98805832862854	-0.15395577251911	73.000000000000	0.0000000000000
0.34799998998642	0.98777681589127	-0.15573231875896	73.000000000000	0.0000000000000
0.35199999809265	0.98749178647995	-0.15750813484192	73.000000000000	0.0000000000000
0.35600000619888	0.98720347881317	-0.15928320586681	73.000000000000	0.0000000000000
0.36000001430511	0.98691189289093	-0.16105753183365	73.000000000000	0.0000000000000
0.36399999260902	0.98661696910858	-0.16283108294010	73.000000000000	0.0000000000000
0.36800000071526	0.98631864786148	-0.16460385918617	73.000000000000	0.0000000000000
0.37200000882149	0.98601686954498	-0.16637583076954	73.000000000000	0.0000000000000
0.37599998712540	0.98571181297302	-0.16814696788788	73.000000000000	0.0000000000000
0.37999999523163	0.98540347814560	-0.16991730034351	73.000000000000	0.0000000000000
0.38400000333786	0.98509192466736	-0.17168682813644	73.000000000000	0.0000000000000
0.38800001144409	0.98477697372437	-0.17345547676086	73.000000000000	0.0000000000000
0.39199998974800	0.98445868492126	-0.17522327601910	73.000000000000	0.0000000000000
0.39599999785423	0.98413711786270	-0.17699018120766	73.000000000000	0.0000000000000
0.40000000596046	0.98381233215332	-0.17875620722771	73.000000000000	0.0000000000000
0.40400001406670	0.98348426818848	-0.18052133917809	73.000000000000	0.0000000000000
0.40799999237061	0.98315298557281	-0.18228556215763	73.000000000000	0.0000000000000
0.41200000047684	0.98281836509705	-0.18404886126518	73.000000000000	0.0000000000000
0.41600000858307	0.98248058557510	-0.18581126630306	73.000000000000	0.0000000000000
0.41999998688698	0.98213958740234	-0.18757271766663	73.000000000000	0.0000000000000
0.42399999499321	0.98179537057877	-0.18933321535587	73.000000000000	0.0000000000000
0.42800000309944	0.98144799470901	-0.19109277427197	73.000000000000	0.0000000000000
0.43200001120567	0.98109734058380	-0.19285136461258	73.000000000000	0.0000000000000
0.43599998950958	0.98074346780777	-0.19460897147655	73.000000000000	0.0000000000000
0.43999999761581	0.98038661479950	-0.19636560976505	73.000000000000	0.0000000000000
0.44400000572205	0.98002654314041	-0.19812127947807	73.000000000000	0.0000000000000
0.44800001382828	0.97966331243515	-0.19987596571445	73.000000000000	0.0000000000000
0.45199999213219	0.97929704189301	-0.20162966847420	73.000000000000	0.0000000000000
0.45600000023842	0.97892749309540	-0.20338232815266	73.000000000000	0.0000000000000
0.46000000834465	0.97855490446091	-0.20513403415680	73.000000000000	0.0000000000000
0.46399998664856	0.97817927598953	-0.20688468217850	73.000000000000	0.0000000000000
0.46799999475479	0.97780060768127	-0.20863434672356	73.000000000000	0.0000000000000
0.47200000286102	0.97741889953613	-0.21038301289082	73.000000000000	0.0000000000000
0.47600001096725	0.97703397274017	-0.21213062107563	73.000000000000	0.0000000000000
0.47999998927116	0.97664612531662	-0.21387724578381	73.000000000000	0.0000000000000
0.48399999737740	0.97625511884689	-0.21562282741070	73.000000000000	0.0000000000000
0.48800000548363	0.97586125135422	-0.21736739575863	73.000000000000	0.0000000000000
0.49200001358986	0.97546428442001	-0.21911095082760	73.000000000000	0.0000000000000
0.49599999189377	0.97506445646286	-0.22085347771645	73.000000000000	0.0000000000000
0.50000000000000	0.97466146945953	-0.22259496152401	73.000000000000	0.0000000000000
0.50400000810623	0.97425550222397	-0.22433543205261	73.000000000000	0.0000000000000
0.50800001621246	0.97384661436081	-0.22607490420341	73.000000000000	0.0000000000000
0.51200002431870	0.97343486547470	-0.22781331837177	73.000000000000	0.0000000000000
0.51599997282028	0.97302007675171	-0.22955073416233	73.000000000000	0.0000000000000
0.51999998092651	0.97260236740112	-0.23128715157509	73.000000000000	0.0000000000000
0.52399998903275	0.97218173742294	-0.23302255570889	73.000000000000	0.0000000000000
0.52799999713898	0.97175824642181	-0.23475694656372	73.000000000000	0.0000000000000
0.53200000524521	0.97133165597916	-0.23649029433727	73.000000000000	0.0000000000000
0.53600001335144	0.97090238332748	-0.23822264373302	73.000000000000	0.0000000000000
0.54000002145767	0.97047007083893	-0.23995399475098	73.000000000000	0.0000000000000
0.54400002956390	0.97003483772278	-0.24168436229229	73.000000000000	0.0000000000000
0.54799997806549	0.96959680318832	-0.24341374635696	73.000000000000	0.0000000000000
0.55199998617172	0.96915584802628	-0.24514214694500	73.000000000000	0.0000000000000
0.55599999427795	0.96871191263199	-0.24686951935291	73.000000000000	0.0000000000000
0.56000000238419	0.96826523542404	-0.24859593808651	73.000000000000	0.0000000000000
0.56400001049042	0.96781569719315	-0.25032141804695	73.000000000000	0.0000000000000
0.56800001859665	0.96736323833466	-0.25204592943192	73.000000000000	0.0000000000000
0.57200002670288	0.96690791845322	-0.25376942753792	73.000000000000	0.0000000000000
0.57599997520447	0.96644979715347	-0.25549200177193	73.000000000000	0.0000000000000
0.57999998331070	0.96598875522614	-0.25721362233162	73.000000000000	0.0000000000000
0.58399999141693	0.96552491188049	-0.25893428921700	73.000000000000	0.0000000000000
0.58799999952316	0.96505814790726	-0.26065403223038	73.000000000000	0.0000000000000
0.59200000762939	0.96458864212036	-0.26237285137177	73.000000000000	0.0000000000000
0.59600001573563	0.96411621570587	-0.26409071683884	73.000000000000	0.0000000000000
0.60000002384186	0.96364086866379	-0.26580765843391	73.000000000000	0.0000000000000
0.60399997234344	0.96316277980804	-0.26752376556396	73.000000000000	0.0000000000000
0.60799998044968	0.96268182992935	-0.26923888921738	73.000000000000	0.0000000000000
0.61199998855591	0.96219795942307	-0.27095314860344	73.000000000000	0.0000000000000
0.61599999666214	0.96171128749847	-0.27266651391983	73.000000000000	0.0000000000000
0.62000000476837	0.96122169494629	-0.27437895536423	73.000000000000	0.0000000000000
0.62400001287460	0.96072918176651	-0.27609053254128	73.000000000000	0.0000000000000
0.62800002098083	0.96023392677307	-0.27780124545097	73.000000000000	0.0000000000000
0.63200002908707	0.95973575115204	-0.27951106429100	73.000000000000	0.0000000000000
0.63599997758865	0.95923471450806	-0.28122001886368	73.000000000000	0.0000000000000
0.63999998569489	0.95873081684113	-0.28292813897133	73.000000000000	0.0000000000000
0.64399999380112	0.95822393894196	-0.28463536500931	73.000000000000	0.0000000000000
0.64800000190735	0.95771420001984	-0.28634172677994	73.000000000000	0.0000000000000
0.65200001001358	0.95720160007477	-0.28804728388786	73.000000000000	0.0000000000000
0.65600001811981	0.95668596029282	-0.28975197672844	73.000000000000	0.0000000000000
0.66000002622604	0.95616757869720	-0.29145580530167	73.000000000000	0.0000000000000
0.66399997472763	0.95564609766006	-0.29315879940987	73.000000000000	0.0000000000000
0.66799998283386	0.95512169599533	-0.29486095905304	73.000000000000	0.0000000000000
0.67199999094009	0.95459437370300	-0.29656225442886	73.000000000000	0.0000000000000
0.67599999904633	0.95406413078308	-0.29826280474663	73.000000000000	0.0000000000000
0.68000000715256	0.95353084802628	-0.29996246099472	73.000000000000	0.0000000000000
0.68400001525879	0.95299470424652	-0.30166125297546	73.000000000000	0.0000000000000
0.68800002336502	0.95245540142059	-0.30335921049118	73.000000000000	0.0000000000000
0.69199997186661	0.95191323757172	-0.30505645275116	73.000000000000	0.0000000000000
0.69599997997284	0.95136803388596	-0.30675274133682	73.000000000000	0.0000000000000
0.69999998807907	0.95081967115402	-0.30844822525978	73.000000000000	0.0000000000000
0.70399999618530	0.95026838779449	-0.31014287471771	73.000000000000	0.0000000000000
0.70800000429153	0.94971400499344	-0.31183671951294	73.000000000000	0.0000000000000
0.71200001239777	0.94915658235550	-0.31352964043617	73.000000000000	0.0000000000000
0.71600002050400	0.94859606027603	-0.31522178649902	73.000000000000	0.0000000000000
0.72000002861023	0.94803249835968	-0.31691309809685	73.000000000000	0.0000000000000
0.72399997711182	0.94746583700180	-0.31860348582268	73.000000000000	0.0000000000000
0.72799998521805	0.94689601659775	-0.32029306888580	73.000000000000	0.0000000000000
0.73199999332428	0.94632297754288	-0.32198172807693	73.000000000000	0.0000000000000
0.73600000143051	0.94574683904648	-0.32366955280304	73.000000000000	0.0000000000000
0.74000000953674	0.94516760110855	-0.32535654306412	73.000000000000	0.0000000000000
0.74400001764297	0.94458514451981	-0.32704254984856	73.000000000000	0.0000000000000
0.74800002574921	0.94399958848953	-0.32872772216797	73.000000000000	0.0000000000000
0.75199997425079	0.94341075420380	-0.33041197061539	73.000000000000	0.0000000000000
0.75599998235703	0.94281870126724	-0.33209529519081	73.000000000000	0.0000000000000
0.75999999046326	0.94222342967987	-0.33377769589424	73.000000000000	0.0000000000000
0.76399999856949	0.94162493944168	-0.33545917272568	73.000000000000	0.0000000000000
0.76800000667572	0.94102323055267	-0.33713969588280	73.000000000000	0.0000000000000
0.77200001478195	0.94041824340820	-0.33881926536560	73.000000000000	0.0000000000000
0.77600002288818	0.93980997800827	-0.34049785137177	73.000000000000	0.0000000000000
0.77999997138977	0.93919837474823	-0.34217545390129	73.000000000000	0.0000000000000
0.78399997949600	0.93858349323273	-0.34385201334953	73.000000000000	0.0000000000000
0.78799998760223	0.93796527385712	-0.34552764892578	73.000000000000	0.0000000000000
0.79199999570847	0.93734371662140	-0.34720215201378	73.000000000000	0.0000000000000
0.79600000381470	0.93671894073486	-0.34887570142746	73.000000000000	0.0000000000000
0.80000001192093	0.93609076738358	-0.35054814815521	73.000000000000	0.0000000000000
0.80400002002716	0.93545919656754	-0.35221952199936	73.000000000000	0.0000000000000
0.80800002813339	0.93482422828674	-0.35388982295990	73.000000000000	0.0000000000000
0.81199997663498	0.93418598175049	-0.35555893182755	73.000000000000	0.0000000000000
0.81599998474121	0.93354427814484	-0.35722693800926	73.000000000000	0.0000000000000
0.81999999284744	0.93289923667908	-0.35889381170273	73.000000000000	0.0000000000000
0.82400000095367	0.93225073814392	-0.36055955290794	73.000000000000	0.0000000000000
0.82800000905991	0.93159896135330	-0.36222404241562	73.000000000000	0.0000000000000
0.83200001716614	0.93094360828400	-0.36388733983040	73.000000000000	0.0000000000000
0.83600002527237	0.93028485774994	-0.36554941534996	73.000000000000	0.0000000000000
0.83999997377396	0.92962270975113	-0.36721020936966	73.000000000000	0.0000000000000
0.84399998188019	0.92895728349686	-0.36886981129646	73.000000000000	0.0000000000000
0.84799998998642	0.92828822135925	-0.37052807211876	73.000000000000	0.0000000000000
0.85199999809265	0.92761582136154	-0.37218502163887	73.000000000000	0.0000000000000
0.85600000619888	0.92693996429443	-0.37384065985680	73.000000000000	0.0000000000000
0.86000001430511	0.92626047134399	-0.37549489736557	73.000000000000	0.0000000000000
0.86400002241135	0.92557781934738	-0.37714782357216	73.000000000000	0.0000000000000
0.86799997091293	0.92489159107208	-0.37879925966263	73.000000000000	0.0000000000000
0.87199997901917	0.92420184612274	-0.38044932484627	73.000000000000	0.0000000000000
0.87599998712540	0.92350876331329	-0.38209792971611	73.000000000000	0.0000000000000
0.87999999523163	0.92281216382980	-0.38374513387680	73.000000000000	0.0000000000000
0.88400000333786	0.92211216688156	-0.38539078831673	73.000000000000	0.0000000000000
0.88800001144409	0.92140871286392	-0.38703492283821	73.000000000000	0.0000000000000
0.89200001955032	0.92070174217224	-0.38867753744125	73.000000000000	0.0000000000000
0.89600002765656	0.91999143362045	-0.39031860232353	73.000000000000	0.0000000000000
0.89999997615814	0.91927760839462	-0.39195808768272	73.000000000000	0.0000000000000
0.90399998426437	0.91856038570404	-0.39359602332115	73.000000000000	0.0000000000000
0.90799999237061	0.91783982515335	-0.39523229002953	73.000000000000	0.0000000000000
0.91200000047684	0.91711568832397	-0.39686694741249	73.000000000000	0.0000000000000
0.91600000858307	0.91638827323914	-0.39849990606308	73.000000000000	0.0000000000000
0.92000001668930	0.91565734148026	-0.40013122558594	73.000000000000	0.0000000000000
0.92400002479553	0.91492313146591	-0.40176081657410	73.000000000000	0.0000000000000
0.92799997329712	0.91418546438217	-0.40338867902756	73.000000000000	0.0000000000000
0.93199998140335	0.91344439983368	-0.40501481294632	73.000000000000	0.0000000000000
0.93599998950958	0.91269999742508	-0.40663918852806	73.000000000000	0.0000000000000
0.93999999761581	0.91195237636566	-0.40826177597046	73.000000000000	0.0000000000000
0.94400000572205	0.91120123863220	-0.40988257527351	73.000000000000	0.0000000000000
0.94800001382828	0.91044676303864	-0.41150155663490	73.000000000000	0.0000000000000
0.95200002193451	0.90968906879425	-0.41311877965927	73.000000000000	0.0000000000000
0.95599997043610	0.90892797708511	-0.41473400592804	73.000000000000	0.0000000000000
0.95999997854233	0.90816360712051	-0.41634747385979	73.000000000000	0.0000000000000
0.96399998664856	0.90739589929581	-0.41795906424522	73.000000000000	0.0000000000000
0.96799999475479	0.90662509202957	-0.41956877708435	73.000000000000	0.0000000000000
0.97200000286102	0.90585088729858	-0.42117655277252	73.000000000000	0.0000000000000
0.97600001096725	0.90507346391678	-0.42278242111206	73.000000000000	0.0000000000000
0.98000001907349	0.90429294109344	-0.42438611388206	73.000000000000	0.0000000000000
0.98400002717972	0.90350884199142	-0.42598858475685	73.000000000000	0.0000000000000
0.98799997568130	0.90272182226181	-0.42758852243423	73.000000000000	0.0000000000000
0.99199998378754	0.90193164348602	-0.42918634414673	73.000000000000	0.0000000000000
0.99599999189377	0.90113824605942	-0.43078246712685	73.000000000000	0.0000000000000
1.0000000000000	0.90034186840057	-0.43237602710724	73.000000000000	0.0000000000000
1.0039999485016	0.89954209327698	-0.43396839499474	73.000000000000	0.0000000000000
1.0080000162125	0.89873921871185	-0.43555855751038	73.000000000000	0.0000000000000
1.0119999647141	0.89793318510056	-0.43714708089828	73.000000000000	0.0000000000000
1.0160000324249	0.89712440967560	-0.43873259425163	73.000000000000	0.0000000000000
1.0199999809265	0.89631229639053	-0.44031685590744	73.000000000000	0.0000000000000
1.0240000486374	0.89549708366394	-0.44189891219139	73.000000000000	0.0000000000000
1.0279999971390	0.89467895030975	-0.44347888231277	73.000000000000	0.0000000000000
1.0319999456406	0.89385759830475	-0.44505715370178	73.000000000000	0.0000000000000
1.0360000133514	0.89303344488144	-0.44663283228874	73.000000000000	0.0000000000000
1.0399999618530	0.89220619201660	-0.44820684194565	73.000000000000	0.0000000000000
1.0440000295639	0.89137607812881	-0.44977864623070	73.000000000000	0.0000000000000
1.0479999780655	0.89054298400879	-0.45134833455086	73.000000000000	0.0000000000000
1.0520000457764	0.88970673084259	-0.45291629433632	73.000000000000	0.0000000000000
1.0559999942780	0.88886767625809	-0.45448213815689	73.000000000000	0.0000000000000
1.0599999427795	0.88802552223206	-0.45604625344276	73.000000000000	0.0000000000000
1.0640000104904	0.88718050718307	-0.45760819315910	73.000000000000	0.0000000000000
1.0679999589920	0.88633280992508	-0.45916756987572	73.000000000000	0.0000000000000
1.0720000267029	0.88548189401627	-0.46072566509247	73.000000000000	0.0000000000000
1.0759999752045	0.88462835550308	-0.46228116750717	73.000000000000	0.0000000000000
1.0800000429153	0.88377165794373	-0.46383538842201	73.000000000000	0.0000000000000
1.0839999914169	0.88291233778000	-0.46538701653481	73.000000000000	0.0000000000000
1.0880000591278	0.88205003738403	-0.46693691611290	73.000000000000	0.0000000000000
1.0920000076294	0.88118475675583	-0.46848508715630	73.000000000000	0.0000000000000
1.0959999561310	0.88031685352325	-0.47003060579300	73.000000000000	0.0000000000000
1.1000000238419	0.87944608926773	-0.47157448530197	73.000000000000	0.0000000000000
1.1039999723434	0.87857228517532	-0.47311654686928	73.000000000000	0.0000000000000
1.1080000400543	0.87769556045532	-0.47465687990189	73.000000000000	0.0000000000000
1.1119999885559	0.87681615352631	-0.47619503736496	73.000000000000	0.0000000000000
1.1160000562668	0.87593400478363	-0.47773101925850	73.000000000000	0.0000000000000
1.1200000047684	0.87504875659943	-0.47926568984985	73.000000000000	0.0000000000000
1.1239999532700	0.87416076660156	-0.48079815506935	73.000000000000	0.0000000000000
1.1280000209808	0.87326985597610	-0.48232856392860	73.000000000000	0.0000000000000
1.1319999694824	0.87237626314163	-0.48385730385780	73.000000000000	0.0000000000000
1.1360000371933	0.87147974967957	-0.48538416624069	73.000000000000	0.0000000000000
1.1399999856949	0.87058025598526	-0.48690924048424	73.000000000000	0.0000000000000
1.1440000534058	0.86967808008194	-0.48843249678612	73.000000000000	0.0000000000000
1.1480000019073	0.86877286434174	-0.48995381593704	73.000000000000	0.0000000000000
1.1519999504089	0.86786478757858	-0.49147340655327	73.000000000000	0.0000000000000
1.1560000181198	0.86695379018784	-0.49299117922783	73.000000000000	0.0000000000000
1.1599999666214	0.86603981256485	-0.49450716376305	73.000000000000	0.0000000000000
1.1640000343323	0.86512297391891	-0.49602147936821	73.000000000000	0.0000000000000
1.1679999828339	0.86420315504074	-0.49753388762474	73.000000000000	0.0000000000000
1.1720000505447	0.86328035593033	-0.49904459714890	73.000000000000	0.0000000000000
1.1759999990463	0.86235469579697	-0.50055360794067	73.000000000000	0.0000000000000
1.1799999475479	0.86142581701279	-0.50206077098846	73.000000000000	0.0000000000000
1.1840000152588	0.86049401760101	-0.50356626510620	73.000000000000	0.0000000000000
1.1879999637604	0.85955929756165	-0.50507003068924	73.000000000000	0.0000000000000
1.1920000314713	0.85862129926682	-0.50657206773758	73.000000000000	0.0000000000000
1.1959999799728	0.85768038034439	-0.50807237625122	73.000000000000	0.0000000000000
1.2000000476837	0.85673624277115	-0.50957101583481	73.000000000000	0.0000000000000
1.2039999961853	0.85578888654709	-0.51106786727905	73.000000000000	0.0000000000000
1.2079999446869	0.85483855009079	-0.51256304979324	73.000000000000	0.0000000000000
1.2120000123978	0.85388493537903	-0.51405662298203	73.000000000000	0.0000000000000
1.2159999608994	0.85292798280716	-0.51554840803146	73.000000000000	0.0000000000000
1.2200000286102	0.85196775197983	-0.51703852415085	73.000000000000	0.0000000000000
1.2239999771118	0.85100448131561	-0.51852685213089	73.000000000000	0.0000000000000
1.2280000448227	0.85003757476807	-0.52001351118088	73.000000000000	0.0000000000000
1.2319999933243	0.84906750917435	-0.52149856090546	73.000000000000	0.0000000000000
1.2359999418259	0.84809398651123	-0.52298176288605	73.000000000000	0.0000000000000
1.2400000095367	0.84711712598801	-0.52446323633194	73.000000000000	0.0000000000000
1.2439999580383	0.84613674879074	-0.52594298124313	73.000000000000	0.0000000000000
1.2480000257492	0.84515279531479	-0.52742105722427	73.000000000000	0.0000000000000
1.2519999742508	0.84416520595551	-0.52889722585678	73.000000000000	0.0000000000000
1.2560000419617	0.84317409992218	-0.53037166595459	73.000000000000	0.0000000000000
1.2599999904633	0.84217953681946	-0.53184437751770	73.000000000000	0.0000000000000
1.2640000581741	0.84118127822876	-0.53331512212753	73.000000000000	0.0000000000000
1.2680000066757	0.84017920494080	-0.53478419780731	73.000000000000	0.0000000000000
1.2719999551773	0.83917355537415	-0.53625136613846	73.000000000000	0.0000000000000
1.2760000228882	0.83816403150558	-0.53771656751633	73.000000000000	0.0000000000000
1.2799999713898	0.83715069293976	-0.53917998075485	73.000000000000	0.0000000000000
1.2840000391006	0.83613342046738	-0.54064136743546	73.000000000000	0.0000000000000
1.2879999876022	0.83511239290237	-0.54210084676743	73.000000000000	0.0000000000000
1.2920000553131	0.83408731222153	-0.54355823993683	73.000000000000	0.0000000000000
1.2960000038147	0.83305829763412	-0.54501378536224	73.000000000000	0.0000000000000
1.2999999523163	0.83202528953552	-0.54646706581116	73.000000000000	0.0000000000000
1.3040000200272	0.83098834753036	-0.54791826009750	73.000000000000	0.0000000000000
1.3079999685287	0.82994723320007	-0.54936736822128	73.000000000000	0.0000000000000
1.3120000362396	0.82890188694000	-0.55081433057785	73.000000000000	0.0000000000000
1.3159999847412	0.82785236835480	-0.55225896835327	73.000000000000	0.0000000000000
1.3200000524521	0.82679861783981	-0.55370134115219	73.000000000000	0.0000000000000
1.3240000009537	0.82574075460434	-0.55514144897461	73.000000000000	0.0000000000000
1.3279999494553	0.82467859983444	-0.55657905340195	73.000000000000	0.0000000000000
1.3320000171661	0.82361185550690	-0.55801433324814	73.000000000000	0.0000000000000
1.3359999656677	0.82254099845886	-0.55944710969925	73.000000000000	0.0000000000000
1.3400000333786	0.82146579027176	-0.56087738275528	73.000000000000	0.0000000000000
1.3439999818802	0.82038605213165	-0.56230497360229	73.000000000000	0.0000000000000
1.3480000495911	0.81930184364319	-0.56372982263565	73.000000000000	0.0000000000000
1.3519999980927	0.81821334362030	-0.56515204906464	73.000000000000	0.0000000000000
1.3559999465942	0.81712025403976	-0.56657153367996	73.000000000000	0.0000000000000
1.3600000143051	0.81602269411087	-0.56798803806305	73.000000000000	0.0000000000000
1.3639999628067	0.81492036581039	-0.56940162181854	73.000000000000	0.0000000000000
1.3680000305176	0.81381350755692	-0.57081216573715	73.000000000000	0.0000000000000
1.3719999790192	0.81270211935043	-0.57221972942352	73.000000000000	0.0000000000000
1.3760000467300	0.81158596277237	-0.57362407445908	73.000000000000	0.0000000000000
1.3799999952316	0.81046533584595	-0.57502520084381	73.000000000000	0.0000000000000
1.3839999437332	0.80934017896652	-0.57642310857773	73.000000000000	0.0000000000000
1.3880000114441	0.80821013450623	-0.57781761884689	73.000000000000	0.0000000000000
1.3919999599457	0.80707550048828	-0.57920855283737	73.000000000000	0.0000000000000
1.3960000276566	0.80593609809875	-0.58059597015381	73.000000000000	0.0000000000000
1.3999999761581	0.80479204654694	-0.58197981119156	73.000000000000	0.0000000000000
1.4040000438690	0.80364328622818	-0.58335983753204	73.000000000000	0.0000000000000
1.4079999923706	0.80248993635178	-0.58473610877991	73.000000000000	0.0000000000000
1.4119999408722	0.80133169889450	-0.58610850572586	73.000000000000	0.0000000000000
1.4160000085831	0.80016887187958	-0.58747684955597	73.000000000000	0.0000000000000
1.4199999570847	0.79900145530701	-0.58884119987488	73.000000000000	0.0000000000000
1.4240000247955	0.79782921075821	-0.59020137786865	73.000000000000	0.0000000000000
1.4279999732971	0.79665231704712	-0.59155726432800	73.000000000000	0.0000000000000
1.4320000410080	0.79547077417374	-0.59290879964828	73.000000000000	0.0000000000000
1.4359999895096	0.79428458213806	-0.59425604343414	73.000000000000	0.0000000000000
1.4400000572205	0.79309374094009	-0.59559857845306	73.000000000000	0.0000000000000
1.4440000057220	0.79189848899841	-0.59693646430969	73.000000000000	0.0000000000000
1.4479999542236	0.79069858789444	-0.59826976060867	73.000000000000	0.0000000000000
1.4520000219345	0.78949403762817	-0.59959816932678	73.000000000000	0.0000000000000
1.4559999704361	0.78828507661819	-0.60092163085938	73.000000000000	0.0000000000000
1.4600000381470	0.78707170486450	-0.60224014520645	73.000000000000	0.0000000000000
1.4639999866486	0.78585380315781	-0.60355353355408	73.000000000000	0.0000000000000
1.4680000543594	0.78463166952133	-0.60486173629761	73.000000000000	0.0000000000000
1.4720000028610	0.78340494632721	-0.60616463422775	73.000000000000	0.0000000000000
1.4759999513626	0.78217417001724	-0.60746216773987	73.000000000000	0.0000000000000
1.4800000190735	0.78093904256821	-0.60875433683395	73.000000000000	0.0000000000000
1.4839999675751	0.77969986200333	-0.61004072427750	73.000000000000	0.0000000000000
1.4880000352859	0.77845638990402	-0.61132162809372	73.000000000000	0.0000000000000
1.4919999837875	0.77720898389816	-0.61259669065475	73.000000000000	0.0000000000000
1.4960000514984	0.77595758438110	-0.61386603116989	73.000000000000	0.0000000000000
1.5000000000000	0.77470213174820	-0.61512941122055	73.000000000000	0.0000000000000
1.5039999485016	0.77344286441803	-0.61638671159744	73.000000000000	0.0000000000000
1.5080000162125	0.77217996120453	-0.61763799190521	73.000000000000	0.0000000000000
1.5119999647141	0.77091312408447	-0.61888313293457	73.000000000000	0.0000000000000
1.5160000324249	0.76964277029037	-0.62012189626694	73.000000000000	0.0000000000000
1.5199999809265	0.76836889982224	-0.62135440111160	73.000000000000	0.0000000000000
1.5240000486374	0.76709163188934	-0.62258052825928	73.000000000000	0.0000000000000
1.5279999971390	0.76581078767776	-0.62380009889603	73.000000000000	0.0000000000000
1.5319999456406	0.76452684402466	-0.62501317262650	73.000000000000	0.0000000000000
1.5360000133514	0.76323974132538	-0.62621963024139	73.000000000000	0.0000000000000
1.5399999618530	0.76194936037064	-0.62741935253143	73.000000000000	0.0000000000000
1.5440000295639	0.76065611839294	-0.62861227989197	73.000000000000	0.0000000000000
1.5479999780655	0.75935995578766	-0.62979847192764	73.000000000000	0.0000000000000
1.5520000457764	0.75806105136871	-0.63097780942917	73.000000000000	0.0000000000000
1.5559999942780	0.75675946474075	-0.63215011358261	73.000000000000	0.0000000000000
1.5599999427795	0.75545519590378	-0.63331544399261	73.000000000000	0.0000000000000
1.5640000104904	0.75414854288101	-0.63447368144989	73.000000000000	0.0000000000000
1.5679999589920	0.75283962488174	-0.63562488555908	73.000000000000	0.0000000000000
1.5720000267029	0.75152838230133	-0.63676887750626	73.000000000000	0.0000000000000
1.5759999752045	0.75021517276764	-0.63790577650070	73.000000000000	0.0000000000000
1.5800000429153	0.74889975786209	-0.63903540372849	73.000000000000	0.0000000000000
1.5839999914169	0.74758261442184	-0.64015787839890	73.000000000000	0.0000000000000
1.5880000591278	0.74626374244690	-0.64127290248871	73.000000000000	0.0000000000000
1.5920000076294	0.74494308233261	-0.64238071441650	73.000000000000	0.0000000000000
1.5959999561310	0.74362099170685	-0.64348119497299	73.000000000000	0.0000000000000
1.6000000238419	0.74229758977890	-0.64457434415817	73.000000000000	0.0000000000000
1.6039999723434	0.74097275733948	-0.64566004276276	73.000000000000	0.0000000000000
1.6080000400543	0.73964703083038	-0.64673835039139	73.000000000000	0.0000000000000
1.6119999885559	0.73832011222839	-0.64780932664871	73.000000000000	0.0000000000000
1.6160000562668	0.73699229955673	-0.64887285232544	73.000000000000	0.0000000000000
1.6200000047684	0.73566389083862	-0.64992898702621	73.000000000000	0.0000000000000
1.6239999532700	0.73433476686478	-0.65097773075104	73.000000000000	0.0000000000000
1.6280000209808	0.73300510644913	-0.65201908349991	73.000000000000	0.0000000000000
1.6319999694824	0.73167508840561	-0.65305310487747	73.000000000000	0.0000000000000
1.6360000371933	0.73034483194351	-0.65407967567444	73.000000000000	0.0000000000000
1.6399999856949	0.72901451587677	-0.65509897470474	73.000000000000	0.0000000000000
1.6440000534058	0.72768414020538	-0.65611094236374	73.000000000000	0.0000000000000
1.6480000019073	0.72635406255722	-0.65711557865143	73.000000000000	0.0000000000000
1.6519999504089	0.72502410411835	-0.65811294317245	73.000000000000	0.0000000000000
1.6560000181198	0.72369468212128	-0.65910303592682	73.000000000000	0.0000000000000
1.6599999666214	0.72236561775208	-0.66008603572845	73.000000000000	0.0000000000000
1.6640000343323	0.72103720903397	-0.66106182336807	73.000000000000	0.0000000000000
1.6679999828339	0.71970951557159	-0.66203057765961	73.000000000000	0.0000000000000
1.6720000505447	0.71838283538818	-0.66299223899841	73.000000000000	0.0000000000000
1.6759999990463	0.71705698966980	-0.66394692659378	73.000000000000	0.0000000000000
1.6799999475479	0.71573221683502	-0.66489464044571	73.000000000000	0.0000000000000
1.6840000152588	0.71440881490707	-0.66583549976349	73.000000000000	0.0000000000000
1.6879999637604	0.71308672428131	-0.66676956415176	73.000000000000	0.0000000000000
1.6920000314713	0.71176594495773	-0.66769689321518	73.000000000000	0.0000000000000
1.6959999799728	0.71044677495956	-0.66861754655838	73.000000000000	0.0000000000000
1.7000000476837	0.70912903547287	-0.66953158378601	73.000000000000	0.0000000000000
1.7039999961853	0.70781320333481	-0.67043906450272	73.000000000000	0.0000000000000
1.7079999446869	0.70649921894073	-0.67134010791779	73.000000000000	0.0000000000000
1.7120000123978	0.70518720149994	-0.67223489284515	73.000000000000	0.0000000000000
1.7159999608994	0.70387721061707	-0.67312335968018	73.000000000000	0.0000000000000
1.7200000286102	0.70256924629211	-0.67400556802750	73.000000000000	0.0000000000000
1.7239999771118	0.70126348733902	-0.67488181591034	73.000000000000	0.0000000000000
1.7280000448227	0.69996005296707	-0.67575210332870	73.000000000000	0.0000000000000
1.7319999933243	0.69865882396698	-0.67661637067795	73.000000000000	0.0000000000000
1.7359999418259	0.69736015796661	-0.67747497558594	73.000000000000	0.0000000000000
1.7400000095367	0.69606381654739	-0.67832773923874	73.000000000000	0.0000000000000
1.7439999580383	0.69477021694183	-0.67917501926422	73.000000000000	0.0000000000000
1.7480000257492	0.69347918033600	-0.68001681566238	73.000000000000	0.0000000000000
1.7519999742508	0.69219070672989	-0.68085318803787	73.000000000000	0.0000000000000
1.7560000419617	0.69090515375137	-0.68168431520462	73.000000000000	0.0000000000000
1.7599999904633	0.68962216377258	-0.68251031637192	73.000000000000	0.0000000000000
1.7640000581741	0.68834209442139	-0.68333125114441	73.000000000000	0.0000000000000
1.7680000066757	0.68706482648849	-0.68414729833603	73.000000000000	0.0000000000000
1.7719999551773	0.68579059839249	-0.68495845794678	73.000000000000	0.0000000000000
1.7760000228882	0.68451929092407	-0.68576496839523	73.000000000000	0.0000000000000
1.7799999713898	0.68325072526932	-0.68656682968140	73.000000000000	0.0000000000000
1.7840000391006	0.68198531866074	-0.68736433982849	73.000000000000	0.0000000000000
1.7879999876022	0.68072295188904	-0.68815732002258	73.000000000000	0.0000000000000
1.7920000553131	0.67946344614029	-0.68894606828690	73.000000000000	0.0000000000000
1.7960000038147	0.67820698022842	-0.68973076343536	73.000000000000	0.0000000000000
1.7999999523163	0.67695367336273	-0.69051140546799	73.000000000000	0.0000000000000
1.8040000200272	0.67570334672928	-0.69128805398941	73.000000000000	0.0000000000000
1.8079999685287	0.67445594072342	-0.69206100702286	73.000000000000	0.0000000000000
1.8120000362396	0.67321157455444	-0.69283020496368	73.000000000000	0.0000000000000
1.8159999847412	0.67197024822235	-0.69359588623047	73.000000000000	0.0000000000000
1.8200000524521	0.67073196172714	-0.69435799121857	73.000000000000	0.0000000000000
1.8240000009537	0.66949653625488	-0.69511681795120	73.000000000000	0.0000000000000
1.8279999494553	0.66826397180557	-0.69587236642838	73.000000000000	0.0000000000000
1.8320000171661	0.66703456640244	-0.69662463665009	73.000000000000	0.0000000000000
1.8359999656677	0.66580790281296	-0.69737404584885	73.000000000000	0.0000000000000
1.8400000333786	0.66458415985107	-0.69812029600143	73.000000000000	0.0000000000000
1.8439999818802	0.66336315870285	-0.69886374473572	73.000000000000	0.0000000000000
1.8480000495911	0.66214478015900	-0.69960445165634	73.000000000000	0.0000000000000
1.8519999980927	0.66092926263809	-0.70034247636795	73.000000000000	0.0000000000000
1.8559999465942	0.65971642732620	-0.70107781887054	73.000000000000	0.0000000000000
1.8600000143051	0.65850615501404	-0.70181071758270	73.000000000000	0.0000000000000
1.8639999628067	0.65729832649231	-0.70254111289978	73.000000000000	0.0000000000000
1.8680000305176	0.65609318017960	-0.70326924324036	73.000000000000	0.0000000000000
1.8719999790192	0.65489017963409	-0.70399498939514	73.000000000000	0.0000000000000
1.8760000467300	0.65368968248367	-0.70471853017807	73.000000000000	0.0000000000000
1.8799999952316	0.65249145030975	-0.70543992519379	73.000000000000	0.0000000000000
1.8839999437332	0.65129548311234	-0.70615929365158	73.000000000000	0.0000000000000
1.8880000114441	0.65010166168213	-0.70687663555145	73.000000000000	0.0000000000000
1.8919999599457	0.64890974760056	-0.70759189128876	73.000000000000	0.0000000000000
1.8960000276566	0.64771974086761	-0.70830523967743	73.000000000000	0.0000000000000
1.8999999761581	0.64653170108795	-0.70901674032211	73.000000000000	0.0000000000000
1.9040000438690	0.64534562826157	-0.70972639322281	73.000000000000	0.0000000000000
1.9079999923706	0.64416104555130	-0.71043425798416	73.000000000000	0.0000000000000
1.9119999408722	0.64297825098038	-0.71114021539688	73.000000000000	0.0000000000000
1.9160000085831	0.64179712533951	-0.71184450387955	73.000000000000	0.0000000000000
1.9199999570847	0.64061725139618	-0.71254718303680	73.000000000000	0.0000000000000
1.9240000247955	0.63943874835968	-0.71324789524078	73.000000000000	0.0000000000000
1.9279999732971	0.63826155662537	-0.71394699811935	73.000000000000	0.0000000000000
1.9320000410080	0.63708543777466	-0.71464449167252	73.000000000000	0.0000000000000
1.9359999895096	0.63591051101685	-0.71534019708633	73.000000000000	0.0000000000000
1.9400000572205	0.63473683595657	-0.71603423357010	73.000000000000	0.0000000000000
1.9440000057220	0.63356387615204	-0.71672660112381	73.000000000000	0.0000000000000
1.9479999542236	0.63239169120789	-0.71741718053818	73.000000000000	0.0000000000000
1.9520000219345	0.63122028112411	-0.71810597181320	73.000000000000	0.0000000000000
1.9559999704361	0.63004964590073	-0.71879303455353	73.000000000000	0.0000000000000
1.9600000381470	0.62887966632843	-0.71947830915451	73.000000000000	0.0000000000000
1.9639999866486	0.62770986557007	-0.72016179561615	73.000000000000	0.0000000000000
1.9680000543594	0.62654078006744	-0.72084337472916	73.000000000000	0.0000000000000
1.9720000028610	0.62537187337875	-0.72152304649353	73.000000000000	0.0000000000000
1.9759999513626	0.62420332431793	-0.72220069169998	73.000000000000	0.0000000000000
1.9800000190735	0.62303495407104	-0.72287636995316	73.000000000000	0.0000000000000
1.9839999675751	0.62186664342880	-0.72354996204376	73.000000000000	0.0000000000000
1.9880000352859	0.62069851160049	-0.72422146797180	73.000000000000	0.0000000000000
1.9919999837875	0.61953014135361	-0.72489070892334	73.000000000000	0.0000000000000
1.9960000514984	0.61836183071136	-0.72555762529373	73.000000000000	0.0000000000000
2.0000000000000	0.61719328165054	-0.72622221708298	73.000000000000	0.0000000000000
2.0039999485016	0.61602467298508	-0.72688448429108	73.000000000000	0.0000000000000
2.0079998970032	0.61485564708710	-0.72754412889481	73.000000000000	0.0000000000000
2.0120000839233	0.61368644237518	-0.72820127010345	73.000000000000	0.0000000000000
2.0160000324249	0.61251688003540	-0.72885572910309	73.000000000000	0.0000000000000
2.0199999809265	0.61134696006775	-0.72950726747513	73.000000000000	0.0000000000000
2.0239999294281	0.61017662286758	-0.73015606403351	73.000000000000	0.0000000000000
2.0280001163483	0.60900592803955	-0.73080176115036	73.000000000000	0.0000000000000
2.0320000648499	0.60783463716507	-0.73144447803497	73.000000000000	0.0000000000000
2.0360000133514	0.60666280984879	-0.73208391666412	73.000000000000	0.0000000000000
2.0399999618530	0.60549080371857	-0.73272007703781	73.000000000000	0.0000000000000
2.0439999103546	0.60431802272797	-0.73335283994675	73.000000000000	0.0000000000000
2.0480000972748	0.60314464569092	-0.73398202657700	73.000000000000	0.0000000000000
2.0520000457764	0.60197091102600	-0.73460763692856	73.000000000000	0.0000000000000
2.0559999942780	0.60079687833786	-0.73522943258286	73.000000000000	0.0000000000000
2.0599999427795	0.59962207078934	-0.73584741353989	73.000000000000	0.0000000000000
2.0639998912811	0.59844702482224	-0.73646134138107	73.000000000000	0.0000000000000
2.0680000782013	0.59727150201797	-0.73707115650177	73.000000000000	0.0000000000000
2.0720000267029	0.59609550237656	-0.73767679929733	73.000000000000	0.0000000000000
2.0759999752045	0.59491920471191	-0.73827809095383	73.000000000000	0.0000000000000
2.0799999237061	0.59374272823334	-0.73887485265732	73.000000000000	0.0000000000000
2.0840001106262	0.59256577491760	-0.73946702480316	73.000000000000	0.0000000000000
2.0880000591278	0.59138876199722	-0.74005448818207	73.000000000000	0.0000000000000
2.0920000076294	0.59021157026291	-0.74063712358475	73.000000000000	0.0000000000000
2.0959999561310	0.58903443813324	-0.74121475219727	73.000000000000	0.0000000000000
2.0999999046326	0.58785718679428	-0.74178737401962	73.000000000000	0.0000000000000
2.1040000915527	0.58668005466461	-0.74235481023788	73.000000000000	0.0000000000000
2.1080000400543	0.58550333976746	-0.74291694164276	73.000000000000	0.0000000000000
2.1119999885559	0.58432680368423	-0.74347370862961	73.000000000000	0.0000000000000
2.1159999370575	0.58315068483353	-0.74402481317520	73.000000000000	0.0000000000000
2.1199998855591	0.58197510242462	-0.74457031488419	73.000000000000	0.0000000000000
2.1240000724792	0.58080005645752	-0.74511015415192	73.000000000000	0.0000000000000
2.1280000209808	0.57962584495544	-0.74564409255981	73.000000000000	0.0000000000000
2.1319999694824	0.57845258712769	-0.74617218971252	73.000000000000	0.0000000000000
2.1359999179840	0.57728022336960	-0.74669420719147	73.000000000000	0.0000000000000
2.1400001049042	0.57610917091370	-0.74721008539200	73.000000000000	0.0000000000000
2.1440000534058	0.57493931055069	-0.74771976470947	73.000000000000	0.0000000000000
2.1480000019073	0.57377094030380	-0.74822324514389	73.000000000000	0.0000000000000
2.1519999504089	0.57260441780090	-0.74872034788132	73.000000000000	0.0000000000000
2.1559998989105	0.57143950462341	-0.74921101331711	73.000000000000	0.0000000000000
2.1600000858307	0.57027649879456	-0.74969518184662	73.000000000000	0.0000000000000
2.1640000343323	0.56911581754684	-0.75017273426056	73.000000000000	0.0000000000000
2.1679999828339	0.56795728206635	-0.75064373016357	73.000000000000	0.0000000000000
2.1719999313354	0.56680136919022	-0.75110816955566	73.000000000000	0.0000000000000
2.1760001182556	0.56564819812775	-0.75156593322754	73.000000000000	0.0000000000000
2.1800000667572	0.56449794769287	-0.75201690196991	73.000000000000	0.0000000000000
2.1840000152588	0.56335067749023	-0.75246113538742	73.000000000000	0.0000000000000
2.1879999637604	0.56220668554306	-0.75289857387543	73.000000000000	0.0000000000000
2.1919999122620	0.56106621026993	-0.75332933664322	73.000000000000	0.0000000000000
2.1960000991821	0.55992943048477	-0.75375330448151	73.000000000000	0.0000000000000
2.2000000476837	0.55879664421082	-0.75417041778564	73.000000000000	0.0000000000000
2.2039999961853	0.55766791105270	-0.75458085536957	73.000000000000	0.0000000000000
2.2079999446869	0.55654364824295	-0.75498449802399	73.000000000000	0.0000000000000
2.2119998931885	0.55542379617691	-0.75538146495819	73.000000000000	0.0000000000000
2.2160000801086	0.55430871248245	-0.75577163696289	73.000000000000	0.0000000000000
2.2200000286102	0.55319863557816	-0.75615537166595	73.000000000000	0.0000000000000
2.2239999771118	0.55209386348724	-0.75653231143951	73.000000000000	0.0000000000000
2.2279999256134	0.55099451541901	-0.75690287351608	73.000000000000	0.0000000000000
2.2320001125336	0.54990088939667	-0.75726687908173	73.000000000000	0.0000000000000
2.2360000610352	0.54881316423416	-0.75762456655502	73.000000000000	0.0000000000000
2.2400000095367	0.54773139953613	-0.75797599554062	73.000000000000	0.0000000000000
2.2439999580383	0.54665619134903	-0.75832116603851	73.000000000000	0.0000000000000
2.2479999065399	0.54558736085892	-0.75866025686264	73.000000000000	0.0000000000000
2.2520000934601	0.54452550411224	-0.75899344682693	73.000000000000	0.0000000000000
2.2560000419617	0.54347062110901	-0.75932073593140	73.000000000000	0.0000000000000
2.2599999904633	0.54242277145386	-0.75964230298996	73.000000000000	0.0000000000000
2.2639999389648	0.54138249158859	-0.75995832681656	73.000000000000	0.0000000000000
2.2679998874664	0.54034996032715	-0.76026892662048	73.000000000000	0.0000000000000
2.2720000743866	0.53932529687881	-0.76057428121567	73.000000000000	0.0000000000000
2.2760000228882	0.53830856084824	-0.76087450981140	73.000000000000	0.0000000000000
2.2799999713898	0.53730028867722	-0.76116985082626	73.000000000000	0.0000000000000
2.2839999198914	0.53630030155182	-0.76146042346954	73.000000000000	0.0000000000000
2.2880001068115	0.53530901670456	-0.76174646615982	73.000000000000	0.0000000000000
2.2920000553131	0.53432673215866	-0.76202827692032	73.000000000000	0.0000000000000
2.2960000038147	0.53335332870483	-0.76230597496033	73.000000000000	0.0000000000000
2.2999999523163	0.53238928318024	-0.76257973909378	73.000000000000	0.0000000000000
2.3039999008179	0.53143453598022	-0.76284980773926	73.000000000000	0.0000000000000
2.3080000877380	0.53048956394196	-0.76311641931534	73.000000000000	0.0000000000000
2.3120000362396	0.52955400943756	-0.76337993144989	73.000000000000	0.0000000000000
2.3159999847412	0.52862846851349	-0.76364046335220	73.000000000000	0.0000000000000
2.3199999332428	0.52771288156509	-0.76389837265015	73.000000000000	0.0000000000000
2.3239998817444	0.52680760622025	-0.76415383815765	73.000000000000	0.0000000000000
2.3280000686646	0.52591270208359	-0.76440721750259	73.000000000000	0.0000000000000
2.3320000171661	0.52502810955048	-0.76465874910355	73.000000000000	0.0000000000000
2.3359999656677	0.52415388822556	-0.76490867137909	73.000000000000	0.0000000000000
2.3399999141693	0.52329039573669	-0.76515740156174	73.000000000000	0.0000000000000
2.3440001010895	0.52243781089783	-0.76540511846542	73.000000000000	0.0000000000000
2.3480000495911	0.52159583568573	-0.76565217971802	73.000000000000	0.0000000000000
2.3519999980927	0.52076494693756	-0.76589900255203	73.000000000000	0.0000000000000
2.3559999465942	0.51994496583939	-0.76614576578140	73.000000000000	0.0000000000000
2.3599998950958	0.51913589239120	-0.76639270782471	73.000000000000	0.0000000000000
2.3640000820160	0.51833808422089	-0.76664024591446	73.000000000000	0.0000000000000
2.3680000305176	0.51755130290985	-0.76688891649246	73.000000000000	0.0000000000000
2.3719999790192	0.51677566766739	-0.76713871955872	73.000000000000	0.0000000000000
2.3759999275208	0.51601117849350	-0.76739019155502	73.000000000000	0.0000000000000
2.3800001144409	0.51525777578354	-0.76764363050461	73.000000000000	0.0000000000000
2.3840000629425	0.51451575756073	-0.76789921522141	73.000000000000	0.0000000000000
2.3880000114441	0.51378470659256	-0.76815760135651	73.000000000000	0.0000000000000
2.3919999599457	0.51306486129761	-0.76841884851456	73.000000000000	0.0000000000000
2.3959999084473	0.51235592365265	-0.76868355274200	73.000000000000	0.0000000000000
2.4000000953674	0.51165825128555	-0.76895183324814	73.000000000000	0.0000000000000
2.4040000438690	0.51097130775452	-0.76922416687012	73.000000000000	0.0000000000000
2.4079999923706	0.51029539108276	-0.76950091123581	73.000000000000	0.0000000000000
2.4119999408722	0.50963026285172	-0.76978236436844	73.000000000000	0.0000000000000
2.4159998893738	0.50897586345673	-0.77006882429123	73.000000000000	0.0000000000000
2.4200000762939	0.50833183526993	-0.77036076784134	73.000000000000	0.0000000000000
2.4240000247955	0.50769847631454	-0.77065837383270	73.000000000000	0.0000000000000
2.4279999732971	0.50707542896271	-0.77096211910248	73.000000000000	0.0000000000000
2.4319999217987	0.50646239519119	-0.77127224206924	73.000000000000	0.0000000000000
2.4360001087189	0.50585955381393	-0.77158927917480	73.000000000000	0.0000000000000
2.4400000572205	0.50526636838913	-0.77191329002380	73.000000000000	0.0000000000000
2.4440000057220	0.50468307733536	-0.77224481105804	73.000000000000	0.0000000000000
2.4479999542236	0.50410920381546	-0.77258396148682	73.000000000000	0.0000000000000
2.4519999027252	0.50354450941086	-0.77293121814728	73.000000000000	0.0000000000000
2.4560000896454	0.50298899412155	-0.77328693866730	73.000000000000	0.0000000000000
2.4600000381470	0.50244206190109	-0.77365130186081	73.000000000000	0.0000000000000
2.4639999866486	0.50190407037735	-0.77402460575104	73.000000000000	0.0000000000000
2.4679999351501	0.50137406587601	-0.77440726757050	73.000000000000	0.0000000000000
2.4719998836517	0.50085222721100	-0.77479952573776	73.000000000000	0.0000000000000
2.4760000705719	0.50033825635910	-0.77520155906677	73.000000000000	0.0000000000000
2.4800000190735	0.49983170628548	-0.77561378479004	73.000000000000	0.0000000000000
2.4839999675751	0.49933239817619	-0.77603632211685	73.000000000000	0.0000000000000
2.4879999160767	0.49883988499641	-0.77646964788437	73.000000000000	0.0000000000000
2.4920001029968	0.49835413694382	-0.77691382169724	73.000000000000	0.0000000000000
2.4960000514984	0.49787482619286	-0.77736920118332	73.000000000000	0.0000000000000
2.5000000000000	0.49740123748779	-0.77783578634262	73.000000000000	0.0000000000000
2.5039999485016	0.49693328142166	-0.77831405401230	73.000000000000	0.0000000000000
2.5079998970032	0.49647077918053	-0.77880412340164	73.000000000000	0.0000000000000
2.5120000839233	0.49601301550865	-0.77930623292923	73.000000000000	0.0000000000000
2.5160000324249	0.49555960297585	-0.77982044219971	73.000000000000	0.0000000000000
2.5199999809265	0.49511054158211	-0.78034704923630	73.000000000000	0.0000000000000
2.5239999294281	0.49466541409492	-0.78088617324829	73.000000000000	0.0000000000000
2.5280001163483	0.49422368407249	-0.78143793344498	73.000000000000	0.0000000000000
2.5320000648499	0.49378502368927	-0.78200262784958	73.000000000000	0.0000000000000
2.5360000133514	0.49334889650345	-0.78258019685745	73.000000000000	0.0000000000000
2.5399999618530	0.49291488528252	-0.78317081928253	73.000000000000	0.0000000000000
2.5439999103546	0.49248287081718	-0.78377455472946	73.000000000000	0.0000000000000
2.5480000972748	0.49205234646797	-0.78439164161682	73.000000000000	0.0000000000000
2.5520000457764	0.49162250757217	-0.78502202033997	73.000000000000	0.0000000000000
2.5559999942780	0.49119359254837	-0.78566575050354	73.000000000000	0.0000000000000
2.5599999427795	0.49076479673386	-0.78632301092148	73.000000000000	0.0000000000000
2.5639998912811	0.49033582210541	-0.78699356317520	73.000000000000	0.0000000000000
2.5680000782013	0.48990589380264	-0.78767776489258	73.000000000000	0.0000000000000
2.5720000267029	0.48947495222092	-0.78837555646896	73.000000000000	0.0000000000000
2.5759999752045	0.48904263973236	-0.78908669948578	73.000000000000	0.0000000000000
2.5799999237061	0.48860839009285	-0.78981137275696	73.000000000000	0.0000000000000
2.5840001106262	0.48817181587219	-0.79054957628250	73.000000000000	0.0000000000000
2.5880000591278	0.48773214221001	-0.79130119085312	73.000000000000	0.0000000000000
2.5920000076294	0.48728939890862	-0.79206591844559	73.000000000000	0.0000000000000
2.5959999561310	0.48684301972389	-0.79284417629242	73.000000000000	0.0000000000000
2.5999999046326	0.48639249801636	-0.79363554716110	73.000000000000	0.0000000000000
2.6040000915527	0.48593759536743	-0.79443997144699	73.000000000000	0.0000000000000
2.6080000400543	0.48547768592834	-0.79525727033615	73.000000000000	0.0000000000000
2.6119999885559	0.48501265048981	-0.79608744382858	73.000000000000	0.0000000000000
2.6159999370575	0.48454171419144	-0.79693037271500	73.000000000000	0.0000000000000
2.6199998855591	0.48406475782394	-0.79778581857681	73.000000000000	0.0000000000000
2.6240000724792	0.48358109593391	-0.79865354299545	73.000000000000	0.0000000000000
2.6280000209808	0.48309066891670	-0.79953354597092	73.000000000000	0.0000000000000
2.6319999694824	0.48259285092354	-0.80042552947998	73.000000000000	0.0000000000000
2.6359999179840	0.48208746314049	-0.80132919549942	73.000000000000	0.0000000000000
2.6400001049042	0.48157379031181	-0.80224448442459	73.000000000000	0.0000000000000
2.6440000534058	0.48105171322823	-0.80317097902298	73.000000000000	0.0000000000000
2.6480000019073	0.48052084445953	-0.80410856008530	73.000000000000	0.0000000000000
2.6519999504089	0.47998076677322	-0.80505698919296	73.000000000000	0.0000000000000
2.6559998989105	0.47943145036697	-0.80601584911346	73.000000000000	0.0000000000000
2.6600000858307	0.47887200117111	-0.80698502063751	73.000000000000	0.0000000000000
2.6640000343323	0.47830268740654	-0.80796414613724	73.000000000000	0.0000000000000
2.6679999828339	0.47772270441055	-0.80895292758942	73.000000000000	0.0000000000000
2.6719999313354	0.47713205218315	-0.80995112657547	73.000000000000	0.0000000000000
2.6760001182556	0.47653034329414	-0.81095814704895	73.000000000000	0.0000000000000
2.6800000667572	0.47591730952263	-0.81197404861450	73.000000000000	0.0000000000000
2.6840000152588	0.47529241442680	-0.81299823522568	73.000000000000	0.0000000000000
2.6879999637604	0.47465598583221	-0.81403034925461	73.000000000000	0.0000000000000
2.6919999122620	0.47400718927383	-0.81507009267807	73.000000000000	0.0000000000000
2.6960000991821	0.47334602475166	-0.81611710786819	73.000000000000	0.0000000000000
2.7000000476837	0.47267243266106	-0.81717103719711	73.000000000000	0.0000000000000
2.7039999961853	0.47198599576950	-0.81823152303696	73.000000000000	0.0000000000000
2.7079999446869	0.47128644585609	-0.81929808855057	73.000000000000	0.0000000000000
2.7119998931885	0.47057378292084	-0.82037043571472	73.000000000000	0.0000000000000
2.7160000801086	0.46984791755676	-0.82144796848297	73.000000000000	0.0000000000000
2.7200000286102	0.46910843253136	-0.82253056764603	73.000000000000	0.0000000000000
2.7239999771118	0.46835514903069	-0.82361757755280	73.000000000000	0.0000000000000
2.7279999256134	0.46758818626404	-0.82470881938934	73.000000000000	0.0000000000000
2.7320001125336	0.46680733561516	-0.82580363750458	73.000000000000	0.0000000000000
2.7360000610352	0.46601238846779	-0.82690185308456	73.000000000000	0.0000000000000
2.7400000095367	0.46520355343819	-0.82800281047821	73.000000000000	0.0000000000000
2.7439999580383	0.46438038349152	-0.82910621166229	73.000000000000	0.0000000000000
2.7479999065399	0.46354335546494	-0.83021157979965	73.000000000000	0.0000000000000
2.7520000934601	0.46269154548645	-0.83131855726242	73.000000000000	0.0000000000000
2.7560000419617	0.46182569861412	-0.83242666721344	73.000000000000	0.0000000000000
2.7599999904633	0.46094548702240	-0.83353549242020	73.000000000000	0.0000000000000
2.7639999389648	0.46005126833916	-0.83464467525482	73.000000000000	0.0000000000000
2.7679998874664	0.45914235711098	-0.83575367927551	73.000000000000	0.0000000000000
2.7720000743866	0.45821925997734	-0.83686226606369	73.000000000000	0.0000000000000
2.7760000228882	0.45728197693825	-0.83796966075897	73.000000000000	0.0000000000000
2.7799999713898	0.45633059740067	-0.83907580375671	73.000000000000	0.0000000000000
2.7839999198914	0.45536515116692	-0.84018015861511	73.000000000000	0.0000000000000
2.7880001068115	0.45438545942307	-0.84128224849701	73.000000000000	0.0000000000000
2.7920000553131	0.45339208841324	-0.84238171577454	73.000000000000	0.0000000000000
2.7960000038147	0.45238462090492	-0.84347820281982	73.000000000000	0.0000000000000
2.7999999523163	0.45136398077011	-0.84457129240036	73.000000000000	0.0000000000000
2.8039999008179	0.45032945275307	-0.84566050767899	73.000000000000	0.0000000000000
2.8080000877380	0.44928130507469	-0.84674561023712	73.000000000000	0.0000000000000
2.8120000362396	0.44822028279305	-0.84782612323761	73.000000000000	0.0000000000000
2.8159999847412	0.44714605808258	-0.84890168905258	73.000000000000	0.0000000000000
2.8199999332428	0.44605919718742	-0.84997189044952	73.000000000000	0.0000000000000
2.8239998817444	0.44495943188667	-0.85103654861450	73.000000000000	0.0000000000000
2.8280000686646	0.44384723901749	-0.85209512710571	73.000000000000	0.0000000000000
2.8320000171661	0.44272261857986	-0.85314744710922	73.000000000000	0.0000000000000
2.8359999656677	0.44158628582954	-0.85419309139252	73.000000000000	0.0000000000000
2.8399999141693	0.44043809175491	-0.85523176193237	73.000000000000	0.0000000000000
2.8440001010895	0.43927845358849	-0.85626310110092	73.000000000000	0.0000000000000
2.8480000495911	0.43810746073723	-0.85728681087494	73.000000000000	0.0000000000000
2.8519999980927	0.43692547082901	-0.85830283164978	73.000000000000	0.0000000000000
2.8559999465942	0.43573284149170	-0.85931044816971	73.000000000000	0.0000000000000
2.8599998950958	0.43452981114388	-0.86030972003937	73.000000000000	0.0000000000000
2.8640000820160	0.43331658840179	-0.86130046844482	73.000000000000	0.0000000000000
2.8680000305176	0.43209376931190	-0.86228215694427	73.000000000000	0.0000000000000
2.8719999790192	0.43086090683937	-0.86325466632843	73.000000000000	0.0000000000000
2.8759999275208	0.42961937189102	-0.86421793699265	73.000000000000	0.0000000000000
2.8800001144409	0.42836892604828	-0.86517161130905	73.000000000000	0.0000000000000
2.8840000629425	0.42710977792740	-0.86611551046371	73.000000000000	0.0000000000000
2.8880000114441	0.42584219574928	-0.86704945564270	73.000000000000	0.0000000000000
2.8919999599457	0.42456704378128	-0.86797320842743	73.000000000000	0.0000000000000
2.8959999084473	0.42328444123268	-0.86888682842255	73.000000000000	0.0000000000000
2.9000000953674	0.42199435830116	-0.86978995800018	73.000000000000	0.0000000000000
2.9040000438690	0.42069765925407	-0.87068253755569	73.000000000000	0.0000000000000
2.9079999923706	0.41939455270767	-0.87156450748444	73.000000000000	0.0000000000000
2.9119999408722	0.41808497905731	-0.87243568897247	73.000000000000	0.0000000000000
2.9159998893738	0.41676986217499	-0.87329602241516	73.000000000000	0.0000000000000
2.9200000762939	0.41544893383980	-0.87414550781250	73.000000000000	0.0000000000000
2.9240000247955	0.41412326693535	-0.87498396635056	73.000000000000	0.0000000000000
2.9279999732971	0.41279280185699	-0.87581127882004	73.000000000000	0.0000000000000
2.9319999217987	0.41145804524422	-0.87662774324417	73.000000000000	0.0000000000000
2.9360001087189	0.41011902689934	-0.87743306159973	73.000000000000	0.0000000000000
2.9400000572205	0.40877646207809	-0.87822717428207	73.000000000000	0.0000000000000
2.9440000057220	0.40743058919907	-0.87901026010513	73.000000000000	0.0000000000000
2.9479999542236	0.40608164668083	-0.87978231906891	73.000000000000	0.0000000000000
2.9519999027252	0.40473020076752	-0.88054335117340	73.000000000000	0.0000000000000
2.9560000896454	0.40337628126144	-0.88129323720932	73.000000000000	0.0000000000000
2.9600000381470	0.40202030539513	-0.88203227519989	73.000000000000	0.0000000000000
2.9639999866486	0.40066298842430	-0.88276040554047	73.000000000000	0.0000000000000
2.9679999351501	0.39930409193039	-0.88347780704498	73.000000000000	0.0000000000000
2.9719998836517	0.39794450998306	-0.88418442010880	73.000000000000	0.0000000000000
2.9760000705719	0.39658394455910	-0.88488036394119	73.000000000000	0.0000000000000
2.9800000190735	0.39522299170494	-0.88556587696075	73.000000000000	0.0000000000000
2.9839999675751	0.39386180043221	-0.88624101877213	73.000000000000	0.0000000000000
2.9879999160767	0.39250087738037	-0.88690590858459	73.000000000000	0.0000000000000
2.9920001029968	0.39114117622375	-0.88756042718887	73.000000000000	0.0000000000000
2.9960000514984	0.38978126645088	-0.88820540904999	73.000000000000	0.0000000000000
3.0000000000000	0.38842323422432	-0.88884013891220	73.000000000000	0.0000000000000
3.0039999485016	0.38706561923027	-0.88946557044983	73.000000000000	0.0000000000000
3.0079998970032	0.38571023941040	-0.89008146524429	73.000000000000	0.0000000000000
3.0120000839233	0.38435634970665	-0.89068806171417	73.000000000000	0.0000000000000
3.0160000324249	0.38300412893295	-0.89128577709198	73.000000000000	0.0000000000000
3.0199999809265	0.38165491819382	-0.89187431335449	73.000000000000	0.0000000000000
3.0239999294281	0.38030764460564	-0.89245432615280	73.000000000000	0.0000000000000
3.0280001163483	0.37896326184273	-0.89302593469620	73.000000000000	0.0000000000000
3.0320000648499	0.37762102484703	-0.89358949661255	73.000000000000	0.0000000000000
3.0360000133514	0.37628284096718	-0.89414477348328	73.000000000000	0.0000000000000
3.0399999618530	0.37494704127312	-0.89469259977341	73.000000000000	0.0000000000000
3.0439999103546	0.37361550331116	-0.89523243904114	73.000000000000	0.0000000000000
3.0480000972748	0.37228664755821	-0.89576536417007	73.000000000000	0.0000000000000
3.0520000457764	0.37096187472343	-0.89629119634628	73.000000000000	0.0000000000000
3.0559999942780	0.36964088678360	-0.89681011438370	73.000000000000	0.0000000000000
3.0599999427795	0.36832377314568	-0.89732247591019	73.000000000000	0.0000000000000
3.0639998912811	0.36701020598412	-0.89782875776291	73.000000000000	0.0000000000000
3.0680000782013	0.36570081114769	-0.89832901954651	73.000000000000	0.0000000000000
3.0720000267029	0.36439561843872	-0.89882349967957	73.000000000000	0.0000000000000
3.0759999752045	0.36309519410133	-0.89931219816208	73.000000000000	0.0000000000000
3.0799999237061	0.36179837584496	-0.89979600906372	73.000000000000	0.0000000000000
3.0840001106262	0.36050608754158	-0.90027457475662	73.000000000000	0.0000000000000
3.0880000591278	0.35921889543533	-0.90074819326401	73.000000000000	0.0000000000000
3.0920000076294	0.35793510079384	-0.90121769905090	73.000000000000	0.0000000000000
3.0959999561310	0.35665622353554	-0.90168285369873	73.000000000000	0.0000000000000
3.0999999046326	0.35538133978844	-0.90214419364929	73.000000000000	0.0000000000000
3.1040000915527	0.35411104559898	-0.90260154008865	73.000000000000	0.0000000000000
3.1080000400543	0.35284546017647	-0.90305542945862	73.000000000000	0.0000000000000
3.1119999885559	0.35158371925354	-0.90350615978241	73.000000000000	0.0000000000000
3.1159999370575	0.35032677650452	-0.90395373106003	73.000000000000	0.0000000000000
3.1199998855591	0.34907346963882	-0.90439885854721	73.000000000000	0.0000000000000
3.1240000724792	0.34782510995865	-0.90484106540680	73.000000000000	0.0000000000000
3.1280000209808	0.34657964110374	-0.90528148412704	73.000000000000	0.0000000000000
3.1319999694824	0.34533920884132	-0.90571933984756	73.000000000000	0.0000000000000
3.1359999179840	0.34410265088081	-0.90615546703339	73.000000000000	0.0000000000000
3.1400001049042	0.34286954998970	-0.90658998489380	73.000000000000	0.0000000000000
3.1440000534058	0.34164083003998	-0.90702277421951	73.000000000000	0.0000000000000
3.1480000019073	0.34041479229927	-0.90745460987091	73.000000000000	0.0000000000000
3.1519999504089	0.33919322490692	-0.90788513422012	73.000000000000	0.0000000000000
3.1559998989105	0.33797445893288	-0.90831488370895	73.000000000000	0.0000000000000
3.1600000858307	0.33675891160965	-0.90874391794205	73.000000000000	0.0000000000000
3.1640000343323	0.33554622530937	-0.90917253494263	73.000000000000	0.0000000000000
3.1679999828339	0.33433684706688	-0.90960055589676	73.000000000000	0.0000000000000
3.1719999313354	0.33312988281250	-0.91002845764160	73.000000000000	0.0000000000000
3.1760001182556	0.33192625641823	-0.91045594215393	73.000000000000	0.0000000000000
3.1800000667572	0.33072423934937	-0.91088366508484	73.000000000000	0.0000000000000
3.1840000152588	0.32952514290810	-0.91131120920181	73.000000000000	0.0000000000000
3.1879999637604	0.32832726836205	-0.91173952817917	73.000000000000	0.0000000000000
3.1919999122620	0.32713234424591	-0.91216772794724	73.000000000000	0.0000000000000
3.1960000991821	0.32593861222267	-0.91259646415710	73.000000000000	0.0000000000000
3.2000000476837	0.32474651932716	-0.91302585601807	73.000000000000	0.0000000000000
3.2039999961853	0.32355561852455	-0.91345578432083	73.000000000000	0.0000000000000
3.2079999446869	0.32236590981483	-0.91388636827469	73.000000000000	0.0000000000000
3.2119998931885	0.32117694616318	-0.91431766748428	73.000000000000	0.0000000000000
3.2160000801086	0.31998908519745	-0.91474968194962	73.000000000000	0.0000000000000
3.2200000286102	0.31880155205727	-0.91518253087997	73.000000000000	0.0000000000000
3.2239999771118	0.31761464476585	-0.91561603546143	73.000000000000	0.0000000000000
3.2279999256134	0.31642714142799	-0.91605073213577	73.000000000000	0.0000000000000
3.2320001125336	0.31524068117142	-0.91648584604263	73.000000000000	0.0000000000000
3.2360000610352	0.31405305862427	-0.91692203283310	73.000000000000	0.0000000000000
3.2400000095367	0.31286600232124	-0.91735875606537	73.000000000000	0.0000000000000
3.2439999580383	0.31167733669281	-0.91779661178589	73.000000000000	0.0000000000000
3.2479999065399	0.31048783659935	-0.91823518276215	73.000000000000	0.0000000000000
3.2520000934601	0.30929788947105	-0.91867417097092	73.000000000000	0.0000000000000
3.2560000419617	0.30810663104057	-0.91911399364471	73.000000000000	0.0000000000000
3.2599999904633	0.30691403150558	-0.91955429315567	73.000000000000	0.0000000000000
3.2639999389648	0.30572000145912	-0.91999512910843	73.000000000000	0.0000000000000
3.2679998874664	0.30452406406403	-0.92043644189835	73.000000000000	0.0000000000000
3.2720000743866	0.30332615971565	-0.92087811231613	73.000000000000	0.0000000000000
3.2760000228882	0.30212628841400	-0.92132002115250	73.000000000000	0.0000000000000
3.2799999713898	0.30092433094978	-0.92176204919815	73.000000000000	0.0000000000000
3.2839999198914	0.29971984028816	-0.92220395803452	73.000000000000	0.0000000000000
3.2880001068115	0.29851278662682	-0.92264598608017	73.000000000000	0.0000000000000
3.2920000553131	0.29730311036110	-0.92308783531189	73.000000000000	0.0000000000000
3.2960000038147	0.29609072208405	-0.92352920770645	73.000000000000	0.0000000000000
3.2999999523163	0.29487517476082	-0.92397016286850	73.000000000000	0.0000000000000
3.3039999008179	0.29365727305412	-0.92441028356552	73.000000000000	0.0000000000000
3.3080000877380	0.29243561625481	-0.92484986782074	73.000000000000	0.0000000000000
3.3120000362396	0.29121106863022	-0.92528825998306	73.000000000000	0.0000000000000
3.3159999847412	0.28998270630836	-0.92572581768036	73.000000000000	0.0000000000000
3.3199999332428	0.28875085711479	-0.92616200447083	73.000000000000	0.0000000000000
3.3239998817444	0.28751599788666	-0.92659670114517	73.000000000000	0.0000000000000
3.3280000686646	0.28627708554268	-0.92702972888947	73.000000000000	0.0000000000000
3.3320000171661	0.28503462672234	-0.92746108770370	73.000000000000	0.0000000000000
3.3359999656677	0.28378891944885	-0.92789030075073	73.000000000000	0.0000000000000
3.3399999141693	0.28253868222237	-0.92831748723984	73.000000000000	0.0000000000000
3.3440001010895	0.28128552436829	-0.92874205112457	73.000000000000	0.0000000000000
3.3480000495911	0.28002774715424	-0.92916446924210	73.000000000000	0.0000000000000
3.3519999980927	0.27876654267311	-0.92958384752274	73.000000000000	0.0000000000000
3.3559999465942	0.27750098705292	-0.93000054359436	73.000000000000	0.0000000000000
3.3599998950958	0.27623197436333	-0.93041396141052	73.000000000000	0.0000000000000
3.3640000820160	0.27495947480202	-0.93082398176193	73.000000000000	0.0000000000000
3.3680000305176	0.27368247509003	-0.93123072385788	73.000000000000	0.0000000000000
3.3719999790192	0.27240234613419	-0.93163353204727	73.000000000000	0.0000000000000
3.3759999275208	0.27111771702766	-0.93203276395798	73.000000000000	0.0000000000000
3.3800001144409	0.26983028650284	-0.93242752552032	73.000000000000	0.0000000000000
3.3840000629425	0.26853805780411	-0.93281829357147	73.000000000000	0.0000000000000
3.3880000114441	0.26724278926849	-0.93320465087891	73.000000000000	0.0000000000000
3.3919999599457	0.26594397425652	-0.93358641862869	73.000000000000	0.0000000000000
3.3959999084473	0.26464161276817	-0.93396323919296	73.000000000000	0.0000000000000
3.4000000953674	0.26333594322205	-0.93433517217636	73.000000000000	0.0000000000000
3.4040000438690	0.26202708482742	-0.93470185995102	73.000000000000	0.0000000000000
3.4079999923706	0.26071485877037	-0.93506336212158	73.000000000000	0.0000000000000
3.4119999408722	0.25939992070198	-0.93541932106018	73.000000000000	0.0000000000000
3.4159998893738	0.25808173418045	-0.93576967716217	73.000000000000	0.0000000000000
3.4200000762939	0.25676062703133	-0.93611431121826	73.000000000000	0.0000000000000
3.4240000247955	0.25543719530106	-0.93645298480988	73.000000000000	0.0000000000000
3.4279999732971	0.25411120057106	-0.93678551912308	73.000000000000	0.0000000000000
3.4319999217987	0.25278267264366	-0.93711191415787	73.000000000000	0.0000000000000
3.4360001087189	0.25145161151886	-0.93743193149567	73.000000000000	0.0000000000000
3.4400000572205	0.25011888146400	-0.93774557113647	73.000000000000	0.0000000000000
3.4440000057220	0.24878410995007	-0.93805259466171	73.000000000000	0.0000000000000
3.4479999542236	0.24744766950607	-0.93835300207138	73.000000000000	0.0000000000000
3.4519999027252	0.24610958993435	-0.93864661455154	73.000000000000	0.0000000000000
3.4560000896454	0.24476993083954	-0.93893343210220	73.000000000000	0.0000000000000
3.4600000381470	0.24342910945415	-0.93921333551407	73.000000000000	0.0000000000000
3.4639999866486	0.24208761751652	-0.93948614597321	73.000000000000	0.0000000000000
3.4679999351501	0.24074502289295	-0.93975204229355	73.000000000000	0.0000000000000
3.4719998836517	0.23940177261829	-0.94001066684723	73.000000000000	0.0000000000000
3.4760000705719	0.23805813491344	-0.94026207923889	73.000000000000	0.0000000000000
3.4800000190735	0.23671434819698	-0.94050621986389	73.000000000000	0.0000000000000
3.4839999675751	0.23537021875381	-0.94074326753616	73.000000000000	0.0000000000000
3.4879999160767	0.23402646183968	-0.94097304344177	73.000000000000	0.0000000000000
3.4920001029968	0.23268310725689	-0.94119548797607	73.000000000000	0.0000000000000
3.4960000514984	0.23134037852287	-0.94141054153442	73.000000000000	0.0000000000000
3.5000000000000	0.22999809682369	-0.94161844253540	73.000000000000	0.0000000000000
3.5039999485016	0.22865702211857	-0.94181907176971	73.000000000000	0.0000000000000
3.5079998970032	0.22731694579124	-0.94201242923737	73.000000000000	0.0000000000000
3.5120000839233	0.22597831487656	-0.94219851493835	73.000000000000	0.0000000000000
3.5160000324249	0.22464120388031	-0.94237744808197	73.000000000000	0.0000000000000
3.5199999809265	0.22330611944199	-0.94254928827286	73.000000000000	0.0000000000000
3.5239999294281	0.22197261452675	-0.94271403551102	73.000000000000	0.0000000000000
3.5280001163483	0.22064143419266	-0.94287180900574	73.000000000000	0.0000000000000
3.5320000648499	0.21931238472462	-0.94302260875702	73.000000000000	0.0000000000000
3.5360000133514	0.21798622608185	-0.94316655397415	73.000000000000	0.0000000000000
3.5399999618530	0.21666248142719	-0.94330376386642	73.000000000000	0.0000000000000
3.5439999103546	0.21534171700478	-0.94343423843384	73.000000000000	0.0000000000000
3.5480000972748	0.21402394771576	-0.94355821609497	73.000000000000	0.0000000000000
3.5520000457764	0.21270945668221	-0.94367581605911	73.000000000000	0.0000000000000
3.5559999942780	0.21139828860760	-0.94378703832626	73.000000000000	0.0000000000000
3.5599999427795	0.21009071171284	-0.94389200210571	73.000000000000	0.0000000000000
3.5639998912811	0.20878656208515	-0.94399100542068	73.000000000000	0.0000000000000
3.5680000782013	0.20748655498028	-0.94408404827118	73.000000000000	0.0000000000000
3.5720000267029	0.20619052648544	-0.94417142868042	73.000000000000	0.0000000000000
3.5759999752045	0.20489828288555	-0.94425302743912	73.000000000000	0.0000000000000
3.5799999237061	0.20361056923866	-0.94432926177979	73.000000000000	0.0000000000000
3.5840001106262	0.20232696831226	-0.94440019130707	73.000000000000	0.0000000000000
3.5880000591278	0.20104797184467	-0.94446593523026	73.000000000000	0.0000000000000
3.5920000076294	0.19977320730686	-0.94452679157257	73.000000000000	0.0000000000000
3.5959999561310	0.19850358366966	-0.94458287954330	73.000000000000	0.0000000000000
3.5999999046326	0.19723828136921	-0.94463425874710	73.000000000000	0.0000000000000
3.6040000915527	0.19597776234150	-0.94468134641647	73.000000000000	0.0000000000000
3.6080000400543	0.19472233951092	-0.94472408294678	73.000000000000	0.0000000000000
3.6119999885559	0.19347178936005	-0.94476282596588	73.000000000000	0.0000000000000
3.6159999370575	0.19222596287727	-0.94479787349701	73.000000000000	0.0000000000000
3.6199998855591	0.19098532199860	-0.94482916593552	73.000000000000	0.0000000000000
3.6240000724792	0.18974971771240	-0.94485688209534	73.000000000000	0.0000000000000
3.6280000209808	0.18851916491985	-0.94488149881363	73.000000000000	0.0000000000000
3.6319999694824	0.18729370832443	-0.94490295648575	73.000000000000	0.0000000000000
3.6359999179840	0.18607316911221	-0.94492161273956	73.000000000000	0.0000000000000
3.6400001049042	0.18485799431801	-0.94493746757507	73.000000000000	0.0000000000000
3.6440000534058	0.18364760279655	-0.94495087862015	73.000000000000	0.0000000000000
3.6480000019073	0.18244266510010	-0.94496202468872	73.000000000000	0.0000000000000
3.6519999504089	0.18124231696129	-0.94497096538544	73.000000000000	0.0000000000000
3.6559998989105	0.18004682660103	-0.94497811794281	73.000000000000	0.0000000000000
3.6600000858307	0.17885665595531	-0.94498336315155	73.000000000000	0.0000000000000
3.6640000343323	0.17767117917538	-0.94498723745346	73.000000000000	0.0000000000000
3.6679999828339	0.17649044096470	-0.94498974084854	73.000000000000	0.0000000000000
3.6719999313354	0.17531439661980	-0.94499093294144	73.000000000000	0.0000000000000
3.6760001182556	0.17414312064648	-0.94499123096466	73.000000000000	0.0000000000000
3.6800000667572	0.17297637462616	-0.94499057531357	73.000000000000	0.0000000000000
3.6840000152588	0.17181399464607	-0.94498920440674	73.000000000000	0.0000000000000
3.6879999637604	0.17065620422363	-0.94498747587204	73.000000000000	0.0000000000000
3.6919999122620	0.16950210928917	-0.94498521089554	73.000000000000	0.0000000000000
3.6960000991821	0.16835263371468	-0.94498270750046	73.000000000000	0.0000000000000
3.7000000476837	0.16720689833164	-0.94498014450073	73.000000000000	0.0000000000000
3.7039999961853	0.16606514155865	-0.94497764110565	73.000000000000	0.0000000000000
3.7079999446869	0.16492690145969	-0.94497525691986	73.000000000000	0.0000000000000
3.7119998931885	0.16379219293594	-0.94497317075729	73.000000000000	0.0000000000000
3.7160000801086	0.16266103088856	-0.94497150182724	73.000000000000	0.0000000000000
3.7200000286102	0.16153317689896	-0.94497025012970	73.000000000000	0.0000000000000
3.7239999771118	0.16040843725204	-0.94496965408325	73.000000000000	0.0000000000000
3.7279999256134	0.15928655862808	-0.94496971368790	73.000000000000	0.0000000000000
3.7320001125336	0.15816736221313	-0.94497048854828	73.000000000000	0.0000000000000
3.7360000610352	0.15705077350140	-0.94497215747833	73.000000000000	0.0000000000000
3.7400000095367	0.15593662858009	-0.94497472047806	73.000000000000	0.0000000000000
3.7439999580383	0.15482467412949	-0.94497817754745	73.000000000000	0.0000000000000
3.7479999065399	0.15371488034725	-0.94498252868652	73.000000000000	0.0000000000000
3.7520000934601	0.15260705351830	-0.94498789310455	73.000000000000	0.0000000000000
3.7560000419617	0.15150050818920	-0.94499444961548	73.000000000000	0.0000000000000
3.7599999904633	0.15039588510990	-0.94500201940536	73.000000000000	0.0000000000000
3.7639999389648	0.14929227530956	-0.94501060247421	73.000000000000	0.0000000000000
3.7679998874664	0.14818988740444	-0.94502019882202	73.000000000000	0.0000000000000
3.7720000743866	0.14708852767944	-0.94503092765808	73.000000000000	0.0000000000000
3.7760000228882	0.14598789811134	-0.94504255056381	73.000000000000	0.0000000000000
3.7799999713898	0.14488779008389	-0.94505530595779	73.000000000000	0.0000000000000
3.7839999198914	0.14378817379475	-0.94506895542145	73.000000000000	0.0000000000000
3.7880001068115	0.14268858730793	-0.94508337974548	73.000000000000	0.0000000000000
3.7920000553131	0.14158900082111	-0.94509881734848	73.000000000000	0.0000000000000
3.7960000038147	0.14048939943314	-0.94511479139328	73.000000000000	0.0000000000000
3.7999999523163	0.13938935101032	-0.94513159990311	73.000000000000	0.0000000000000
3.8039999008179	0.13828878104687	-0.94514900445938	73.000000000000	0.0000000000000
3.8080000877380	0.13718791306019	-0.94516682624817	73.000000000000	0.0000000000000
3.8120000362396	0.13608604669571	-0.94518506526947	73.000000000000	0.0000000000000
3.8159999847412	0.13498294353485	-0.94520360231400	73.000000000000	0.0000000000000
3.8199999332428	0.13387902081013	-0.94522237777710	73.000000000000	0.0000000000000
3.8239998817444	0.13277357816696	-0.94524103403091	73.000000000000	0.0000000000000
3.8280000686646	0.13166727125645	-0.94525963068008	73.000000000000	0.0000000000000
3.8320000171661	0.13055896759033	-0.94527804851532	73.000000000000	0.0000000000000
3.8359999656677	0.12944908440113	-0.94529592990875	73.000000000000	0.0000000000000
3.8399999141693	0.12833759188652	-0.94531339406967	73.000000000000	0.0000000000000
3.8440001010895	0.12722401320934	-0.94533002376556	73.000000000000	0.0000000000000
3.8480000495911	0.12610878050327	-0.94534581899643	73.000000000000	0.0000000000000
3.8519999980927	0.12499143183231	-0.94536048173904	73.000000000000	0.0000000000000
3.8559999465942	0.12387146800756	-0.94537383317947	73.000000000000	0.0000000000000
3.8599998950958	0.12274979054928	-0.94538581371307	73.000000000000	0.0000000000000
3.8640000820160	0.12162571400404	-0.94539618492126	73.000000000000	0.0000000000000
3.8680000305176	0.12049939483404	-0.94540458917618	73.000000000000	0.0000000000000
3.8719999790192	0.11937041580677	-0.94541108608246	73.000000000000	0.0000000000000
3.8759999275208	0.11823917925358	-0.94541525840759	73.000000000000	0.0000000000000
3.8800001144409	0.11710545420647	-0.94541710615158	73.000000000000	0.0000000000000
3.8840000629425	0.11596942692995	-0.94541621208191	73.000000000000	0.0000000000000
3.8880000114441	0.11483064293861	-0.94541251659393	73.000000000000	0.0000000000000
3.8919999599457	0.11368954181671	-0.94540560245514	73.000000000000	0.0000000000000
3.8959999084473	0.11254590004683	-0.94539564847946	73.000000000000	0.0000000000000
3.9000000953674	0.11139988899231	-0.94538199901581	73.000000000000	0.0000000000000
3.9040000438690	0.11025128513575	-0.94536477327347	73.000000000000	0.0000000000000
3.9079999923706	0.10910054296255	-0.94534355401993	73.000000000000	0.0000000000000
3.9119999408722	0.10794740170240	-0.94531816244125	73.000000000000	0.0000000000000
3.9159998893738	0.10679210722446	-0.94528847932816	73.000000000000	0.0000000000000
3.9200000762939	0.10563462972641	-0.94525420665741	73.000000000000	0.0000000000000
3.9240000247955	0.10447519272566	-0.94521534442902	73.000000000000	0.0000000000000
3.9279999732971	0.10331357270479	-0.94517141580582	73.000000000000	0.0000000000000
3.9319999217987	0.10214997828007	-0.94512218236923	73.000000000000	0.0000000000000
3.9360001087189	0.10098487138748	-0.94506776332855	73.000000000000	0.0000000000000
3.9400000572205	0.099818244576454	-0.94500786066055	73.000000000000	0.0000000000000
3.9440000057220	0.098649643361568	-0.94494205713272	73.000000000000	0.0000000000000
3.9479999542236	0.097480207681656	-0.94487041234970	73.000000000000	0.0000000000000
3.9519999027252	0.096309252083302	-0.94479274749756	73.000000000000	0.0000000000000
3.9560000896454	0.095137454569340	-0.94470864534378	73.000000000000	0.0000000000000
3.9600000381470	0.093964621424675	-0.94461840391159	73.000000000000	0.0000000000000
3.9639999866486	0.092791408300400	-0.94452130794525	73.000000000000	0.0000000000000
3.9679999351501	0.091617383062840	-0.94441771507263	73.000000000000	0.0000000000000
3.9719998836517	0.090443447232246	-0.94430702924728	73.000000000000	0.0000000000000
3.9760000705719	0.089269168674946	-0.94418942928314	73.000000000000	0.0000000000000
3.9800000190735	0.088094800710678	-0.94406485557556	73.000000000000	0.0000000000000
3.9839999675751	0.086921006441116	-0.94393289089203	73.000000000000	0.0000000000000
3.9879999160767	0.085748031735420	-0.94379359483719	73.000000000000	0.0000000000000
3.9920001029968	0.084575444459915	-0.94364678859711	73.000000000000	0.0000000000000
3.9960000514984	0.083404168486595	-0.94349253177643	73.000000000000	0.0000000000000
4.0000000000000	0.082233995199203	-0.94333070516586	73.000000000000	0.0000000000000
