#Parameters = {tm=0.035; H=75.5; R=50; Z0=73; d=8; s=5; w=10}
#"Frequency / GHz"	"S1,1 (H=75.5) [Magnitude]"
#---------------------------------------------
0.0000000000000	0.0000000000000
0.0044999998062849	-3.3685881133024e-05
0.0089999996125698	-0.00013511294088728
0.013500000350177	-0.00030072623334803
0.017999999225140	-0.00053599393198966
0.022500000894070	-0.00083467465811617
0.027000000700355	-0.0011990355268775
0.031500000506639	-0.0016294373512605
0.035999998450279	-0.0021217822212359
0.040500000119209	-0.0026778308076530
0.045000001788139	-0.0032932949657193
0.049499999731779	-0.0039701804361957
0.054000001400709	-0.0047034974814620
0.058499999344349	-0.0054964320038298
0.063000001013279	-0.0063440930552425
0.067500002682209	-0.0072448074176936
0.071999996900558	-0.0081977783826442
0.076499998569489	-0.0092002903204256
0.081000000238419	-0.010251066425343
0.085500001907349	-0.011346640984812
0.090000003576279	-0.012487788002762
0.094499997794628	-0.013668908313464
0.098999999463558	-0.014890743849719
0.10350000113249	-0.016149274655973
0.10800000280142	-0.017443622779203
0.11249999701977	-0.018771069947256
0.11699999868870	-0.020129200410766
0.12150000035763	-0.021515778732479
0.12600000202656	-0.022930039739453
0.13050000369549	-0.024367944033422
0.13500000536442	-0.025829022065603
0.13950000703335	-0.027310429261992
0.14399999380112	-0.028812223422366
0.14849999547005	-0.030330014243689
0.15299999713898	-0.031865623574811
0.15749999880791	-0.033414215312849
0.16200000047684	-0.034977501502741
0.16650000214577	-0.036552275102272
0.17100000381470	-0.038139765642044
0.17550000548363	-0.039737474502447
0.18000000715256	-0.041346341016672
0.18449999392033	-0.042964925288310
0.18899999558926	-0.044594348623341
0.19349999725819	-0.046234950807730
0.19799999892712	-0.047885734680708
0.20250000059605	-0.049549501362027
0.20700000226498	-0.051226304955819
0.21150000393391	-0.052918929350465
0.21600000560284	-0.054627976331356
0.22050000727177	-0.056355227114226
0.22499999403954	-0.058104782978799
0.22949999570847	-0.059877337570398
0.23399999737740	-0.061679157447847
0.23849999904633	-0.063511578751778
0.24300000071526	-0.065378115031253
0.24750000238419	-0.067285363429741
0.25200000405312	-0.069236869771822
0.25650000572205	-0.071236973634476
0.26100000739098	-0.073292571724981
0.26550000905991	-0.075410236190011
0.27000001072884	-0.077594702243348
0.27450001239777	-0.079855063700648
0.27900001406670	-0.082196291747213
0.28349998593330	-0.084627251000192
0.28799998760223	-0.087155990464557
0.29249998927116	-0.089793065783261
0.29699999094009	-0.092544277115402
0.30149999260902	-0.095421930054883
0.30599999427795	-0.098435501387513
0.31049999594688	-0.10159390927257
0.31499999761581	-0.10491083114513
0.31949999928474	-0.10839432337132
0.32400000095367	-0.11205766463951
0.32850000262260	-0.11591371766521
0.33300000429153	-0.11997438419721
0.33750000596046	-0.12425382800760
0.34200000762939	-0.12876346345572
0.34650000929832	-0.13351831081658
0.35100001096725	-0.13853424355616
0.35550001263618	-0.14382263090047
0.36000001430511	-0.14940062618130
0.36449998617172	-0.15528414330445
0.36899998784065	-0.16148695242051
0.37349998950958	-0.16802759724429
0.37799999117851	-0.17492020547618
0.38249999284744	-0.18218404958141
0.38699999451637	-0.18983522373312
0.39149999618530	-0.19789167538155
0.39599999785423	-0.20637052105627
0.40049999952316	-0.21528966526255
0.40500000119209	-0.22466894474791
0.40950000286102	-0.23452638291821
0.41400000452995	-0.24488179531902
0.41850000619888	-0.25575341128375
0.42300000786781	-0.26716202383379
0.42750000953674	-0.27912609201280
0.43200001120567	-0.29166645690817
0.43650001287460	-0.30480371984216
0.44100001454353	-0.31855938114019
0.44549998641014	-0.33295173588444
0.44999998807907	-0.34800403216921
0.45449998974800	-0.36373667269888
0.45899999141693	-0.38017095890768
0.46349999308586	-0.39733016134485
0.46799999475479	-0.41523492220651
0.47249999642372	-0.43390684202618
0.47699999809265	-0.45336779585413
0.48149999976158	-0.47364246255806
0.48600000143051	-0.49475131620367
0.49050000309944	-0.51671901454210
0.49500000476837	-0.53956736524428
0.49950000643730	-0.56332005353425
0.50400000810623	-0.58800167629472
0.50849997997284	-0.61363276148758
0.51300001144409	-0.64023980510962
0.51749998331070	-0.66784424774080
0.52200001478195	-0.69647329803274
0.52649998664856	-0.72614878299476
0.53100001811981	-0.75689721092951
0.53549998998642	-0.78874093356915
0.54000002145767	-0.82170743870103
0.54449999332428	-0.85582007278312
0.54900002479553	-0.89110661354368
0.55349999666214	-0.92758918833607
0.55800002813339	-0.96529578770459
0.56250000000000	-1.0042529383575
0.56699997186661	-1.0444850979246
0.57150000333786	-1.0860213129316
0.57599997520447	-1.1288863673762
0.58050000667572	-1.1731090636507
0.58499997854233	-1.2187167809663
0.58950001001358	-1.2657371794665
0.59399998188019	-1.3141975810966
0.59850001335144	-1.3641283595852
0.60299998521805	-1.4155568378568
0.60750001668930	-1.4685140235896
0.61199998855591	-1.5230303050723
0.61650002002716	-1.5791343561687
0.62099999189377	-1.6368577433115
0.62550002336502	-1.6962318826335
0.62999999523163	-1.7572891612859
0.63450002670288	-1.8200622620102
0.63899999856949	-1.8845824855800
0.64349997043610	-1.9508863913609
0.64800000190735	-2.0190068475380
0.65249997377396	-2.0889789626117
0.65700000524521	-2.1608405313157
0.66149997711182	-2.2346267129911
0.66600000858307	-2.3103768767268
0.67049998044968	-2.3881267188614
0.67500001192093	-2.4679188776375
0.67949998378754	-2.5497938156175
0.68400001525879	-2.6337916016117
0.68849998712540	-2.7199558419396
0.69300001859665	-2.8083307950545
0.69749999046326	-2.8989636599169
0.70200002193451	-2.9918977104013
0.70649999380112	-3.0871828345068
0.71100002527237	-3.1848707305767
0.71549999713898	-3.2850099991563
0.72000002861023	-3.3876555602062
0.72450000047684	-3.4928610037509
0.72899997234344	-3.6006847084578
0.73350000381470	-3.7111868341192
0.73799997568130	-3.8244249942028
0.74250000715256	-3.9404646151856
0.74699997901917	-4.0593730757254
0.75150001049042	-4.1812180409689
0.75599998235703	-4.3060691264540
0.76050001382828	-4.4340051105263
0.76499998569489	-4.5650988534790
0.76950001716614	-4.6994353922922
0.77399998903275	-4.8370969703164
0.77850002050400	-4.9781728612794
0.78299999237061	-5.1227572483258
0.78750002384186	-5.2709458121708
0.79199999570847	-5.4228393788014
0.79650002717972	-5.5785464329068
0.80099999904633	-5.7381803104703
0.80549997091293	-5.9018579067195
0.81000000238419	-6.0697019263974
0.81449997425079	-6.2418453051849
0.81900000572205	-6.4184268318574
0.82349997758865	-6.5995893431731
0.82800000905991	-6.7854915525811
0.83249998092651	-6.9762909672365
0.83700001239777	-7.1721650349447
0.84149998426437	-7.3732959515505
0.84600001573563	-7.5798743141422
0.85049998760223	-7.7921098186450
0.85500001907349	-8.0102201039610
0.85949999094009	-8.2344370445874
0.86400002241135	-8.4650125682101
0.86849999427795	-8.7022083066444
0.87300002574921	-8.9463073307424
0.87749999761581	-9.1976085236770
0.88200002908707	-9.4564358310603
0.88650000095367	-9.7231339588405
0.89099997282028	-9.9980685605120
0.89550000429153	-10.281632810046
0.89999997615814	-10.574245577477
0.90450000762939	-10.876356052095
0.90899997949600	-11.188441546664
0.91350001096725	-11.511014128561
0.91799998283386	-11.844615050067
0.92250001430511	-12.189815725323
0.92699998617172	-12.547223819968
0.93150001764297	-12.917471819305
0.93599998950958	-13.301215950561
0.94050002098083	-13.699123336787
0.94499999284744	-14.111864721247
0.94950002431870	-14.540085312814
0.95399999618530	-14.984370757273
0.95850002765656	-15.445205338991
0.96299999952316	-15.922893241855
0.96749997138977	-16.417449523487
0.97200000286102	-16.928464625147
0.97649997472763	-17.454878360684
0.98100000619888	-17.994694269677
0.98549997806549	-18.544585514178
0.99000000953674	-19.099378511509
0.99449998140335	-19.651432539359
0.99900001287460	-20.189960932955
1.0034999847412	-20.700476192616
1.0080000162125	-21.164635815011
1.0125000476837	-21.560967265403
1.0169999599457	-21.866925056650
1.0214999914169	-22.062372363915
1.0260000228882	-22.133801044215
1.0305000543594	-22.077703612074
1.0349999666214	-21.901529339555
1.0394999980927	-21.621699508474
1.0440000295639	-21.259695480888
1.0484999418259	-20.837987600378
1.0529999732971	-20.377034065287
1.0575000047684	-19.893765166036
1.0620000362396	-19.401236408808
1.0664999485016	-18.908977703120
1.0709999799728	-18.423624483229
1.0755000114441	-17.949583443717
1.0800000429153	-17.489619758887
1.0844999551773	-17.045326690301
1.0889999866486	-16.617475891740
1.0935000181198	-16.206283520322
1.0980000495911	-15.811594040886
1.1024999618530	-15.433009080318
1.1069999933243	-15.069984091803
1.1115000247955	-14.721885259571
1.1160000562668	-14.388039632681
1.1204999685287	-14.067758366956
1.1250000000000	-13.760358607119
1.1295000314713	-13.465173717545
1.1339999437332	-13.181561117588
1.1384999752045	-12.908912894561
1.1430000066757	-12.646646369428
1.1475000381470	-12.394214590785
1.1519999504089	-12.151101958070
1.1564999818802	-11.916823056690
1.1610000133514	-11.690923382205
1.1655000448227	-11.472975392149
1.1699999570847	-11.262577700171
1.1744999885559	-11.059355661758
1.1790000200272	-10.862955072769
1.1835000514984	-10.673046507102
1.1879999637604	-10.489318331037
1.1924999952316	-10.311477329228
1.1970000267029	-10.139248620375
1.2015000581741	-9.9723735221360
1.2059999704361	-9.8106070897163
1.2105000019073	-9.6537185501995
1.2150000333786	-9.5014920873687
1.2194999456406	-9.3537192721067
1.2239999771118	-9.2102072752025
1.2285000085831	-9.0707710926556
1.2330000400543	-8.9352378513462
1.2374999523163	-8.8034385944169
1.2419999837875	-8.6752186038993
1.2465000152588	-8.5504279717142
1.2510000467300	-8.4289249688214
1.2554999589920	-8.3105735454558
1.2599999904633	-8.1952460846996
1.2645000219345	-8.0828193610329
1.2690000534058	-7.9731780463670
1.2734999656677	-7.8662096678557
1.2779999971390	-7.7618080983131
1.2825000286102	-7.6598722077964
1.2869999408722	-7.5603059038334
1.2914999723434	-7.4630167957004
1.2960000038147	-7.3679148767447
1.3005000352859	-7.2749196728341
1.3049999475479	-7.1839477706834
1.3094999790192	-7.0949242495368
1.3140000104904	-7.0077751181274
1.3185000419617	-6.9224307940760
1.3229999542236	-6.8388223265128
1.3274999856949	-6.7568885361785
1.3320000171661	-6.6765674366849
1.3365000486374	-6.5978007068409
1.3409999608994	-6.5205344801401
1.3454999923706	-6.4447125580003
1.3500000238419	-6.3702871158742
1.3545000553131	-6.2972102061167
1.3589999675751	-6.2254330021715
1.3634999990463	-6.1549159826027
1.3680000305176	-6.0856150013034
1.3724999427795	-6.0174924271443
1.3769999742508	-5.9505094764847
1.3815000057220	-5.8846300135737
1.3860000371933	-5.8198203391707
1.3904999494553	-5.7560526538384
1.3949999809265	-5.6932924043183
1.3995000123978	-5.6315104816699
1.4040000438690	-5.5706822359326
1.4084999561310	-5.5107814162241
1.4129999876022	-5.4517839825239
1.4175000190735	-5.3936646554086
1.4220000505447	-5.3364058383908
1.4264999628067	-5.2799846559333
1.4309999942780	-5.2243822542923
1.4355000257492	-5.1695837227098
1.4400000572205	-5.1155675475879
1.4444999694824	-5.0623226850608
1.4490000009537	-5.0098296694257
1.4535000324249	-4.9580785686594
1.4579999446869	-4.9070533109402
1.4624999761581	-4.8567433652594
1.4670000076294	-4.8071369225473
1.4715000391006	-4.7582236764761
1.4759999513626	-4.7099940732346
1.4804999828339	-4.6624360151874
1.4850000143051	-4.6155428916586
1.4895000457764	-4.5693062220177
1.4939999580383	-4.5237180231147
1.4984999895096	-4.4787728079602
1.5030000209808	-4.4344587108507
1.5075000524521	-4.3907742558961
1.5119999647141	-4.3477101457234
1.5164999961853	-4.3052608295006
1.5210000276566	-4.2634217668859
1.5255000591278	-4.2221870235562
1.5299999713898	-4.1815502238683
1.5345000028610	-4.1415076441528
1.5390000343323	-4.1020540987788
1.5434999465942	-4.0631848692848
1.5479999780655	-4.0248928838518
1.5525000095367	-3.9871763848075
1.5570000410080	-3.9500281320559
1.5614999532700	-3.9134452966375
1.5659999847412	-3.8774220658381
1.5705000162125	-3.8419537273586
1.5750000476837	-3.8070352287157
1.5794999599457	-3.7726616422377
1.5839999914169	-3.7388285238828
1.5885000228882	-3.7055308066996
1.5930000543594	-3.6727623305276
1.5974999666214	-3.6405178679738
1.6019999980927	-3.6087927296468
1.6065000295639	-3.5775799458691
1.6109999418259	-3.5468756405825
1.6154999732971	-3.5166711737303
1.6200000047684	-3.4869645641506
1.6245000362396	-3.4577448684278
1.6289999485016	-3.4290078279496
1.6334999799728	-3.4007473799300
1.6380000114441	-3.3729564599857
1.6425000429153	-3.3456260327007
1.6469999551773	-3.3187516218348
1.6514999866486	-3.2923254188565
1.6560000181198	-3.2663392369433
1.6605000495911	-3.2407871461888
1.6649999618530	-3.2156591665482
1.6694999933243	-3.1909500010239
1.6740000247955	-3.1666492219377
1.6785000562668	-3.1427511036327
1.6829999685287	-3.1192462952451
1.6875000000000	-3.0961271054178
1.6920000314713	-3.0733855130947
1.6964999437332	-3.0510120522809
1.7009999752045	-3.0289994748191
1.7055000066757	-3.0073394675202
1.7100000381470	-2.9860235525224
1.7144999504089	-2.9650419717297
1.7189999818802	-2.9443884082472
1.7235000133514	-2.9240515517810
1.7280000448227	-2.9040271860614
1.7324999570847	-2.8843038158489
1.7369999885559	-2.8648744939084
1.7415000200272	-2.8457313086641
1.7460000514984	-2.8268653117060
1.7504999637604	-2.8082691591198
1.7549999952316	-2.7899339421922
1.7595000267029	-2.7718555648200
1.7640000581741	-2.7540224326261
1.7684999704361	-2.7364293120218
1.7730000019073	-2.7190686311863
1.7775000333786	-2.7019333437353
1.7819999456406	-2.6850173492186
1.7864999771118	-2.6683125594849
1.7910000085831	-2.6518151926316
1.7955000400543	-2.6355173673489
1.7999999523163	-2.6194138964550
1.8044999837875	-2.6035002575416
1.8090000152588	-2.5877688836720
1.8135000467300	-2.5722169190113
1.8179999589920	-2.5568390842749
1.8224999904633	-2.5416306956690
1.8270000219345	-2.5265885798143
1.8315000534058	-2.5117077060020
1.8359999656677	-2.4969856093621
1.8404999971390	-2.4824187634082
1.8450000286102	-2.4680035803049
1.8494999408722	-2.4537398107890
1.8539999723434	-2.4396235493945
1.8585000038147	-2.4256520630746
1.8630000352859	-2.4118259311483
1.8674999475479	-2.3981407267324
1.8719999790192	-2.3845993040442
1.8765000104904	-2.3711978766741
1.8810000419617	-2.3579374848274
1.8854999542236	-2.3448172819340
1.8899999856949	-2.3318365241294
1.8945000171661	-2.3189979167510
1.8990000486374	-2.3062995218775
1.9034999608994	-2.2937435000081
1.9079999923706	-2.2813306857286
1.9125000238419	-2.2690618551421
1.9170000553131	-2.2569378825301
1.9214999675751	-2.2449621725440
1.9259999990463	-2.2331367727365
1.9305000305176	-2.2214604852680
1.9349999427795	-2.2099375854149
1.9394999742508	-2.1985725382862
1.9440000057220	-2.1873635698708
1.9485000371933	-2.1763155025463
1.9529999494553	-2.1654290831018
1.9574999809265	-2.1547089278699
1.9620000123978	-2.1441583680335
1.9665000438690	-2.1337772353481
1.9709999561310	-2.1235710576510
1.9754999876022	-2.1135423700808
1.9800000190735	-2.1036911263904
1.9845000505447	-2.0940235246177
1.9889999628067	-2.0845415849719
1.9934999942780	-2.0752491904030
1.9980000257492	-2.0661470342768
2.0025000572205	-2.0572378576580
2.0069999694824	-2.0485271151455
2.0114998817444	-2.0400153289110
2.0160000324249	-2.0317053035382
2.0204999446869	-2.0235982744079
2.0250000953674	-2.0157009035972
2.0295000076294	-2.0080118786148
2.0339999198914	-2.0005326883691
2.0385000705719	-1.9932680640037
2.0429999828339	-1.9862206445890
2.0474998950958	-1.9793900877275
2.0520000457764	-1.9727791521538
2.0564999580383	-1.9663894239075
2.0610001087189	-1.9602225508338
2.0655000209808	-1.9542806345003
2.0699999332428	-1.9485639934100
2.0745000839233	-1.9430722502639
2.0789999961853	-1.9378114021487
2.0834999084473	-1.9327763638218
2.0880000591278	-1.9279740815503
2.0924999713898	-1.9234011773856
2.0969998836517	-1.9190600357033
2.1015000343323	-1.9149508805855
2.1059999465942	-1.9110750052163
2.1105000972748	-1.9074304559276
2.1150000095367	-1.9040211943371
2.1194999217987	-1.9008452693643
2.1240000724792	-1.8979032903952
2.1284999847412	-1.8951950350158
2.1329998970032	-1.8927203074088
2.1375000476837	-1.8904820525483
2.1419999599457	-1.8884771471299
2.1465001106262	-1.8867082869847
2.1510000228882	-1.8851737221791
2.1554999351501	-1.8838771148133
2.1600000858307	-1.8828133294301
2.1644999980927	-1.8819862372776
2.1689999103546	-1.8813943790250
2.1735000610352	-1.8810412620804
2.1779999732971	-1.8809240577866
2.1824998855591	-1.8810455110910
2.1870000362396	-1.8814042738153
2.1914999485016	-1.8820028620645
2.1960000991821	-1.8828428030017
2.2005000114441	-1.8839231293000
2.2049999237061	-1.8852483366297
2.2095000743866	-1.8868163388106
2.2139999866486	-1.8886308393798
2.2184998989105	-1.8906934638648
2.2230000495911	-1.8930067741313
2.2274999618530	-1.8955714301833
2.2320001125336	-1.8983921655673
2.2365000247955	-1.9014701917693
2.2409999370575	-1.9048108600771
2.2455000877380	-1.9084132926774
2.2500000000000	-1.9122828563959
2.2544999122620	-1.9164238017870
2.2590000629425	-1.9208425543683
2.2634999752045	-1.9255391468883
2.2679998874664	-1.9305211000738
2.2725000381470	-1.9357918347798
2.2769999504089	-1.9413552348207
2.2815001010895	-1.9472193823359
2.2860000133514	-1.9533901101884
2.2904999256134	-1.9598704786398
2.2950000762939	-1.9666685517057
2.2994999885559	-1.9737930033967
2.3039999008179	-1.9812471206752
2.3085000514984	-1.9890368349532
2.3129999637604	-1.9971726603697
2.3175001144409	-2.0056607787041
2.3220000267029	-2.0145098283386
2.3264999389648	-2.0237279931587
2.3310000896454	-2.0333209637837
2.3355000019073	-2.0432993555299
2.3399999141693	-2.0536721717142
2.3445000648499	-2.0644442777261
2.3489999771118	-2.0756273123579
2.3534998893738	-2.0872317017033
2.3580000400543	-2.0992634443177
2.3624999523163	-2.1117353267273
2.3670001029968	-2.1246518724679
2.3715000152588	-2.1380278147244
2.3759999275208	-2.1518673185214
2.3805000782013	-2.1661837842128
2.3849999904633	-2.1809853596388
2.3894999027252	-2.1962816673650
2.3940000534058	-2.2120811043486
2.3984999656677	-2.2283959350958
2.4030001163483	-2.2452317999029
2.4075000286102	-2.2625985582132
2.4119999408722	-2.2805084102328
2.4165000915527	-2.2989665146806
2.4210000038147	-2.3179818763697
2.4254999160767	-2.3375653566736
2.4300000667572	-2.3577253632412
2.4344999790192	-2.3784678368036
2.4389998912811	-2.3998000888873
2.4435000419617	-2.4217327556809
2.4479999542236	-2.4442685571020
2.4525001049042	-2.4674164704405
2.4570000171661	-2.4911826117609
2.4614999294281	-2.5155730227493
2.4660000801086	-2.5405942976666
2.4704999923706	-2.5662478415261
2.4749999046326	-2.5925398789277
2.4795000553131	-2.6194758765375
2.4839999675751	-2.6470550150068
2.4885001182556	-2.6752823994363
2.4930000305176	-2.7041604394447
2.4974999427795	-2.7336900277530
2.5020000934601	-2.7638676200130
2.5065000057220	-2.7946981514932
2.5109999179840	-2.8261778439272
2.5155000686646	-2.8583055469041
2.5199999809265	-2.8910778931827
2.5244998931885	-2.9244903311508
2.5290000438690	-2.9585386426961
2.5334999561310	-2.9932174356232
2.5380001068115	-3.0285192499415
2.5425000190735	-3.0644382033560
2.5469999313354	-3.1009620754250
2.5515000820160	-3.1380817996174
2.5559999942780	-3.1757882150058
2.5604999065399	-3.2140682134350
2.5650000572205	-3.2529040534685
2.5694999694824	-3.2922857233176
2.5739998817444	-3.3321963290534
2.5785000324249	-3.3726143516582
2.5829999446869	-3.4135233682003
2.5875000953674	-3.4549043636695
2.5920000076294	-3.4967325563212
2.5964999198914	-3.5389853722127
2.6010000705719	-3.5816384760376
2.6054999828339	-3.6246647678435
2.6099998950958	-3.6680369358584
2.6145000457764	-3.7117256624024
2.6189999580383	-3.7556990050327
2.6235001087189	-3.7999243654089
2.6280000209808	-3.8443689800645
2.6324999332428	-3.8889953718245
2.6370000839233	-3.9337666614225
2.6414999961853	-3.9786422684453
2.6459999084473	-4.0235861968011
2.6505000591278	-4.0685521280837
2.6549999713898	-4.1134990431177
2.6594998836517	-4.1583804946430
2.6640000343323	-4.2031494814685
2.6684999465942	-4.2477623691273
2.6730000972748	-4.2921673487202
2.6775000095367	-4.3363135091360
2.6819999217987	-4.3801527223548
2.6865000724792	-4.4236307782034
2.6909999847412	-4.4666936883999
2.6954998970032	-4.5092890135286
2.7000000476837	-4.5513641386178
2.7044999599457	-4.5928605313699
2.7090001106262	-4.6337235380908
2.7135000228882	-4.6738997707615
2.7179999351501	-4.7133322788429
2.7225000858307	-4.7519644878008
2.7269999980927	-4.7897434925554
2.7314999103546	-4.8266136250211
2.7360000610352	-4.8625203688983
2.7404999732971	-4.8974098397207
2.7449998855591	-4.9312317783639
2.7495000362396	-4.9639351594027
2.7539999485016	-4.9954708054785
2.7585000991821	-5.0257930205320
2.7630000114441	-5.0548522195729
2.7674999237061	-5.0826067316633
2.7720000743866	-5.1090191778562
2.7764999866486	-5.1340467093878
2.7809998989105	-5.1576548137012
2.7855000495911	-5.1798098013478
2.7899999618530	-5.2004877353553
2.7945001125336	-5.2196539102383
2.7990000247955	-5.2372883629346
2.8034999370575	-5.2533733591820
2.8080000877380	-5.2678908684624
2.8125000000000	-5.2808260725981
2.8169999122620	-5.2921739235820
2.8215000629425	-5.3019275566008
2.8259999752045	-5.3100831156925
2.8304998874664	-5.3166454165214
2.8350000381470	-5.3216176396782
2.8394999504089	-5.3250103126779
2.8440001010895	-5.3268348851226
2.8485000133514	-5.3271096077714
2.8529999256134	-5.3258524229905
2.8575000762939	-5.3230837732237
2.8619999885559	-5.3188324912276
2.8664999008179	-5.3131243608740
2.8710000514984	-5.3059922895069
2.8754999637604	-5.2974714550799
2.8800001144409	-5.2875943115066
2.8845000267029	-5.2764005721227
2.8889999389648	-5.2639282306274
2.8935000896454	-5.2502229515942
2.8980000019073	-5.2353247220071
2.9024999141693	-5.2192787933861
2.9070000648499	-5.2021300889937
2.9114999771118	-5.1839255339822
2.9159998893738	-5.1647139149467
2.9205000400543	-5.1445412684637
2.9249999523163	-5.1234518360811
2.9295001029968	-5.1015013224740
2.9340000152588	-5.0787323931754
2.9384999275208	-5.0551949218448
2.9430000782013	-5.0309342712389
2.9474999904633	-5.0059966797859
2.9519999027252	-4.9804329876230
2.9565000534058	-4.9542850126946
2.9609999656677	-4.9275984700949
2.9655001163483	-4.9004164298070
2.9700000286102	-4.8727823996312
2.9744999408722	-4.8447369205186
2.9790000915527	-4.8163203347452
2.9835000038147	-4.7875726449052
2.9879999160767	-4.7585291693945
2.9925000667572	-4.7292285635344
2.9969999790192	-4.6997042402872
3.0014998912811	-4.6699901203452
3.0060000419617	-4.6401178865746
3.0104999542236	-4.6101194696008
3.0150001049042	-4.5800218804537
3.0195000171661	-4.5498557809894
3.0239999294281	-4.5196435435588
3.0285000801086	-4.4894135019060
3.0329999923706	-4.4591863016448
3.0374999046326	-4.4289851998806
3.0420000553131	-4.3988312107562
3.0464999675751	-4.3687430636078
3.0510001182556	-4.3387391858785
3.0555000305176	-4.3088356658760
3.0599999427795	-4.2790478388183
3.0645000934601	-4.2493913098958
3.0690000057220	-4.2198781981063
3.0734999179840	-4.1905203357718
3.0780000686646	-4.1613297899687
3.0824999809265	-4.1323149966469
3.0869998931885	-4.1034869717548
3.0915000438690	-4.0748526908452
3.0959999561310	-4.0464176866539
3.1005001068115	-4.0181917132259
3.1050000190735	-3.9901786063224
3.1094999313354	-3.9623823020090
3.1140000820160	-3.9348072726386
3.1184999942780	-3.9074574785663
3.1229999065399	-3.8803358245931
3.1275000572205	-3.8534451087307
3.1319999694824	-3.8267860324848
3.1364998817444	-3.8003597393289
3.1410000324249	-3.7741671704394
3.1454999446869	-3.7482094716485
3.1500000953674	-3.7224858369477
3.1545000076294	-3.6969968414312
3.1589999198914	-3.6717397615475
3.1635000705719	-3.6467161465910
3.1679999828339	-3.6219237649636
3.1724998950958	-3.5973602278698
3.1770000457764	-3.5730267506904
3.1814999580383	-3.5489179255699
3.1860001087189	-3.5250355854811
3.1905000209808	-3.5013752248948
3.1949999332428	-3.4779358991175
3.1995000839233	-3.4547149906192
3.2039999961853	-3.4317127877571
3.2084999084473	-3.4089231189642
3.2130000591278	-3.3863466793473
3.2174999713898	-3.3639815301198
3.2219998836517	-3.3418246007897
3.2265000343323	-3.3198736638417
3.2309999465942	-3.2981286280019
3.2355000972748	-3.2765857809970
3.2400000095367	-3.2552435805975
3.2444999217987	-3.2341018784364
3.2490000724792	-3.2131568257560
3.2534999847412	-3.1924083697167
3.2579998970032	-3.1718539462377
3.2625000476837	-3.1514940240557
3.2669999599457	-3.1313249707770
3.2715001106262	-3.1113480806920
3.2760000228882	-3.0915627653329
3.2804999351501	-3.0719643645906
3.2850000858307	-3.0525545764600
3.2894999980927	-3.0333327256944
3.2939999103546	-3.0142982918659
3.2985000610352	-2.9954496593683
3.3029999732971	-2.9767860260917
3.3074998855591	-2.9583089777032
3.3120000362396	-2.9400170336211
3.3164999485016	-2.9219089759528
3.3210000991821	-2.9039851241304
3.3255000114441	-2.8862469491071
3.3299999237061	-2.8686932231682
3.3345000743866	-2.8513219664143
3.3389999866486	-2.8341351520414
3.3434998989105	-2.8171318618475
3.3480000495911	-2.8003112365166
3.3524999618530	-2.7836756393262
3.3570001125336	-2.7672223961049
3.3615000247955	-2.7509514377794
3.3659999370575	-2.7348623975335
3.3705000877380	-2.7189569935224
3.3750000000000	-2.7032342427512
3.3794999122620	-2.6876920846240
3.3840000629425	-2.6723304362300
3.3884999752045	-2.6571514253773
3.3929998874664	-2.6421511647248
3.3975000381470	-2.6273308676098
3.4019999504089	-2.6126904032771
3.4065001010895	-2.5982252702093
3.4110000133514	-2.5839382508632
3.4154999256134	-2.5698256205288
3.4200000762939	-2.5558883158558
3.4244999885559	-2.5421232360343
3.4289999008179	-2.5285317522165
3.4335000514984	-2.5151096207195
3.4379999637604	-2.5018562048887
3.4425001144409	-2.4887720332191
3.4470000267029	-2.4758502192243
3.4514999389648	-2.4630930856610
3.4560000896454	-2.4504971451768
3.4605000019073	-2.4380611238562
3.4649999141693	-2.4257803982014
3.4695000648499	-2.4136575476251
3.4739999771118	-2.4016858210381
3.4784998893738	-2.3898627853715
3.4830000400543	-2.3781882970080
3.4874999523163	-2.3666598322164
3.4920001029968	-2.3552720259933
3.4965000152588	-2.3440263792505
3.5009999275208	-2.3329160718560
3.5055000782013	-2.3219399555914
3.5099999904633	-2.3110954620188
3.5144999027252	-2.3003777426831
3.5190000534058	-2.2897875178270
3.5234999656677	-2.2793210088181
3.5280001163483	-2.2689719559763
3.5325000286102	-2.2587422557818
3.5369999408722	-2.2486247846412
3.5415000915527	-2.2386228333090
3.5460000038147	-2.2287256167837
3.5504999160767	-2.2189354902864
3.5550000667572	-2.2092488154407
3.5594999790192	-2.1996623555839
3.5639998912811	-2.1901761963468
3.5685000419617	-2.1807862051584
3.5729999542236	-2.1714878247411
3.5775001049042	-2.1622821084862
3.5820000171661	-2.1531645006788
3.5864999294281	-2.1441346767467
3.5910000801086	-2.1351918405055
3.5954999923706	-2.1263309858752
3.5999999046326	-2.1175518076892
3.6045000553131	-2.1088544372275
3.6089999675751	-2.1002348441997
3.6135001182556	-2.0916917534691
3.6180000305176	-2.0832267022417
3.6224999427795	-2.0748366245305
3.6270000934601	-2.0665220133323
3.6315000057220	-2.0582812676129
3.6359999179840	-2.0501120890667
3.6405000686646	-2.0420183489526
3.6449999809265	-2.0339959541829
3.6494998931885	-2.0260473475865
3.6540000438690	-2.0181712694927
3.6584999561310	-2.0103686577536
3.6630001068115	-2.0026383172237
3.6675000190735	-1.9949816122473
3.6719999313354	-1.9874000506060
3.6765000820160	-1.9798922596262
3.6809999942780	-1.9724616395984
3.6854999065399	-1.9651067391976
3.6900000572205	-1.9578290792749
3.6944999694824	-1.9506313598071
3.6989998817444	-1.9435142480523
3.7035000324249	-1.9364780783607
3.7079999446869	-1.9295253892838
3.7125000953674	-1.9226555384402
3.7170000076294	-1.9158718903958
3.7214999198914	-1.9091749478732
3.7260000705719	-1.9025671719466
3.7304999828339	-1.8960487841183
3.7349998950958	-1.8896242947499
3.7395000457764	-1.8832912827502
3.7439999580383	-1.8770558942943
3.7485001087189	-1.8709168133609
3.7530000209808	-1.8648743210001
3.7574999332428	-1.8589349506067
3.7620000839233	-1.8530953121118
3.7664999961853	-1.8473589158210
3.7709999084473	-1.8417267007517
3.7755000591278	-1.8362017165144
3.7799999713898	-1.8307841359277
3.7844998836517	-1.8254745597328
3.7890000343323	-1.8202744284058
3.7934999465942	-1.8151871739264
3.7980000972748	-1.8102107420142
3.8025000095367	-1.8053472941281
3.8069999217987	-1.8005962411840
3.8115000724792	-1.7959604753637
3.8159999847412	-1.7914413171642
3.8204998970032	-1.7870346806514
3.8250000476837	-1.7827459568807
3.8294999599457	-1.7785717331100
3.8340001106262	-1.7745142945436
3.8385000228882	-1.7705742383321
3.8429999351501	-1.7667481135206
3.8475000858307	-1.7630386795097
3.8519999980927	-1.7594444800062
3.8564999103546	-1.7559666549263
3.8610000610352	-1.7526005487481
3.8654999732971	-1.7493492542113
3.8699998855591	-1.7462107042901
3.8745000362396	-1.7431854507706
3.8789999485016	-1.7402697843673
3.8835000991821	-1.7374637904922
3.8880000114441	-1.7347666434050
3.8924999237061	-1.7321775078363
3.8970000743866	-1.7296940805651
3.9014999866486	-1.7273164582437
3.9059998989105	-1.7250417783560
3.9105000495911	-1.7228675641339
3.9149999618530	-1.7207953383419
3.9195001125336	-1.7188230711718
3.9240000247955	-1.7169460996992
3.9284999370575	-1.7151661539419
3.9330000877380	-1.7134806273782
3.9375000000000	-1.7118896205806
3.9419999122620	-1.7103889582049
3.9465000629425	-1.7089799125519
3.9509999752045	-1.7076596222339
3.9554998874664	-1.7064250155609
3.9600000381470	-1.7052791773847
3.9644999504089	-1.7042177596035
3.9690001010895	-1.7032417785717
3.9735000133514	-1.7023490329600
3.9779999256134	-1.7015383726137
3.9825000762939	-1.7008115442809
3.9869999885559	-1.7001667589858
3.9914999008179	-1.6996037278388
3.9960000514984	-1.6991218613378
4.0005002021790	-1.6987211434712
4.0050001144409	-1.6984004957703
4.0095000267029	-1.6981640394867
4.0139999389648	-1.6980104811302
4.0184998512268	-1.6979400199736
4.0229997634888	-1.6979552872434
4.0275001525879	-1.6980545606338
4.0320000648499	-1.6982417125069
4.0364999771118	-1.6985165956206
4.0409998893738	-1.6988835903096
4.0454998016357	-1.6993423916751
4.0500001907349	-1.6998953415210
4.0545001029968	-1.7005461216854
4.0590000152588	-1.7012946495417
4.0634999275208	-1.7021482328798
4.0679998397827	-1.7031086833634
4.0725002288818	-1.7041768405414
4.0770001411438	-1.7053570468982
4.0815000534058	-1.7066534259126
4.0859999656677	-1.7080700495622
4.0904998779297	-1.7096119148168
4.0949997901917	-1.7112808067042
4.0995001792908	-1.7130833531168
4.1040000915527	-1.7150194715238
4.1085000038147	-1.7170996851265
4.1129999160767	-1.7193253778467
4.1174998283386	-1.7217030502719
4.1220002174377	-1.7242357254884
4.1265001296997	-1.7269290651292
4.1310000419617	-1.7297877222168
4.1354999542236	-1.7328186382167
4.1399998664856	-1.7360235528219
4.1444997787476	-1.7394089496306
4.1490001678467	-1.7429810414307
4.1535000801086	-1.7467439220083
4.1579999923706	-1.7507039455671
4.1624999046326	-1.7548623146873
4.1669998168945	-1.7592279266139
4.1715002059937	-1.7638028239844
4.1760001182556	-1.7685947660184
4.1805000305176	-1.7736036652100
4.1849999427795	-1.7788372392139
4.1894998550415	-1.7842976705484
4.1939997673035	-1.7899926778387
4.1985001564026	-1.7959215661195
4.2030000686646	-1.8020911546360
4.2074999809265	-1.8085003447608
4.2119998931885	-1.8151588421946
4.2164998054504	-1.8220639069523
4.2210001945496	-1.8292194294225
4.2255001068115	-1.8366287584734
4.2300000190735	-1.8442919631065
4.2344999313354	-1.8522116109103
4.2389998435974	-1.8603880278462
4.2435002326965	-1.8688236406000
4.2480001449585	-1.8775191459251
4.2525000572205	-1.8864708873453
4.2569999694824	-1.8956823350765
4.2614998817444	-1.9051509322740
4.2659997940063	-1.9148759307713
4.2705001831055	-1.9248540754517
4.2750000953674	-1.9350857101633
4.2795000076294	-1.9455675219008
4.2839999198914	-1.9562965847230
4.2884998321533	-1.9672683055035
4.2930002212524	-1.9784783087647
4.2975001335144	-1.9899255843012
4.3020000457764	-2.0016024999448
4.3064999580383	-2.0135043173000
4.3109998703003	-2.0256251760068
4.3154997825623	-2.0379581899166
4.3200001716614	-2.0504973815994
4.3245000839233	-2.0632356191961
4.3289999961853	-2.0761653066482
4.3334999084473	-2.0892787946876
4.3379998207092	-2.1025658681871
4.3425002098083	-2.1160194781745
4.3470001220703	-2.1296278439791
4.3515000343323	-2.1433839374996
4.3559999465942	-2.1572764758258
4.3604998588562	-2.1712946528904
4.3649997711182	-2.1854295490142
4.3695001602173	-2.1996647843520
4.3740000724792	-2.2139941888895
4.3784999847412	-2.2284033865870
4.3829998970032	-2.2428809972694
4.3874998092651	-2.2574152980170
4.3920001983643	-2.2719902115272
4.3965001106262	-2.2865962181341
4.4010000228882	-2.3012184697465
4.4054999351501	-2.3158443130843
4.4099998474121	-2.3304606028717
4.4145002365112	-2.3450531956796
4.4190001487732	-2.3596099915889
4.4235000610352	-2.3741143411874
4.4279999732971	-2.3885556202826
4.4324998855591	-2.4029172633834
4.4369997978210	-2.4171891238855
4.4415001869202	-2.4313537576566
4.4460000991821	-2.4453993474596
4.4505000114441	-2.4593151629974
4.4549999237061	-2.4730827997099
4.4594998359680	-2.4866927026540
4.4640002250671	-2.5001316392413
4.4685001373291	-2.5133847601712
4.4730000495911	-2.5264423589649
4.4774999618530	-2.5392916621164
4.4819998741150	-2.5519221826548
4.4864997863770	-2.5643195774160
4.4910001754761	-2.5764746983580
4.4955000877380	-2.5883782610783
4.5000000000000	-2.6000171209508
