#Parameters = {D=8; L=80; d_a=10; e_m=9; e_s=30; gap=1.5; m_x=30; m_y=40; m_z=100; mu_m=1; mu_s=1; s_d=2}
#"Frequency / GHz"	"S2,1 (m_z=100) [Re]"	"S2,1 (m_z=100) [Im]"
#-------------------------------------------------------------
0.0000000000000	0.00010155014024349	-0.0000000000000
0.0040000001899898	8.4337079897523e-05	-0.0013189223827794
0.0080000003799796	3.2783002097858e-05	-0.0026363921351731
0.012000000104308	-5.2859413699480e-05	-0.0039509856142104
0.016000000759959	-0.00017217705317307	-0.0052613411098719
0.019999999552965	-0.00032461265800521	-0.0065661813132465
0.024000000208616	-0.00050948472926393	-0.0078643383458257
0.028000000864267	-0.00072600384010002	-0.0091547761112452
0.032000001519918	-0.00097330933203921	-0.010436601936817
0.035999998450279	-0.0012504879850894	-0.011709077283740
0.039999999105930	-0.0015566169749945	-0.012971620075405
0.043999999761581	-0.0018907748162746	-0.014223807491362
0.048000000417233	-0.0022520876955241	-0.015465357340872
0.052000001072884	-0.0026397500187159	-0.016696128994226
0.056000001728535	-0.0030530453659594	-0.017916096374393
0.059999998658895	-0.0034913762938231	-0.019125323742628
0.064000003039837	-0.0039542601443827	-0.020323947072029
0.068000003695488	-0.0044413739815354	-0.021512134000659
0.071999996900558	-0.0049525066278875	-0.022690070793033
0.075999997556210	-0.0054876063950360	-0.023857912048697
0.079999998211861	-0.0060467571020126	-0.025015765801072
0.083999998867512	-0.0066301343031228	-0.026163665577769
0.087999999523163	-0.0072380476631224	-0.027301536872983
0.092000000178814	-0.0078708631917834	-0.028429184108973
0.096000000834465	-0.0085289878770709	-0.029546272009611
0.10000000149012	-0.0092128785327077	-0.030652314424515
0.10400000214577	-0.0099229486659169	-0.031746678054333
0.10800000280142	-0.010659605264664	-0.032828569412231
0.11200000345707	-0.011423152871430	-0.033897057175636
0.11599999666214	-0.012213820591569	-0.034951068460941
0.11999999731779	-0.013031675480306	-0.035989429801702
0.12399999797344	-0.013876681216061	-0.037010870873928
0.12800000607967	-0.014748597517610	-0.038014054298401
0.13199999928474	-0.015647016465664	-0.038997612893581
0.13600000739098	-0.016571346670389	-0.039960190653801
0.14000000059605	-0.017520824447274	-0.040900446474552
0.14399999380112	-0.018494492396712	-0.041817102581263
0.14800000190735	-0.019491225481033	-0.042708989232779
0.15199999511242	-0.020509738475084	-0.043575052171946
0.15600000321865	-0.021548649296165	-0.044414367526770
0.15999999642372	-0.022606421262026	-0.045226205140352
0.16400000452995	-0.023681480437517	-0.046009995043278
0.16799999773502	-0.024772185832262	-0.046765368431807
0.17200000584126	-0.025876941159368	-0.047492135316133
0.17599999904633	-0.026994084939361	-0.048190291970968
0.18000000715256	-0.028122080489993	-0.048860032111406
0.18400000035763	-0.029259432107210	-0.049501709640026
0.18799999356270	-0.030404731631279	-0.050115816295147
0.19200000166893	-0.031556732952595	-0.050702959299088
0.19599999487400	-0.032714277505875	-0.051263865083456
0.20000000298023	-0.033876426517963	-0.051799308508635
0.20399999618530	-0.035042334347963	-0.052310094237328
0.20800000429153	-0.036211278289557	-0.052797071635723
0.21199999749660	-0.037382759153843	-0.053261019289494
0.21600000560284	-0.038556341081858	-0.053702704608440
0.21999999880791	-0.039731681346893	-0.054122827947140
0.22400000691414	-0.040908545255661	-0.054521974176168
0.22800000011921	-0.042086798697710	-0.054900672286749
0.23199999332428	-0.043266225606203	-0.055259317159653
0.23600000143051	-0.044446721673012	-0.055598203092813
0.23999999463558	-0.045628100633621	-0.055917531251907
0.24400000274181	-0.046810142695904	-0.056217413395643
0.24799999594688	-0.047992512583733	-0.056497890502214
0.25200000405312	-0.049174748361111	-0.056758962571621
0.25600001215935	-0.050356425344944	-0.057000569999218
0.25999999046326	-0.051536794751883	-0.057222705334425
0.26399999856949	-0.052715148776770	-0.057425349950790
0.26800000667572	-0.053890470415354	-0.057608619332314
0.27200001478195	-0.055061805993319	-0.057772681117058
0.27599999308586	-0.056227967143059	-0.057917829602957
0.28000000119209	-0.057387724518776	-0.058044541627169
0.28400000929832	-0.058539777994156	-0.058153480291367
0.28799998760223	-0.059682827442884	-0.058245491236448
0.29199999570847	-0.060815475881100	-0.058321677148342
0.29600000381470	-0.061936531215906	-0.058383278548717
0.30000001192093	-0.063044756650925	-0.058431833982468
0.30399999022484	-0.064139038324356	-0.058469094336033
0.30799999833107	-0.065218456089497	-0.058497004210949
0.31200000643730	-0.066282212734222	-0.058517675846815
0.31600001454353	-0.067329801619053	-0.058533389121294
0.31999999284744	-0.068360902369022	-0.058546565473080
0.32400000095367	-0.069375433027744	-0.058559741824865
0.32800000905991	-0.070373661816120	-0.058575496077538
0.33199998736382	-0.071356073021889	-0.058596424758434
0.33599999547005	-0.072323456406593	-0.058625105768442
0.34000000357628	-0.073276832699776	-0.058664139360189
0.34400001168251	-0.074217565357685	-0.058715920895338
0.34799998998642	-0.075147196650505	-0.058782830834389
0.35199999809265	-0.076067499816418	-0.058867089450359
0.35600000619888	-0.076980464160442	-0.058970708400011
0.36000001430511	-0.077888198196888	-0.059095583856106
0.36399999260902	-0.078793041408062	-0.059243332594633
0.36800000071526	-0.079697348177433	-0.059415493160486
0.37200000882149	-0.080603562295437	-0.059613380581141
0.37599998712540	-0.081514239311218	-0.059838015586138
0.37999999523163	-0.082431875169277	-0.060090459883213
0.38400000333786	-0.083359017968178	-0.060371484607458
0.38800001144409	-0.084298208355904	-0.060681745409966
0.39199998974800	-0.085252031683922	-0.061021864414215
0.39599999785423	-0.086222939193249	-0.061392337083817
0.40000000596046	-0.087213493883610	-0.061793614178896
0.40400001406670	-0.088226228952408	-0.062226135283709
0.40799999237061	-0.089263655245304	-0.062690325081348
0.41200000047684	-0.090328417718410	-0.063186578452587
0.41600000858307	-0.091423168778419	-0.063715368509293
0.41999998688698	-0.092550732195377	-0.064277060329914
0.42399999499321	-0.093714073300362	-0.064872160553932
0.42800000309944	-0.094916254281998	-0.065501078963280
0.43200001120567	-0.096160687506199	-0.066164232790470
0.43599998950958	-0.097450852394104	-0.066861964762211
0.43999999761581	-0.098790660500526	-0.067594528198242
0.44400000572205	-0.10018421709538	-0.068362042307854
0.44800001382828	-0.10163595527411	-0.069164380431175
0.45199999213219	-0.10315059125423	-0.070001259446144
0.45600000023842	-0.10473314672709	-0.070872083306313
0.46000000834465	-0.10638889670372	-0.071775846183300
0.46399998664856	-0.10812351107597	-0.072711169719696
0.46799999475479	-0.10994268208742	-0.073676273226738
0.47200000286102	-0.11185245960951	-0.074668742716312
0.47600001096725	-0.11385893821716	-0.075685702264309
0.47999998927116	-0.11596841365099	-0.076723635196686
0.48399999737740	-0.11818701028824	-0.077778451144695
0.48800000548363	-0.12052102386951	-0.078845284879208
0.49200001358986	-0.12297644466162	-0.079918816685677
0.49599999189377	-0.12555918097496	-0.080992877483368
0.50000000000000	-0.12827482819557	-0.082060746848583
0.50400000810623	-0.13112869858742	-0.083115048706532
0.50800001621246	-0.13412560522556	-0.084147781133652
0.51200002431870	-0.13727001845837	-0.085150398313999
0.51599997282028	-0.14056582748890	-0.086113817989826
0.51999998092651	-0.14401634037495	-0.087028428912163
0.52399998903275	-0.14762426912785	-0.087884232401848
0.52799999713898	-0.15139165520668	-0.088670909404755
0.53200000524521	-0.15531989932060	-0.089377731084824
0.53600001335144	-0.15940977632999	-0.089993737637997
0.54000002145767	-0.16366116702557	-0.090507812798023
0.54400002956390	-0.16807341575623	-0.090908698737621
0.54799997806549	-0.17264518141747	-0.091184906661510
0.55199998617172	-0.17737428843975	-0.091325089335442
0.55599999427795	-0.18225800991058	-0.091317698359489
0.56000000238419	-0.18729291856289	-0.091151416301727
0.56400001049042	-0.19247484207153	-0.090814851224422
0.56800001859665	-0.19779917597771	-0.090296514332294
0.57200002670288	-0.20326040685177	-0.089585453271866
0.57599997520447	-0.20885263383389	-0.088670358061790
0.57999998331070	-0.21456916630268	-0.087540328502655
0.58399999141693	-0.22040279209614	-0.086184442043304
0.58799999952316	-0.22634562849998	-0.084592103958130
0.59200000762939	-0.23238915205002	-0.082752659916878
0.59600001573563	-0.23852415382862	-0.080655723810196
0.60000002384186	-0.24474072456360	-0.078291177749634
0.60399997234344	-0.25102835893631	-0.075649023056030
0.60799998044968	-0.25737556815147	-0.072719521820545
0.61199998855591	-0.26377040147781	-0.069493189454079
0.61599999666214	-0.27019992470741	-0.065961070358753
0.62000000476837	-0.27665036916733	-0.062114562839270
0.62400001287460	-0.28310722112656	-0.057945407927036
0.62800002098083	-0.28955498337746	-0.053445879369974
0.63200002908707	-0.29597747325897	-0.048609282821417
0.63599997758865	-0.30235752463341	-0.043429125100374
0.63999998569489	-0.30867710709572	-0.037900295108557
0.64399999380112	-0.31491750478745	-0.032018102705479
0.64800000190735	-0.32105907797813	-0.025779189541936
0.65200001001358	-0.32708171010017	-0.019181299954653
0.65600001811981	-0.33296436071396	-0.012223484925926
0.66000002622604	-0.33868563175201	-0.0049058715812862
0.66399997472763	-0.34422358870506	0.0027697046753019
0.66799998283386	-0.34955602884293	0.010799936950207
0.67199999094009	-0.35466048121452	0.019180329516530
0.67599999904633	-0.35951432585716	0.027904229238629
0.68000000715256	-0.36409515142441	0.036963880062103
0.68400001525879	-0.36838057637215	0.046349368989468
0.68800002336502	-0.37234872579575	0.056049473583698
0.69199997186661	-0.37597805261612	0.066051140427589
0.69599997997284	-0.37924787402153	0.076339878141880
0.69999998807907	-0.38213816285133	0.086899198591709
0.70399999618530	-0.38462969660759	0.097711682319641
0.70800000429153	-0.38670456409454	0.10875797271729
0.71200001239777	-0.38834589719772	0.12001771479845
0.71600002050400	-0.38953813910484	0.13146911561489
0.72000002861023	-0.39026701450348	0.14308917522430
0.72399997711182	-0.39051991701126	0.15485404431820
0.72799998521805	-0.39028558135033	0.16673894226551
0.73199999332428	-0.38955447077751	0.17871810495853
0.73600000143051	-0.38831856846809	0.19076535105705
0.74000000953674	-0.38657161593437	0.20285394787788
0.74400001764297	-0.38430914282799	0.21495643258095
0.74800002574921	-0.38152816891670	0.22704550623894
0.75199997425079	-0.37822756171227	0.23909340798855
0.75599998235703	-0.37440776824951	0.25107234716415
0.75999999046326	-0.37007117271423	0.26295468211174
0.76399999856949	-0.36522161960602	0.27471280097961
0.76800000667572	-0.35986474156380	0.28631946444511
0.77200001478195	-0.35400769114494	0.29774761199951
0.77600002288818	-0.34765920042992	0.30897089838982
0.77999997138977	-0.34082990884781	0.31996321678162
0.78399997949600	-0.33353161811829	0.33069929480553
0.78799998760223	-0.32577788829803	0.34115445613861
0.79199999570847	-0.31758353114128	0.35130494832993
0.79600000381470	-0.30896517634392	0.36112779378891
0.80000001192093	-0.29994028806686	0.37060111761093
0.80400002002716	-0.29052835702896	0.37970402836800
0.80800002813339	-0.28074958920479	0.38841697573662
0.81199997663498	-0.27062565088272	0.39672154188156
0.81599998474121	-0.26017934083939	0.40460079908371
0.81999999284744	-0.24943473935127	0.41203919053078
0.82400000095367	-0.23841623961926	0.41902279853821
0.82800000905991	-0.22714978456497	0.42553937435150
0.83200001716614	-0.21566167473793	0.43157839775085
0.83600002527237	-0.20397904515266	0.43713104724884
0.83999997377396	-0.19212920963764	0.44219049811363
0.84399998188019	-0.18013979494572	0.44675186276436
0.84799998998642	-0.16803893446922	0.45081201195717
0.85199999809265	-0.15585441887379	0.45436990261078
0.85600000619888	-0.14361403882504	0.45742645859718
0.86000001430511	-0.13134479522705	0.45998451113701
0.86400002241135	-0.11907367408276	0.46204876899719
0.86799997091293	-0.10682665556669	0.46362575888634
0.87199997901917	-0.094628810882568	0.46472379565239
0.87599998712540	-0.082504369318485	0.46535265445709
0.87999999523163	-0.070476233959198	0.46552389860153
0.88400000333786	-0.058566022664309	0.46525019407272
0.88800001144409	-0.046794064342976	0.46454560756683
0.89200001955032	-0.035178847610950	0.46342509984970
0.89600002765656	-0.023737896233797	0.46190479397774
0.89999997615814	-0.012486833147705	0.46000108122826
0.90399998426437	-0.0014396004844457	0.45773130655289
0.90799999237061	0.0093914130702615	0.45511293411255
0.91200000047684	0.019995246082544	0.45216363668442
0.91600000858307	0.030362533405423	0.44890111684799
0.92000001668930	0.040485467761755	0.44534310698509
0.92400002479553	0.050357401371002	0.44150680303574
0.92799997329712	0.059972997754812	0.43740928173065
0.93199998140335	0.069328039884567	0.43306711316109
0.93599998950958	0.078419573605061	0.42849621176720
0.93999999761581	0.087244987487793	0.42371210455894
0.94400000572205	0.095803089439869	0.41872960329056
0.94800001382828	0.10409308224916	0.41356286406517
0.95200002193451	0.11211454123259	0.40822553634644
0.95599997043610	0.11986772716045	0.40273061394691
0.95999997854233	0.12735335528851	0.39709055423737
0.96399998664856	0.13457196950912	0.39131730794907
0.96799999475479	0.14152508974075	0.38542237877846
0.97200000286102	0.14821372926235	0.37941691279411
0.97600001096725	0.15463946759701	0.37331169843674
0.98000001907349	0.16080386936665	0.36711734533310
0.98400002717972	0.16670887172222	0.36084410548210
0.98799997568130	0.17235653102398	0.35450217127800
0.99199998378754	0.17774893343449	0.34810155630112
0.99599999189377	0.18288871645927	0.34165215492249
1.0000000000000	0.18777872622013	0.33516383171082
1.0039999485016	0.19242212176323	0.32864621281624
1.0080000162125	0.19682236015797	0.32210889458656
1.0119999647141	0.20098361372948	0.31556120514870
1.0160000324249	0.20491009950638	0.30901250243187
1.0199999809265	0.20860706269741	0.30247151851654
1.0240000486374	0.21207977831364	0.29594689607620
1.0279999971390	0.21533417701721	0.28944680094719
1.0319999456406	0.21837663650513	0.28297901153564
1.0360000133514	0.22121392190456	0.27655065059662
1.0399999618530	0.22385317087173	0.27016827464104
1.0440000295639	0.22630198299885	0.26383778452873
1.0479999780655	0.22856797277927	0.25756445527077
1.0520000457764	0.23065902292728	0.25135269761086
1.0559999942780	0.23258304595947	0.24520626664162
1.0599999427795	0.23434776067734	0.23912815749645
1.0640000104904	0.23596107959747	0.23312054574490
1.0679999589920	0.23743037879467	0.22718498110771
1.0720000267029	0.23876276612282	0.22132235765457
1.0759999752045	0.23996490240097	0.21553295850754
1.0800000429153	0.24104322493076	0.20981658995152
1.0839999914169	0.24200321733952	0.20417262613773
1.0880000591278	0.24285018444061	0.19860014319420
1.0920000076294	0.24358867108822	0.19309799373150
1.0959999561310	0.24422252178192	0.18766492605209
1.1000000238419	0.24475528299809	0.18229971826077
1.1039999723434	0.24518975615501	0.17700119316578
1.1080000400543	0.24552832543850	0.17176839709282
1.1119999885559	0.24577309191227	0.16660062968731
1.1160000562668	0.24592570960522	0.16149748861790
1.1200000047684	0.24598757922649	0.15645892918110
1.1239999532700	0.24596017599106	0.15148535370827
1.1280000209808	0.24584473669529	0.14657743275166
1.1319999694824	0.24564273655415	0.14173622429371
1.1360000371933	0.24535560607910	0.13696315884590
1.1399999856949	0.24498520791531	0.13226000964642
1.1440000534058	0.24453358352184	0.12762871384621
1.1480000019073	0.24400329589844	0.12307104468346
1.1519999504089	0.24339707195759	0.11858932673931
1.1560000181198	0.24271824955940	0.11418528854847
1.1599999666214	0.24197052419186	0.10986089706421
1.1640000343323	0.24115787446499	0.10561772435904
1.1679999828339	0.24028463661671	0.10145701467991
1.1720000505447	0.23935550451279	0.097379416227341
1.1759999990463	0.23837527632713	0.093385390937328
1.1799999475479	0.23734883964062	0.089474849402905
1.1840000152588	0.23628118634224	0.085646629333496
1.1879999637604	0.23517705500126	0.081899732351303
1.1920000314713	0.23404103517532	0.078232206404209
1.1959999799728	0.23287740349770	0.074641667306423
1.2000000476837	0.23169006407261	0.071125172078609
1.2039999961853	0.23048239946365	0.067679487168789
1.2079999446869	0.22925719618797	0.064301185309887
1.2120000123978	0.22801670432091	0.060986496508121
1.2159999608994	0.22676250338554	0.057731837034225
1.2200000286102	0.22549559175968	0.054532952606678
1.2239999771118	0.22421629726887	0.051386605948210
1.2280000448227	0.22292436659336	0.048289336264133
1.2319999933243	0.22161905467510	0.045238140970469
1.2359999418259	0.22029918432236	0.042230453342199
1.2400000095367	0.21896323561668	0.039264243096113
1.2439999580383	0.21760942041874	0.036338042467833
1.2480000257492	0.21623586118221	0.033450961112976
1.2519999742508	0.21484069526196	0.030602743849158
1.2560000419617	0.21342214941978	0.027793696150184
1.2599999904633	0.21197870373726	0.025024680420756
1.2640000581741	0.21050921082497	0.022297041490674
1.2680000066757	0.20901291072369	0.019612513482571
1.2719999551773	0.20748959481716	0.016973139718175
1.2760000228882	0.20593957602978	0.014381137676537
1.2799999713898	0.20436377823353	0.011838794685900
1.2840000391006	0.20276369154453	0.0093483375385404
1.2879999876022	0.20114141702652	0.0069118039682508
1.2920000553131	0.19949953258038	0.0045309327542782
1.2960000038147	0.19784112274647	0.0022070503327996
1.2999999523163	0.19616955518723	-5.9019370382885e-05
1.3040000200272	0.19448855519295	-0.0022670240141451
1.3079999685287	0.19280193746090	-0.0044173351489007
1.3120000362396	0.19111350178719	-0.0065109739080071
1.3159999847412	0.18942697346210	-0.0085496073588729
1.3200000524521	0.18774579465389	-0.010535523295403
1.3240000009537	0.18607304990292	-0.012471574358642
1.3279999494553	0.18441134691238	-0.014361101202667
1.3320000171661	0.18276268243790	-0.016207840293646
1.3359999656677	0.18112844228745	-0.018015798181295
1.3400000333786	0.17950931191444	-0.019789125770330
1.3439999818802	0.17790520191193	-0.021531982347369
1.3480000495911	0.17631536722183	-0.023248396813869
1.3519999980927	0.17473840713501	-0.024942131713033
1.3559999465942	0.17317219078541	-0.026616530492902
1.3600000143051	0.17161411046982	-0.028274450451136
1.3639999628067	0.17006120085716	-0.029918117448688
1.3680000305176	0.16851007938385	-0.031549073755741
1.3719999790192	0.16695728898048	-0.033168133348227
1.3760000467300	0.16539929807186	-0.034775342792273
1.3799999952316	0.16383272409439	-0.036370012909174
1.3839999437332	0.16225446760654	-0.037950742989779
1.3880000114441	0.16066187620163	-0.039515491575003
1.3919999599457	0.15905277431011	-0.041061669588089
1.3960000276566	0.15742567181587	-0.042586263269186
1.3999999761581	0.15577976405621	-0.044085949659348
1.4040000438690	0.15411502122879	-0.045557275414467
1.4079999923706	0.15243215858936	-0.046996772289276
1.4119999408722	0.15073271095753	-0.048401173204184
1.4160000085831	0.14901891350746	-0.049767497926950
1.4199999570847	0.14729361236095	-0.051093246787786
1.4240000247955	0.14556026458740	-0.052376497536898
1.4279999732971	0.14382266998291	-0.053616028279066
1.4320000410080	0.14208495616913	-0.054811373353004
1.4359999895096	0.14035135507584	-0.055962890386581
1.4400000572205	0.13862603902817	-0.057071764022112
1.4440000057220	0.13691295683384	-0.058139976114035
1.4479999542236	0.13521568477154	-0.059170290827751
1.4520000219345	0.13353727757931	-0.060166124254465
1.4559999704361	0.13188011944294	-0.061131455004215
1.4600000381470	0.13024583458900	-0.062070697546005
1.4639999866486	0.12863518297672	-0.062988512217999
1.4680000543594	0.12704810500145	-0.063889682292938
1.4720000028610	0.12548357248306	-0.064778886735439
1.4759999513626	0.12393972277641	-0.065660558640957
1.4800000190735	0.12241384387016	-0.066538698971272
1.4839999675751	0.12090259790421	-0.067416705191135
1.4880000352859	0.11940196901560	-0.068297274410725
1.4919999837875	0.11790752410889	-0.069182269275188
1.4960000514984	0.11641458421946	-0.070072628557682
1.5000000000000	0.11491837352514	-0.070968367159367
1.5039999485016	0.11341419816017	-0.071868516504765
1.5080000162125	0.11189769208431	-0.072771206498146
1.5119999647141	0.11036494374275	-0.073673702776432
1.5160000324249	0.10881270468235	-0.074572533369064
1.5199999809265	0.10723850131035	-0.075463630259037
1.5240000486374	0.10564070940018	-0.076342441141605
1.5279999971390	0.10401877760887	-0.077204190194607
1.5319999456406	0.10237307101488	-0.078044049441814
1.5360000133514	0.10070499777794	-0.078857332468033
1.5399999618530	0.099016971886158	-0.079639680683613
1.5440000295639	0.097312226891518	-0.080387309193611
1.5479999780655	0.095594853162766	-0.081097148358822
1.5520000457764	0.093869484961033	-0.081766985356808
1.5559999942780	0.092141225934029	-0.082395590841770
1.5599999427795	0.090415380895138	-0.082982815802097
1.5640000104904	0.088697329163551	-0.083529584109783
1.5679999589920	0.086992181837559	-0.084037922322750
1.5720000267029	0.085304670035839	-0.084510914981365
1.5759999752045	0.083638861775398	-0.084952577948570
1.5800000429153	0.081998005509377	-0.085367754101753
1.5839999914169	0.080384440720081	-0.085761904716492
1.5880000591278	0.078799314796925	-0.086140975356102
1.5920000076294	0.077242709696293	-0.086511112749577
1.5959999561310	0.075713403522968	-0.086878441274166
1.6000000238419	0.074209041893482	-0.087248861789703
1.6039999723434	0.072726115584373	-0.087627768516541
1.6080000400543	0.071260131895542	-0.088019847869873
1.6119999885559	0.069805651903152	-0.088428914546967
1.6160000562668	0.068356640636921	-0.088857680559158
1.6200000047684	0.066906526684761	-0.089307710528374
1.6239999532700	0.065448544919491	-0.089779265224934
1.6280000209808	0.063975997269154	-0.090271353721619
1.6319999694824	0.062482457607985	-0.090781703591347
1.6360000371933	0.060962021350861	-0.091306850314140
1.6399999856949	0.059409584850073	-0.091842278838158
1.6440000534058	0.057821042835712	-0.092382594943047
1.6480000019073	0.056193456053734	-0.092921718955040
1.6519999504089	0.054525107145309	-0.093453183770180
1.6560000181198	0.052815619856119	-0.093970358371735
1.6599999666214	0.051066070795059	-0.094466768205166
1.6640000343323	0.049278747290373	-0.094936355948448
1.6679999828339	0.047457158565521	-0.095373786985874
1.6720000505447	0.045605905354023	-0.095774672925472
1.6759999990463	0.043730344623327	-0.096135847270489
1.6799999475479	0.041836474090815	-0.096455432474613
1.6840000152588	0.039930526167154	-0.096733115613461
1.6879999637604	0.038018606603146	-0.096970103681087
1.6920000314713	0.036106571555138	-0.097169138491154
1.6959999799728	0.034199398010969	-0.097334459424019
1.7000000476837	0.032301049679518	-0.097471632063389
1.7039999961853	0.030414147302508	-0.097587347030640
1.7079999446869	0.028539629653096	-0.097689159214497
1.7120000123978	0.026676630601287	-0.097785145044327
1.7159999608994	0.024822242558002	-0.097883567214012
1.7200000286102	0.022971501573920	-0.097992412745953
1.7239999771118	0.021117355674505	-0.098119042813778
1.7280000448227	0.019250735640526	-0.098269678652287
1.7319999933243	0.017360689118505	-0.098449058830738
1.7359999418259	0.015434737317264	-0.098659992218018
1.7400000095367	0.013459041714668	-0.098903030157089
1.7439999580383	0.011418898589909	-0.099176168441772
1.7480000257492	0.0092991031706333	-0.099474564194679
1.7519999742508	0.0070845489390194	-0.099790476262569
1.7560000419617	0.0047606090083718	-0.10011312365532
1.7599999904633	0.0023138537071645	-0.10042875260115
1.7640000581741	-0.00026759400498122	-0.10072071850300
1.7680000066757	-0.0029934323392808	-0.10096975415945
1.7719999551773	-0.0058706249110401	-0.10115426778793
1.7760000228882	-0.0089031802490354	-0.10125073790550
1.7799999713898	-0.012091501615942	-0.10123416781425
1.7840000391006	-0.015432366169989	-0.10107870399952
1.7879999876022	-0.018918527290225	-0.10075812041759
1.7920000553131	-0.022538686171174	-0.10024655610323
1.7960000038147	-0.026277631521225	-0.099519081413746
1.7999999523163	-0.030116079375148	-0.098552376031876
1.8040000200272	-0.034031104296446	-0.097325347363949
1.8079999685287	-0.037996429949999	-0.095819681882858
1.8120000362396	-0.041982810944319	-0.094020470976830
1.8159999847412	-0.045958492904902	-0.091916516423225
1.8200000524521	-0.049889933317900	-0.089500844478607
1.8240000009537	-0.053742256015539	-0.086770892143250
1.8279999494553	-0.057480055838823	-0.083728693425655
1.8320000171661	-0.061067942529917	-0.080381006002426
1.8359999656677	-0.064471356570721	-0.076739147305489
1.8400000333786	-0.067657209932804	-0.072818964719772
1.8439999818802	-0.070594437420368	-0.068640492856503
1.8480000495911	-0.073254719376564	-0.064227573573589
1.8519999980927	-0.075612768530846	-0.059607587754726
1.8559999465942	-0.077646978199482	-0.054810706526041
1.8600000143051	-0.079339750111103	-0.049869503825903
1.8639999628067	-0.080677546560764	-0.044818274676800
1.8680000305176	-0.081651233136654	-0.039692468941212
1.8719999790192	-0.082256026566029	-0.034528013318777
1.8760000467300	-0.082491487264633	-0.029360689222813
1.8799999952316	-0.082361310720444	-0.024225616827607
1.8839999437332	-0.081873156130314	-0.019156627357006
1.8880000114441	-0.081038333475590	-0.014185843057930
1.8919999599457	-0.079871349036694	-0.0093432888388634
1.8960000276566	-0.078389622271061	-0.0046564443036914
1.8999999761581	-0.076612949371338	-0.00015006653848104
1.9040000438690	-0.074563071131706	0.0041539617814124
1.9079999923706	-0.072263203561306	0.0082368012517691
1.9119999408722	-0.069737561047077	0.012082672677934
1.9160000085831	-0.067010991275311	0.015678744763136
1.9199999570847	-0.064108520746231	0.019015109166503
1.9240000247955	-0.061055026948452	0.022084515541792
1.9279999732971	-0.057874977588654	0.024882243946195
1.9320000410080	-0.054592102766037	0.027405872941017
1.9359999895096	-0.051229372620583	0.029654955491424
1.9400000572205	-0.047808665782213	0.031630881130695
1.9440000057220	-0.044350877404213	0.033336546272039
1.9479999542236	-0.040875829756260	0.034776125103235
1.9520000219345	-0.037402193993330	0.035954959690571
1.9559999704361	-0.033947743475437	0.036879278719425
1.9600000381470	-0.030529167503119	0.037556163966656
1.9639999866486	-0.027162415906787	0.037993352860212
1.9680000543594	-0.023862510919571	0.038199305534363
1.9720000028610	-0.020643845200539	0.038183085620403
1.9759999513626	-0.017520068213344	0.037954401224852
1.9800000190735	-0.014504198916256	0.037523657083511
1.9839999675751	-0.011608621105552	0.036901969462633
1.9880000352859	-0.0088450349867344	0.036101236939430
1.9919999837875	-0.0062243663705885	0.035134192556143
1.9960000514984	-0.0037566865794361	0.034014441072941
2.0000000000000	-0.0014511190820485	0.032756444066763
2.0039999485016	0.00068438600283116	0.031375560909510
2.0079998970032	0.0026431533042341	0.029887944459915
2.0120000839233	0.0044199894182384	0.028310492634773
2.0160000324249	0.0060113323852420	0.026660675182939
2.0199999809265	0.0074154241010547	0.024956382811069
2.0239999294281	0.0086324308067560	0.023215688765049
2.0280001163483	0.0096645597368479	0.021456595510244
2.0320000648499	0.010516067966819	0.019696747884154
2.0360000133514	0.011193295940757	0.017953116446733
2.0399999618530	0.011704599484801	0.016241678968072
2.0439999103546	0.012060233391821	0.014577101916075
2.0480000972748	0.012272162362933	0.012972422875464
2.0520000457764	0.012353825382888	0.011438781395555
2.0559999942780	0.012319835834205	0.0099851693958044
2.0599999427795	0.012185634113848	0.0086182393133640
2.0639998912811	0.011967104859650	0.0073421816341579
2.0680000782013	0.011680158786476	0.0061586606316268
2.0720000267029	0.011340311728418	0.0050668288022280
2.0759999752045	0.010962257161736	0.0040634255856276
2.0799999237061	0.010559451766312	0.0031429457012564
2.0840001106262	0.010143753141165	0.0022978957276791
2.0880000591278	0.0097250789403915	0.0015191083075479
2.0920000076294	0.0093111414462328	0.00079612410627306
2.0959999561310	0.0089072603732347	0.00011762057692977
2.0999999046326	0.0085162417963147	-0.00052812520880252
2.1040000915527	0.0081383623182774	-0.0011527555761859
2.1080000400543	0.0077714305371046	-0.0017673510592431
2.1119999885559	0.0074109607376158	-0.0023819666821510
2.1159999370575	0.0070504094474018	-0.0030052040237933
2.1199998855591	0.0066815158352256	-0.0036438358947635
2.1240000724792	0.0062947003170848	-0.0043025016784668
2.1280000209808	0.0058795185759664	-0.0049834833480418
2.1319999694824	0.0054251593537629	-0.0056865713559091
2.1359999179840	0.0049209604039788	-0.0064090406522155
2.1400001049042	0.0043569328263402	-0.0071457130834460
2.1440000534058	0.0037242425605655	-0.0078891459852457
2.1480000019073	0.0030156851280481	-0.0086298938840628
2.1519999504089	0.0022260716650635	-0.0093568786978722
2.1559998989105	0.0013525544200093	-0.010057835839689
2.1600000858307	0.00039484151056968	-0.010719799436629
2.1640000343323	-0.00064465933246538	-0.011329663917422
2.1679999828339	-0.0017608469352126	-0.011874739080667
2.1719999313354	-0.0029460266232491	-0.012343314476311
2.1760001182556	-0.0041901171207428	-0.012725199572742
2.1800000667572	-0.0054810000583529	-0.013012213632464
2.1840000152588	-0.0068049239926040	-0.013198602013290
2.1879999637604	-0.0081470320001245	-0.013281378895044
2.1919999122620	-0.0094919269904494	-0.013260534964502
2.1960000991821	-0.010824285447598	-0.013139158487320
2.2000000476837	-0.012129513546824	-0.012923422269523
2.2039999961853	-0.013394374400377	-0.012622409500182
2.2079999446869	-0.014607571996748	-0.012247866019607
2.2119998931885	-0.015760330483317	-0.011813782155514
2.2160000801086	-0.016846826300025	-0.011335886083543
2.2200000286102	-0.017864556983113	-0.010831039398909
2.2239999771118	-0.018814580515027	-0.010316575877368
2.2279999256134	-0.019701616838574	-0.0098095703870058
2.2320001125336	-0.020533993840218	-0.0093261031433940
2.2360000610352	-0.021323457360268	-0.0088805295526981
2.2400000095367	-0.022084835916758	-0.0084847817197442
2.2439999580383	-0.022835567593575	-0.0081477584317327
2.2479999065399	-0.023595087230206	-0.0078747998923063
2.2520000934601	-0.024384114891291	-0.0076672676950693
2.2560000419617	-0.025223890319467	-0.0075223008170724
2.2599999904633	-0.026135316118598	-0.0074326992034912
2.2639999389648	-0.027138121426105	-0.0073869852349162
2.2679998874664	-0.028249986469746	-0.0073696486651897
2.2720000743866	-0.029485778883100	-0.0073615079745650
2.2760000228882	-0.030856808647513	-0.0073403343558311
2.2799999713898	-0.032370254397392	-0.0072814878076315
2.2839999198914	-0.034028679132462	-0.0071587925776839
2.2880001068115	-0.035829737782478	-0.0069453874602914
2.2920000553131	-0.037766084074974	-0.0066147404722869
2.2960000038147	-0.039825398474932	-0.0061416230164468
2.2999999523163	-0.041990719735622	-0.0055031045340002
2.3039999008179	-0.044240888208151	-0.0046794032678008
2.3080000877380	-0.046551205217838	-0.0036547761410475
2.3120000362396	-0.048894256353378	-0.0024182049091905
2.3159999847412	-0.051240876317024	-0.00096385087817907
2.3199999332428	-0.053561184555292	0.00070851523196325
2.3239998817444	-0.055825751274824	0.0025935084559023
2.3280000686646	-0.058006733655930	0.0046801301650703
2.3320000171661	-0.060079023241997	0.0069522289559245
2.3359999656677	-0.062021318823099	0.0093889571726322
2.3399999141693	-0.063817039132118	0.011965646408498
2.3440001010895	-0.065455190837383	0.014654811471701
2.3480000495911	-0.066930949687958	0.017427206039429
2.3519999980927	-0.068245992064476	0.020253224298358
2.3559999465942	-0.069408684968948	0.023104239255190
2.3599998950958	-0.070433884859085	0.025953970849514
2.3640000820160	-0.071342520415783	0.028779828920960
2.3680000305176	-0.072160854935646	0.031564448028803
2.3719999790192	-0.072919555008411	0.034296572208405
2.3759999275208	-0.073652409017086	0.036972276866436
2.3800001144409	-0.074394866824150	0.039595641195774
2.3840000629425	-0.075182512402534	0.042179342359304
2.3880000114441	-0.076049312949181	0.044744659215212
2.3919999599457	-0.077025733888149	0.047321572899818
2.3959999084473	-0.078137107193470	0.049948133528233
2.4000000953674	-0.079401805996895	0.052669674158096
2.4040000438690	-0.080829679965973	0.055537618696690
2.4079999923706	-0.082420751452446	0.058607995510101
2.4119999408722	-0.084163948893547	0.061939761042595
2.4159998893738	-0.086036376655102	0.065592713654041
2.4200000762939	-0.088003009557724	0.069625250995159
2.4240000247955	-0.090016327798367	0.074092276394367
2.4279999732971	-0.092016868293285	0.079042732715607
2.4319999217987	-0.093934066593647	0.084517277777195
2.4360001087189	-0.095687344670296	0.090546257793903
2.4400000572205	-0.097187824547291	0.097147569060326
2.4440000057220	-0.098340265452862	0.10432507097721
2.4479999542236	-0.099045440554619	0.11206705868244
2.4519999027252	-0.099202692508698	0.12034547328949
2.4560000896454	-0.098712779581547	0.12911514937878
2.4600000381470	-0.097480788826942	0.13831397891045
2.4639999866486	-0.095418892800808	0.14786329865456
2.4679999351501	-0.092449530959129	0.15766878426075
2.4719998836517	-0.088508039712906	0.16762213408947
2.4760000705719	-0.083544902503490	0.17760281264782
2.4800000190735	-0.077528424561024	0.18748071789742
2.4839999675751	-0.070445902645588	0.19711872935295
2.4879999160767	-0.062305454164743	0.20637606084347
2.4920001029968	-0.053136404603720	0.21511138975620
2.4960000514984	-0.042989563196898	0.22318653762341
2.5000000000000	-0.031936962157488	0.23046986758709
2.5039999485016	-0.020070664584637	0.23683977127075
2.5079998970032	-0.0075013875029981	0.24218799173832
2.5120000839233	0.0056440085172653	0.24642254412174
2.5160000324249	0.019224619492888	0.24947050213814
2.5199999809265	0.033089246600866	0.25128012895584
2.5239999294281	0.047079309821129	0.25182244181633
2.5280001163483	0.061032835394144	0.25109246373177
2.5320000648499	0.074788317084312	0.24910958111286
2.5360000133514	0.088188707828522	0.24591723084450
2.5399999618530	0.10108518600464	0.24158225953579
2.5439999103546	0.11334086954594	0.23619307577610
2.5480000972748	0.12483447045088	0.22985784709454
2.5520000457764	0.13546299934387	0.22270147502422
2.5559999942780	0.14514471590519	0.21486255526543
2.5599999427795	0.15382078289986	0.20648983120918
2.5639998912811	0.16145662963390	0.19773812592030
2.5680000782013	0.16804309189320	0.18876434862614
2.5720000267029	0.17359578609467	0.17972335219383
2.5759999752045	0.17815494537354	0.17076367139816
2.5799999237061	0.18178355693817	0.16202376782894
2.5840001106262	0.18456567823887	0.15362818539143
2.5880000591278	0.18660357594490	0.14568437635899
2.5920000076294	0.18801464140415	0.13827987015247
2.5959999561310	0.18892763555050	0.13148012757301
2.5999999046326	0.18947906792164	0.12532696127892
2.6040000915527	0.18980875611305	0.11983764916658
2.6080000400543	0.19005569815636	0.11500480026007
2.6119999885559	0.19035400450230	0.11079694330692
2.6159999370575	0.19082875549793	0.10715980082750
2.6199998855591	0.19159224629402	0.10401822626591
2.6240000724792	0.19274075329304	0.10127877444029
2.6280000209808	0.19435158371925	0.098832808434963
2.6319999694824	0.19648084044456	0.096559993922710
2.6359999179840	0.19916175305843	0.094332173466682
2.6400001049042	0.20240379869938	0.092017486691475
2.6440000534058	0.20619244873524	0.089484438300133
2.6480000019073	0.21048955619335	0.086606137454510
2.6519999504089	0.21523483097553	0.083264224231243
2.6559998989105	0.22034732997417	0.079352550208569
2.6600000858307	0.22572818398476	0.074780538678169
2.6640000343323	0.23126351833344	0.069476000964642
2.6679999828339	0.23682783544064	0.063387379050255
2.6719999313354	0.24228772521019	0.056485410779715
2.6760001182556	0.24750596284866	0.048764068633318
2.6800000667572	0.25234538316727	0.040240861475468
2.6840000152588	0.25667297840118	0.030956333503127
2.6879999637604	0.26036375761032	0.020973034203053
2.6919999122620	0.26330426335335	0.010373689234257
2.6960000991821	0.26539587974548	-0.00074108445551246
2.7000000476837	0.26655754446983	-0.012255642563105
2.7039999961853	0.26672792434692	-0.024042554199696
2.7079999446869	0.26586702466011	-0.035966146737337
2.7119998931885	0.26395714282990	-0.047886289656162
2.7160000801086	0.26100325584412	-0.059662200510502
2.7200000286102	0.25703242421150	-0.071156255900860
2.7239999771118	0.25209310650826	-0.082237675786018
2.7279999256134	0.24625320732594	-0.092785842716694
2.7320001125336	0.23959812521935	-0.10269341617823
2.7360000610352	0.23222811520100	-0.11186887323856
2.7400000095367	0.22425523400307	-0.12023868411779
2.7439999580383	0.21580006182194	-0.12774871289730
2.7479999065399	0.20698823034763	-0.13436520099640
2.7520000934601	0.19794695079327	-0.14007510244846
2.7560000419617	0.18880143761635	-0.14488576352596
2.7599999904633	0.17967163026333	-0.14882396161556
2.7639999389648	0.17066895961761	-0.15193457901478
2.7679998874664	0.16189382970333	-0.15427859127522
2.7720000743866	0.15343293547630	-0.15593071281910
2.7760000228882	0.14535750448704	-0.15697677433491
2.7799999713898	0.13772203028202	-0.15751068294048
2.7839999198914	0.13056316971779	-0.15763142704964
2.7880001068115	0.12389964610338	-0.15743985772133
2.7920000553131	0.11773245036602	-0.15703560411930
2.7960000038147	0.11204555630684	-0.15651416778564
2.7999999523163	0.10680725425482	-0.15596406161785
2.8039999008179	0.10197181999683	-0.15546445548534
2.8080000877380	0.097481578588486	-0.15508311986923
2.8120000362396	0.093269072473049	-0.15487462282181
2.8159999847412	0.089259974658489	-0.15487930178642
2.8199999332428	0.085375368595123	-0.15512235462666
2.8239998817444	0.081534691154957	-0.15561370551586
2.8280000686646	0.077658340334892	-0.15634810924530
2.8320000171661	0.073670096695423	-0.15730594098568
2.8359999656677	0.069499671459198	-0.15845407545567
2.8399999141693	0.065084621310234	-0.15974745154381
2.8440001010895	0.060372110456228	-0.16113069653511
2.8480000495911	0.055320430546999	-0.16254009306431
2.8519999980927	0.049899876117706	-0.16390566527843
2.8559999465942	0.044093605130911	-0.16515345871449
2.8599998950958	0.037897586822510	-0.16620765626431
2.8640000820160	0.031320750713348	-0.16699278354645
2.8680000305176	0.024384338408709	-0.16743585467339
2.8719999790192	0.017121206969023	-0.16746807098389
2.8759999275208	0.0095744505524635	-0.16702669858932
2.8800001144409	0.0017967353342101	-0.16605637967587
2.8840000629425	-0.0061517958529294	-0.16451025009155
2.8880000114441	-0.014205014333129	-0.16235102713108
2.8919999599457	-0.022291891276836	-0.15955118834972
2.8959999084473	-0.030338989570737	-0.15609353780746
2.9000000953674	-0.038271334022284	-0.15197116136551
2.9040000438690	-0.046014491468668	-0.14718693494797
2.9079999923706	-0.053495552390814	-0.14175337553024
2.9119999408722	-0.060644254088402	-0.13569177687168
2.9159998893738	-0.067394547164440	-0.12903137505054
2.9200000762939	-0.073684863746166	-0.12180867046118
2.9240000247955	-0.079459071159363	-0.11406622081995
2.9279999732971	-0.084666855633259	-0.10585183650255
2.9319999217987	-0.089263960719109	-0.097217515110970
2.9360001087189	-0.093212217092514	-0.088218621909618
2.9400000572205	-0.096479661762714	-0.078913085162640
2.9440000057220	-0.099040366709232	-0.069360531866550
2.9479999542236	-0.10087411105633	-0.059621866792440
2.9519999027252	-0.10196624696255	-0.049758609384298
2.9560000896454	-0.10230736434460	-0.039832521229982
2.9600000381470	-0.10189305245876	-0.029905408620834
2.9639999866486	-0.10072369873524	-0.020038751885295
2.9679999351501	-0.098804250359535	-0.010293722152710
2.9719998836517	-0.096144154667854	-0.00073083938332275
2.9760000705719	-0.092757359147072	0.0085897669196129
2.9800000190735	-0.088662244379520	0.017608966678381
2.9839999675751	-0.083881832659245	0.026268297806382
2.9879999160767	-0.078443862497807	0.034510474652052
2.9920001029968	-0.072381064295769	0.042279567569494
2.9960000514984	-0.065731190145016	0.049521408975124
3.0000000000000	-0.058537401258945	0.056184053421021
3.0039999485016	-0.050848163664341	0.062218382954597
3.0079998970032	-0.042717538774014	0.067578710615635
3.0120000839233	-0.034204907715321	0.072223655879498
3.0160000324249	-0.025374922901392	0.076116800308228
3.0199999809265	-0.016297204419971	0.079227663576603
3.0239999294281	-0.0070457262918353	0.081532508134842
3.0280001163483	0.0023016822524369	0.083015188574791
3.0320000648499	0.011664330027997	0.083667904138565
3.0360000133514	0.020959522575140	0.083491854369640
3.0399999618530	0.030103761702776	0.082497812807560
3.0439999103546	0.039014101028442	0.080706462264061
3.0480000972748	0.047609377652407	0.078148588538170
3.0520000457764	0.055811818689108	0.074864976108074
3.0559999942780	0.063548356294632	0.070906162261963
3.0599999427795	0.070752263069153	0.066331885755062
3.0639998912811	0.077364407479763	0.061210274696350
3.0680000782013	0.083334632217884	0.055616818368435
3.0720000267029	0.088622875511646	0.049633096903563
3.0759999752045	0.093200057744980	0.043345335870981
3.0799999237061	0.097048886120319	0.036842789500952
3.0840001106262	0.10016421228647	0.030215939506888
3.0880000591278	0.10255325585604	0.023554703220725
3.0920000076294	0.10423542559147	0.016946544870734
3.0959999561310	0.10524185746908	0.010474643670022
3.0999999046326	0.10561470687389	0.0042161447927356
3.1040000915527	0.10540606826544	-0.0017594881355762
3.1080000400543	0.10467664897442	-0.0073919068090618
3.1119999885559	0.10349431633949	-0.012631099671125
3.1159999370575	0.10193223506212	-0.017438344657421
3.1199998855591	0.10006713867188	-0.021786859259009
3.1240000724792	0.097977265715599	-0.025662133470178
3.1280000209808	0.095740467309952	-0.029061933979392
3.1319999694824	0.093432158231735	-0.031995963305235
3.1359999179840	0.091123521327972	-0.034485206007957
3.1400001049042	0.088879734277725	-0.036560978740454
3.1440000534058	0.086758464574814	-0.038263659924269
3.1480000019073	0.084808558225632	-0.039641264826059
3.1519999504089	0.083069056272507	-0.040747728198767
3.1559998989105	0.081568442285061	-0.041641138494015
3.1600000858307	0.080324299633503	-0.042381845414639
3.1640000343323	0.079343222081661	-0.043030556291342
3.1679999828339	0.078621141612530	-0.043646469712257
3.1719999313354	0.078143879771233	-0.044285479933023
3.1760001182556	0.077888049185276	-0.044998604804277
3.1800000667572	0.077822215855122	-0.045830514281988
3.1840000152588	0.077908270061016	-0.046818353235722
3.1879999637604	0.078102909028530	-0.047990869730711
3.1919999122620	0.078359320759773	-0.049367807805538
3.1960000991821	0.078628957271576	-0.050959404557943
3.2000000476837	0.078863114118576	-0.052766751497984
3.2039999961853	0.079014681279659	-0.054781839251518
3.2079999446869	0.079039677977562	-0.056988228112459
3.2119998931885	0.078898645937443	-0.059361889958382
3.2160000801086	0.078557834029198	-0.061872329562902
3.2200000286102	0.077990084886551	-0.064483880996704
3.2239999771118	0.077175714075565	-0.067156925797462
3.2279999256134	0.076102815568447	-0.069849468767643
3.2320001125336	0.074767366051674	-0.072518736124039
3.2360000610352	0.073173150420189	-0.075122475624084
3.2400000095367	0.071331381797791	-0.077620409429073
3.2439999580383	0.069259971380234	-0.079975545406342
3.2479999065399	0.066982865333557	-0.082155123353004
3.2520000934601	0.064528763294220	-0.084131777286530
3.2560000419617	0.061930112540722	-0.085883997380733
3.2599999904633	0.059222012758255	-0.087396554648876
3.2639999389648	0.056440573185682	-0.088660977780819
3.2679998874664	0.053622137755156	-0.089675031602383
3.2720000743866	0.050801567733288	-0.090442970395088
3.2760000228882	0.048011634498835	-0.090974561870098
3.2799999713898	0.045281868427992	-0.091284640133381
3.2839999198914	0.042637620121241	-0.091392278671265
3.2880001068115	0.040099799633026	-0.091319717466831
3.2920000553131	0.037684321403503	-0.091091416776180
3.2960000038147	0.035401899367571	-0.090732991695404
3.2999999523163	0.033258248120546	-0.090270161628723
3.3039999008179	0.031254153698683	-0.089727804064751
3.3080000877380	0.029386240988970	-0.089129000902176
3.3120000362396	0.027647113427520	-0.088494375348091
3.3159999847412	0.026026537641883	-0.087841361761093
3.3199999332428	0.024511810392141	-0.087183959782124
3.3239998817444	0.023089082911611	-0.086532257497311
3.3280000686646	0.021743847057223	-0.085892610251904
3.3320000171661	0.020462060347199	-0.085267588496208
3.3359999656677	0.019230749458075	-0.084656402468681
3.3399999141693	0.018038744106889	-0.084055289626122
3.3440001010895	0.016877325251698	-0.083458133041859
3.3480000495911	0.015740523114800	-0.082857131958008
3.3519999980927	0.014625414274633	-0.082243554294109
3.3559999465942	0.013532250188291	-0.081608474254608
3.3599998950958	0.012464258819818	-0.080943591892719
3.3640000820160	0.011427431367338	-0.080241881310940
3.3680000305176	0.010430126450956	-0.079498305916786
3.3719999790192	0.0094825308769941	-0.078710228204727
3.3759999275208	0.0085960160940886	-0.077877931296825
3.3800001144409	0.0077824448235333	-0.077004745602608
3.3840000629425	0.0070533799007535	-0.076097182929516
3.3880000114441	0.0064194053411484	-0.075164861977100
3.3919999599457	0.0058893295936286	-0.074220210313797
3.3959999084473	0.0054696379229426	-0.073278076946735
3.4000000953674	0.0051638507284224	-0.072355218231678
3.4040000438690	0.0049722124822438	-0.071469575166702
3.4079999923706	0.0048913252539933	-0.070639684796333
3.4119999408722	0.0049141217023134	-0.069883726537228
3.4159998893738	0.0050298292189837	-0.069218903779984
3.4200000762939	0.0052242935635149	-0.068660520017147
3.4240000247955	0.0054802903905511	-0.068221375346184
3.4279999732971	0.0057780644856393	-0.067911095917225
3.4319999217987	0.0060960869304836	-0.067735642194748
3.4360001087189	0.0064116534776986	-0.067696966230869
3.4400000572205	0.0067018102854490	-0.067792788147926
3.4440000057220	0.0069442102685571	-0.068016543984413
3.4479999542236	0.0071178819052875	-0.068357594311237
3.4519999027252	0.0072040907107294	-0.068801566958427
3.4560000896454	0.0071871136315167	-0.069330722093582
3.4600000381470	0.0070547768846154	-0.069924704730511
3.4639999866486	0.0067989514209330	-0.070561252534389
3.4679999351501	0.0064159594476223	-0.071217007935047
3.4719998836517	0.0059066251851618	-0.071868456900120
3.4760000705719	0.0052763125859201	-0.072492808103561
3.4800000190735	0.0045346133410931	-0.073068901896477
3.4839999675751	0.0036951159127057	-0.073578044772148
3.4879999160767	0.0027746469713748	-0.074004754424095
3.4920001029968	0.0017926563741639	-0.074337378144264
3.4960000514984	0.00077041768236086	-0.074568524956703
3.5000000000000	-0.00026993529172614	-0.074695408344269
3.5039999485016	-0.0013063072692603	-0.074719913303852
3.5079998970032	-0.0023176763206720	-0.074648492038250
3.5120000839233	-0.0032849381677806	-0.074491895735264
3.5160000324249	-0.0041918312199414	-0.074264682829380
3.5199999809265	-0.0050256187096238	-0.073984570801258
3.5239999294281	-0.0057777538895607	-0.073671668767929
3.5280001163483	-0.0064442753791809	-0.073347546160221
3.5320000648499	-0.0070260395295918	-0.073034264147282
3.5360000133514	-0.0075288005173206	-0.072753362357616
3.5399999618530	-0.0079629691317677	-0.072524838149548
3.5439999103546	-0.0083433706313372	-0.072366185486317
3.5480000972748	-0.0086885187774897	-0.072291523218155
3.5520000457764	-0.0090200277045369	-0.072310835123062
3.5559999942780	-0.0093615725636482	-0.072429351508617
3.5599999427795	-0.0097380178049207	-0.072647199034691
3.5639998912811	-0.010174262337387	-0.072959117591381
3.5680000782013	-0.010694217868149	-0.073354586958885
3.5720000267029	-0.011319621466100	-0.073817975819111
3.5759999752045	-0.012069116346538	-0.074329018592834
3.5799999237061	-0.012957246974111	-0.074863538146019
3.5840001106262	-0.013993739150465	-0.075394205749035
3.5880000591278	-0.015182804316282	-0.075891591608524
3.5920000076294	-0.016522821038961	-0.076325252652168
3.5959999561310	-0.018006119877100	-0.076664887368679
3.5999999046326	-0.019619069993496	-0.076881580054760
3.6040000915527	-0.021342337131500	-0.076948925852776
3.6080000400543	-0.023151410743594	-0.076844215393066
3.6119999885559	-0.025017384439707	-0.076549343764782
3.6159999370575	-0.026907887309790	-0.076051712036133
3.6199998855591	-0.028788121417165	-0.075344860553741
3.6240000724792	-0.030622128397226	-0.074428871273994
3.6280000209808	-0.032374039292336	-0.073310561478138
3.6319999694824	-0.034009408205748	-0.072003453969955
3.6359999179840	-0.035496395081282	-0.070527389645576
3.6400001049042	-0.036807127296925	-0.068908028304577
3.6440000534058	-0.037918575108051	-0.067175954580307
3.6480000019073	-0.038813676685095	-0.065365783870220
3.6519999504089	-0.039481837302446	-0.063514955341816
3.6559998989105	-0.039919517934322	-0.061662398278713
3.6600000858307	-0.040130432695150	-0.059847246855497
3.6640000343323	-0.040125384926796	-0.058107405900955
3.6679999828339	-0.039922125637531	-0.056478224694729
3.6719999313354	-0.039544597268105	-0.054991178214550
3.6760001182556	-0.039022199809551	-0.053672786802053
3.6800000667572	-0.038388680666685	-0.052543599158525
3.6840000152588	-0.037681009620428	-0.051617451012135
3.6879999637604	-0.036937937140465	-0.050901003181934
3.6919999122620	-0.036198712885380	-0.050393451005220
3.6960000991821	-0.035501454025507	-0.050086610019207
3.7000000476837	-0.034881912171841	-0.049965247511864
3.7039999961853	-0.034372042864561	-0.050007671117783
3.7079999446869	-0.033998847007751	-0.050186581909657
3.7119998931885	-0.033783342689276	-0.050470162183046
3.7160000801086	-0.033739838749170	-0.050823301076889
3.7200000286102	-0.033875428140163	-0.051209006458521
3.7239999771118	-0.034189701080322	-0.051589846611023
3.7279999256134	-0.034674748778343	-0.051929470151663
3.7320001125336	-0.035315733402967	-0.052194017916918
3.7360000610352	-0.036091234534979	-0.052353527396917
3.7400000095367	-0.036974366754293	-0.052383102476597
3.7439999580383	-0.037933818995953	-0.052263952791691
3.7479999065399	-0.038935143500566	-0.051984190940857
3.7520000934601	-0.039942182600498	-0.051539298146963
3.7560000419617	-0.040918674319983	-0.050932385027409
3.7599999904633	-0.041829731315374	-0.050174038857222
3.7639999389648	-0.042643312364817	-0.049281984567642
3.7679998874664	-0.043331667780876	-0.048280362039804
3.7720000743866	-0.043872609734535	-0.047198746353388
3.7760000228882	-0.044250447303057	-0.046070981770754
3.7799999713898	-0.044456858187914	-0.044933784753084
3.7839999198914	-0.044491313397884	-0.043825194239616
3.7880001068115	-0.044361338019371	-0.042782984673977
3.7920000553131	-0.044082280248404	-0.041843038052320
3.7960000038147	-0.043676838278770	-0.041037768125534
3.7999999523163	-0.043174400925636	-0.040394663810730
3.8039999008179	-0.042609866708517	-0.039934962987900
3.8080000877380	-0.042022384703159	-0.039672646671534
3.8120000362396	-0.041453849524260	-0.039613582193851
3.8159999847412	-0.040947213768959	-0.039755061268806
3.8199999332428	-0.040544841438532	-0.040085654705763
3.8239998817444	-0.040286675095558	-0.040585339069366
3.8280000686646	-0.040208563208580	-0.041226133704185
3.8320000171661	-0.040340740233660	-0.041972883045673
3.8359999656677	-0.040706377476454	-0.042784444987774
3.8399999141693	-0.041320417076349	-0.043615147471428
3.8440001010895	-0.042188853025436	-0.044416375458241
3.8480000495911	-0.043307978659868	-0.045138478279114
3.8519999980927	-0.044664446264505	-0.045732524245977
3.8559999465942	-0.046235393732786	-0.046152301132679
3.8599998950958	-0.047988906502724	-0.046356137841940
3.8640000820160	-0.049885142594576	-0.046308647841215
3.8680000305176	-0.051877442747355	-0.045982260257006
3.8719999790192	-0.053913954645395	-0.045358452945948
3.8759999275208	-0.055939406156540	-0.044428791850805
3.8800001144409	-0.057897094637156	-0.043195471167564
3.8840000629425	-0.059730838984251	-0.041671600192785
3.8880000114441	-0.061387252062559	-0.039881002157927
3.8919999599457	-0.062817670404911	-0.037857629358768
3.8959999084473	-0.063980035483837	-0.035644687712193
3.9000000953674	-0.064840786159039	-0.033293165266514
3.9040000438690	-0.065376132726669	-0.030860336497426
3.9079999923706	-0.065573342144489	-0.028407761827111
3.9119999408722	-0.065431408584118	-0.025999199599028
3.9159998893738	-0.064961396157742	-0.023698441684246
3.9200000762939	-0.064186468720436	-0.021566852927208
3.9240000247955	-0.063141316175461	-0.019661296159029
3.9279999732971	-0.061871204525232	-0.018031889572740
3.9319999217987	-0.060430724173784	-0.016720078885555
3.9360001087189	-0.058882080018520	-0.015756905078888
3.9400000572205	-0.057293087244034	-0.015161737799644
3.9440000057220	-0.055735006928444	-0.014941219240427
3.9479999542236	-0.054280109703541	-0.015088724903762
3.9519999027252	-0.052999269217253	-0.015584298409522
3.9560000896454	-0.051959484815598	-0.016394928097725
3.9600000381470	-0.051221475005150	-0.017475482076406
3.9639999866486	-0.050837568938732	-0.018769765272737
3.9679999351501	-0.050849687308073	-0.020212322473526
3.9719998836517	-0.051287781447172	-0.021730277687311
3.9760000705719	-0.052168525755405	-0.023245671764016
3.9800000190735	-0.053494602441788	-0.024677842855453
3.9839999675751	-0.055254235863686	-0.025946054607630
3.9879999160767	-0.057421445846558	-0.026972012594342
3.9920001029968	-0.059956513345242	-0.027682516723871
3.9960000514984	-0.062807135283947	-0.028011757880449
4.0000000000000	-0.065909825265408	-0.027903579175472
