#Parameters = {D=8; L=80; d_a=10; e_m=9; e_s=30; gap=1.5; m_x=30; m_y=40; m_z=100; mu_m=1; mu_s=1; s_d=2}
#"Frequency / GHz"	"S2,1 [Re]"	"S2,1 [Im]"
#-----------------------------------------
0.0000000000000	0.0015823800349608	-0.0000000000000
0.0040000001899898	0.0015660292701796	-0.0010848979000002
0.0080000003799796	0.0015170243568718	-0.0021683103404939
0.012000000104308	0.0014355070888996	-0.0032487586140633
0.016000000759959	0.0013217137893662	-0.0043247775174677
0.019999999552965	0.0011759712360799	-0.0053949225693941
0.024000000208616	0.00099869619589299	-0.0064577758312225
0.028000000864267	0.00079039670526981	-0.0075119528919458
0.032000001519918	0.00055166473612189	-0.0085561089217663
0.035999998450279	0.00028317485703155	-0.0095889447256923
0.039999999105930	-1.4325116353575e-05	-0.010609210468829
0.043999999761581	-0.00034000352025032	-0.011615717783570
0.048000000417233	-0.00069296860601753	-0.012607331387699
0.052000001072884	-0.0010722582228482	-0.013582989573479
0.056000001728535	-0.0014768529217690	-0.014541698619723
0.059999998658895	-0.0019056798191741	-0.015482537448406
0.064000003039837	-0.0023576209787279	-0.016404662281275
0.068000003695488	-0.0028315046802163	-0.017307313159108
0.071999996900558	-0.0033261342905462	-0.018189804628491
0.075999997556210	-0.0038402797654271	-0.019051546230912
0.079999998211861	-0.0043726931326091	-0.019892023876309
0.083999998867512	-0.0049220970831811	-0.020710814744234
0.087999999523163	-0.0054872175678611	-0.021507579833269
0.092000000178814	-0.0060667768120766	-0.022282067686319
0.096000000834465	-0.0066594826057553	-0.023034112527966
0.10000000149012	-0.0072640655562282	-0.023763634264469
0.10400000214577	-0.0078792730346322	-0.024470631033182
0.10800000280142	-0.0085038598626852	-0.025155188515782
0.11200000345707	-0.0091366181150079	-0.025817455723882
0.11599999666214	-0.0097763780504465	-0.026457678526640
0.11999999731779	-0.010421974584460	-0.027076153084636
0.12399999797344	-0.011072332039475	-0.027673253789544
0.12800000607967	-0.011726375669241	-0.028249410912395
0.13199999928474	-0.012383108958602	-0.028805123642087
0.13600000739098	-0.013041567057371	-0.029340935871005
0.14000000059605	-0.013700855895877	-0.029857441782951
0.14399999380112	-0.014360151253641	-0.030355274677277
0.14800000190735	-0.015018644742668	-0.030835120007396
0.15199999511242	-0.015675641596317	-0.031297683715820
0.15600000321865	-0.016330458223820	-0.031743694096804
0.15999999642372	-0.016982531175017	-0.032173920422792
0.16400000452995	-0.017631320282817	-0.032589126378298
0.16799999773502	-0.018276363611221	-0.032990105450153
0.17200000584126	-0.018917255103588	-0.033377643674612
0.17599999904633	-0.019553655758500	-0.033752515912056
0.18000000715256	-0.020185269415379	-0.034115534275770
0.18400000035763	-0.020811872556806	-0.034467451274395
0.18799999356270	-0.021433312445879	-0.034809030592442
0.19200000166893	-0.022049451246858	-0.035141024738550
0.19599999487400	-0.022660205140710	-0.035464145243168
0.20000000298023	-0.023265544325113	-0.035779096186161
0.20399999618530	-0.023865506052971	-0.036086540669203
0.20800000429153	-0.024460090324283	-0.036387115716934
0.21199999749660	-0.025049390271306	-0.036681421101093
0.21600000560284	-0.025633521378040	-0.036970030516386
0.21999999880791	-0.026212580502033	-0.037253476679325
0.22400000691414	-0.026786711066961	-0.037532258778811
0.22800000011921	-0.027356039732695	-0.037806846201420
0.23199999332428	-0.027920767664909	-0.038077656179667
0.23600000143051	-0.028481004759669	-0.038345083594322
0.23999999463558	-0.029036937281489	-0.038609493523836
0.24400000274181	-0.029588680714369	-0.038871210068464
0.24799999594688	-0.030136376619339	-0.039130538702011
0.25200000405312	-0.030680168420076	-0.039387743920088
0.25600001215935	-0.031220093369484	-0.039643101394176
0.25999999046326	-0.031756274402142	-0.039896834641695
0.26399999856949	-0.032288756221533	-0.040149159729481
0.26800000667572	-0.032817535102367	-0.040400296449661
0.27200001478195	-0.033342581242323	-0.040650468319654
0.27599999308586	-0.033863909542561	-0.040899872779846
0.28000000119209	-0.034381378442049	-0.041148740798235
0.28400000929832	-0.034894924610853	-0.041397292166948
0.28799998760223	-0.035404350608587	-0.041645806282759
0.29199999570847	-0.035909514874220	-0.041894529014826
0.29600000381470	-0.036410212516785	-0.042143780738115
0.30000001192093	-0.036906149238348	-0.042393930256367
0.30399999022484	-0.037397135049105	-0.042645331472158
0.30799999833107	-0.037882804870605	-0.042898450046778
0.31200000643730	-0.038362901657820	-0.043153777718544
0.31600001454353	-0.038837082684040	-0.043411854654551
0.31999999284744	-0.039305005222559	-0.043673317879438
0.32400000095367	-0.039766341447830	-0.043938849121332
0.32800000905991	-0.040220756083727	-0.044209212064743
0.33199998736382	-0.040667947381735	-0.044485252350569
0.33599999547005	-0.041107568889856	-0.044767916202545
0.34000000357628	-0.041539356112480	-0.045058190822601
0.34400001168251	-0.041963085532188	-0.045357190072536
0.34799998998642	-0.042378559708595	-0.045666072517633
0.35199999809265	-0.042785622179508	-0.045986149460077
0.35600000619888	-0.043184176087379	-0.046318750828505
0.36000001430511	-0.043574225157499	-0.046665363013744
0.36399999260902	-0.043955862522125	-0.047027494758368
0.36800000071526	-0.044329203665257	-0.047406792640686
0.37200000882149	-0.044694576412439	-0.047804929316044
0.37599998712540	-0.045052349567413	-0.048223692923784
0.37999999523163	-0.045403003692627	-0.048664938658476
0.38400000333786	-0.045747231692076	-0.049130562692881
0.38800001144409	-0.046085789799690	-0.049622543156147
0.39199998974800	-0.046419631689787	-0.050142876803875
0.39599999785423	-0.046749848872423	-0.050693634897470
0.40000000596046	-0.047077748924494	-0.051276870071888
0.40400001406670	-0.047404758632183	-0.051894705742598
0.40799999237061	-0.047732554376125	-0.052549224346876
0.41200000047684	-0.048062920570374	-0.053242556750774
0.41600000858307	-0.048397947102785	-0.053976710885763
0.41999998688698	-0.048739843070507	-0.054753802716732
0.42399999499321	-0.049091100692749	-0.055575769394636
0.42800000309944	-0.049454342573881	-0.056444536894560
0.43200001120567	-0.049832429736853	-0.057361979037523
0.43599998950958	-0.050228491425514	-0.058329816907644
0.43999999761581	-0.050645828247070	-0.059349667280912
0.44400000572205	-0.051087953150272	-0.060423038899899
0.44800001382828	-0.051558569073677	-0.061551280319691
0.45199999213219	-0.052061632275581	-0.062735550105572
0.45600000023842	-0.052601296454668	-0.063976839184761
0.46000000834465	-0.053181830793619	-0.065275959670544
0.46399998664856	-0.053807798773050	-0.066633425652981
0.46799999475479	-0.054483912885189	-0.068049564957619
0.47200000286102	-0.055214952677488	-0.069524481892586
0.47600001096725	-0.056005980819464	-0.071057930588722
0.47999998927116	-0.056862153112888	-0.072649404406548
0.48399999737740	-0.057788688689470	-0.074298143386841
0.48800000548363	-0.058791022747755	-0.076002962887287
0.49200001358986	-0.059874642640352	-0.077762402594090
0.49599999189377	-0.061045031994581	-0.079574681818485
0.50000000000000	-0.062307789921761	-0.081437624990940
0.50400000810623	-0.063668593764305	-0.083348654210567
0.50800001621246	-0.065133020281792	-0.085304863750935
0.51200002431870	-0.066706731915474	-0.087302938103676
0.51599997282028	-0.068395309150219	-0.089339137077332
0.51999998092651	-0.070204198360443	-0.091409370303154
0.52399998903275	-0.072138905525208	-0.093509085476398
0.52799999713898	-0.074204683303833	-0.095633365213871
0.53200000524521	-0.076406687498093	-0.097776882350445
0.53600001335144	-0.078749917447567	-0.099933847784996
0.54000002145767	-0.081239178776741	-0.10209808498621
0.54400002956390	-0.083878986537457	-0.10426310449839
0.54799997806549	-0.086673699319363	-0.10642185807228
0.55199998617172	-0.089627288281918	-0.10856705904007
0.55599999427795	-0.092743456363678	-0.11069097369909
0.56000000238419	-0.096025593578815	-0.11278548836708
0.56400001049042	-0.099476635456085	-0.11484222859144
0.56800001859665	-0.10309927165508	-0.11685236543417
0.57200002670288	-0.10689560323954	-0.11880684643984
0.57599997520447	-0.11086738109589	-0.12069627642632
0.57999998331070	-0.11501579731703	-0.12251104414463
0.58399999141693	-0.11934173852205	-0.12424116581678
0.58799999952316	-0.12384539097548	-0.12587660551071
0.59200000762939	-0.12852647900581	-0.12740696966648
0.59600001573563	-0.13338404893875	-0.12882183492184
0.60000002384186	-0.13841684162617	-0.13011051714420
0.60399997234344	-0.14362277090549	-0.13126225769520
0.60799998044968	-0.14899922907352	-0.13226626813412
0.61199998855591	-0.15454292297363	-0.13311174511909
0.61599999666214	-0.16025005280972	-0.13378778100014
0.62000000476837	-0.16611611843109	-0.13428358733654
0.62400001287460	-0.17213602364063	-0.13458831608295
0.62800002098083	-0.17830385267735	-0.13469146192074
0.63200002908707	-0.18461334705353	-0.13458238542080
0.63599997758865	-0.19105723500252	-0.13425090909004
0.63999998569489	-0.19762799143791	-0.13368679583073
0.64399999380112	-0.20431713759899	-0.13288034498692
0.64800000190735	-0.21111574769020	-0.13182196021080
0.65200001001358	-0.21801415085793	-0.13050258159637
0.65600001811981	-0.22500224411488	-0.12891314923763
0.66000002622604	-0.23206917941570	-0.12704549729824
0.66399997472763	-0.23920349776745	-0.12489172071218
0.66799998283386	-0.24639336764812	-0.12244423478842
0.67199999094009	-0.25362640619278	-0.11969624459743
0.67599999904633	-0.26088955998421	-0.11664136499166
0.68000000715256	-0.26816940307617	-0.11327394098043
0.68400001525879	-0.27545216679573	-0.10958877205849
0.68800002336502	-0.28272345662117	-0.10558144748211
0.69199997186661	-0.28996869921684	-0.10124836862087
0.69599997997284	-0.29717281460762	-0.096586279571056
0.69999998807907	-0.30432060360909	-0.091592982411385
0.70399999618530	-0.31139633059502	-0.086267024278641
0.70800000429153	-0.31838431954384	-0.080607615411282
0.71200001239777	-0.32526853680611	-0.074614748358727
0.71600002050400	-0.33203291893005	-0.068289414048195
0.72000002861023	-0.33866122364998	-0.061633333563805
0.72399997711182	-0.34513711929321	-0.054648969322443
0.72799998521805	-0.35144448280334	-0.047339901328087
0.73199999332428	-0.35756704211235	-0.039710197597742
0.73600000143051	-0.36348864436150	-0.031765270978212
0.74000000953674	-0.36919337511063	-0.023510789498687
0.74400001764297	-0.37466543912888	-0.014953746460378
0.74800002574921	-0.37988933920860	-0.0061019859276712
0.75199997425079	-0.38484975695610	0.0030361216049641
0.75599998235703	-0.38953191041946	0.012451233342290
0.75999999046326	-0.39392116665840	0.022133044898510
0.76399999856949	-0.39800348877907	0.032070770859718
0.76800000667572	-0.40176531672478	0.042252428829670
0.77200001478195	-0.40519344806671	0.052665818482637
0.77600002288818	-0.40827548503876	0.063297465443611
0.77999997138977	-0.41099950671196	0.074133656919003
0.78399997949600	-0.41335424780846	0.085159793496132
0.78799998760223	-0.41532903909683	0.096360564231873
0.79199999570847	-0.41691422462463	0.10772024840117
0.79600000381470	-0.41810062527657	0.11922243237495
0.80000001192093	-0.41887986660004	0.13085046410561
0.80400002002716	-0.41924461722374	0.14258684217930
0.80800002813339	-0.41918814182281	0.15441386401653
0.81199997663498	-0.41870468854904	0.16631346940994
0.81599998474121	-0.41778960824013	0.17826694250107
0.81999999284744	-0.41643866896629	0.19025580585003
0.82400000095367	-0.41464903950691	0.20226107537746
0.82800000905991	-0.41241863369942	0.21426346898079
0.83200001716614	-0.40974628925323	0.22624373435974
0.83600002527237	-0.40663182735443	0.23818251490593
0.83999997377396	-0.40307617187500	0.25006037950516
0.84399998188019	-0.39908111095428	0.26185801625252
0.84799998998642	-0.39464923739433	0.27355617284775
0.85199999809265	-0.38978448510170	0.28513565659523
0.85600000619888	-0.38449132442474	0.29657745361328
0.86000001430511	-0.37877550721169	0.30786290764809
0.86400002241135	-0.37264358997345	0.31897351145744
0.86799997091293	-0.36610299348831	0.32989120483398
0.87199997901917	-0.35916197299957	0.34059840440750
0.87599998712540	-0.35182964801788	0.35107773542404
0.87999999523163	-0.34411633014679	0.36131238937378
0.88400000333786	-0.33603292703629	0.37128612399101
0.88800001144409	-0.32759070396423	0.38098329305649
0.89200001955032	-0.31880223751068	0.39038887619972
0.89600002765656	-0.30968073010445	0.39948838949203
0.89999997615814	-0.30023998022079	0.40826815366745
0.90399998426437	-0.29049438238144	0.41671514511108
0.90799999237061	-0.28045865893364	0.42481714487076
0.91200000047684	-0.27014890313148	0.43256264925003
0.91600000858307	-0.25958082079887	0.43994107842445
0.92000001668930	-0.24877081811428	0.44694262742996
0.92400002479553	-0.23773613572121	0.45355835556984
0.92799997329712	-0.22649420797825	0.45978009700775
0.93199998140335	-0.21506206691265	0.46560081839561
0.93599998950958	-0.20345816016197	0.47101417183876
0.93999999761581	-0.19170017540455	0.47601473331451
0.94400000572205	-0.17980650067329	0.48059824109077
0.94800001382828	-0.16779559850693	0.48476099967957
0.95200002193451	-0.15568576753139	0.48850056529045
0.95599997043610	-0.14349539577961	0.49181511998177
0.95999997854233	-0.13124285638332	0.49470406770706
0.96399998664856	-0.11894645541906	0.49716749787331
0.96799999475479	-0.10662451386452	0.49920639395714
0.97200000286102	-0.094294644892216	0.50082278251648
0.97600001096725	-0.081974782049656	0.50201952457428
0.98000001907349	-0.069682225584984	0.50280010700226
0.98400002717972	-0.057434201240540	0.50316905975342
0.98799997568130	-0.045247305184603	0.50313168764114
0.99199998378754	-0.033138107508421	0.50269401073456
0.99599999189377	-0.021122114732862	0.50186276435852
1.0000000000000	-0.0092149665579200	0.50064545869827
1.0039999485016	0.0025684619322419	0.49905025959015
1.0080000162125	0.014214078895748	0.49708601832390
1.0119999647141	0.025707893073559	0.49476215243340
1.0160000324249	0.037036862224340	0.49208861589432
1.0199999809265	0.048188470304012	0.48907592892647
1.0240000486374	0.059150956571102	0.48573514819145
1.0279999971390	0.069913104176521	0.48207765817642
1.0319999456406	0.080464489758015	0.47811540961266
1.0360000133514	0.090795285999775	0.47386056184769
1.0399999618530	0.10089660435915	0.46932569146156
1.0440000295639	0.11075988411903	0.46452361345291
1.0479999780655	0.12037790566683	0.45946741104126
1.0520000457764	0.12974353134632	0.45417034626007
1.0559999942780	0.13885077834129	0.44864571094513
1.0599999427795	0.14769439399242	0.44290715456009
1.0640000104904	0.15626965463161	0.43696811795235
1.0679999589920	0.16457274556160	0.43084228038788
1.0720000267029	0.17260055243969	0.42454317212105
1.0759999752045	0.18035049736500	0.41808420419693
1.0800000429153	0.18782091140747	0.41147887706757
1.0839999914169	0.19501066207886	0.40474051237106
1.0880000591278	0.20191957056522	0.39788204431534
1.0920000076294	0.20854754745960	0.39091646671295
1.0959999561310	0.21489582955837	0.38385644555092
1.1000000238419	0.22096557915211	0.37671428918839
1.1039999723434	0.22675894200802	0.36950209736824
1.1080000400543	0.23227848112583	0.36223167181015
1.1119999885559	0.23752747476101	0.35491427779198
1.1160000562668	0.24250937998295	0.34756106138229
1.1200000047684	0.24722836911678	0.34018260240555
1.1239999532700	0.25168889760971	0.33278909325600
1.1280000209808	0.25589576363564	0.32539045810699
1.1319999694824	0.25985464453697	0.31799557805061
1.1360000371933	0.26357072591782	0.31061375141144
1.1399999856949	0.26704987883568	0.30325335264206
1.1440000534058	0.27029889822006	0.29592192173004
1.1480000019073	0.27332368493080	0.28862717747688
1.1519999504089	0.27613121271133	0.28137588500977
1.1560000181198	0.27872794866562	0.27417474985123
1.1599999666214	0.28112122416496	0.26702931523323
1.1640000343323	0.28331801295280	0.25994527339935
1.1679999828339	0.28532534837723	0.25292757153511
1.1720000505447	0.28715062141418	0.24598056077957
1.1759999990463	0.28880107402802	0.23910823464394
1.1799999475479	0.29028388857841	0.23231412470341
1.1840000152588	0.29160624742508	0.22560140490532
1.1879999637604	0.29277533292770	0.21897260844707
1.1920000314713	0.29379808902740	0.21243005990982
1.1959999799728	0.29468178749084	0.20597514510155
1.2000000476837	0.29543289542198	0.19960968196392
1.2039999961853	0.29605832695961	0.19333441555500
1.2079999446869	0.29656454920769	0.18715001642704
1.2120000123978	0.29695773124695	0.18105690181255
1.2159999608994	0.29724425077438	0.17505478858948
1.2200000286102	0.29742968082428	0.16914375126362
1.2239999771118	0.29752001166344	0.16332255303860
1.2280000448227	0.29752060770988	0.15759064257145
1.2319999933243	0.29743650555611	0.15194702148438
1.2359999418259	0.29727274179459	0.14639005064964
1.2400000095367	0.29703393578529	0.14091843366623
1.2439999580383	0.29672446846962	0.13553036749363
1.2480000257492	0.29634854197502	0.13022382557392
1.2519999742508	0.29590991139412	0.12499692291021
1.2560000419617	0.29541227221489	0.11984732002020
1.2599999904633	0.29485872387886	0.11477334797382
1.2640000581741	0.29425239562988	0.10977215319872
1.2680000066757	0.29359605908394	0.10484175384045
1.2719999551773	0.29289212822914	0.099979676306248
1.2760000228882	0.29214295744896	0.095183551311493
1.2799999713898	0.29135039448738	0.090451039373875
1.2840000391006	0.29051634669304	0.085779771208763
1.2879999876022	0.28964215517044	0.081167452037334
1.2920000553131	0.28872922062874	0.076611816883087
1.2960000038147	0.28777858614922	0.072110667824745
1.2999999523163	0.28679120540619	0.067661896348000
1.3040000200272	0.28576764464378	0.063263453543186
1.3079999685287	0.28470852971077	0.058913432061672
1.3120000362396	0.28361415863037	0.054609987884760
1.3159999847412	0.28248476982117	0.050351414829493
1.3200000524521	0.28132042288780	0.046136122196913
1.3240000009537	0.28012105822563	0.041962642222643
1.3279999494553	0.27888655662537	0.037829656153917
1.3320000171661	0.27761664986610	0.033735945820808
1.3359999656677	0.27631098031998	0.029680455103517
1.3400000333786	0.27496916055679	0.025662267580628
1.3439999818802	0.27359074354172	0.021680589765310
1.3480000495911	0.27217528223991	0.017734784632921
1.3519999980927	0.27072218060493	0.013824324123561
1.3559999465942	0.26923090219498	0.0099488357082009
1.3600000143051	0.26770091056824	0.0061080651357770
1.3639999628067	0.26613166928291	0.0023018897045404
1.3680000305176	0.26452264189720	-0.0014696979196742
1.3719999790192	0.26287329196930	-0.0052065872587264
1.3760000467300	0.26118320226669	-0.0089085604995489
1.3799999952316	0.25945192575455	-0.012575298547745
1.3839999437332	0.25767904520035	-0.016206383705139
1.3880000114441	0.25586423277855	-0.019801314920187
1.3919999599457	0.25400727987289	-0.023359516635537
1.3960000276566	0.25210794806480	-0.026880325749516
1.3999999761581	0.25016605854034	-0.030363027006388
1.4040000438690	0.24818156659603	-0.033806856721640
1.4079999923706	0.24615457653999	-0.037210989743471
1.4119999408722	0.24408508837223	-0.040574569255114
1.4160000085831	0.24197331070900	-0.043896712362766
1.4199999570847	0.23981949687004	-0.047176513820887
1.4240000247955	0.23762400448322	-0.050413046032190
1.4279999732971	0.23538719117641	-0.053605396300554
1.4320000410080	0.23310957849026	-0.056752629578114
1.4359999895096	0.23079171776772	-0.059853840619326
1.4400000572205	0.22843426465988	-0.062908105552197
1.4440000057220	0.22603790462017	-0.065914571285248
1.4479999542236	0.22360339760780	-0.068872392177582
1.4520000219345	0.22113156318665	-0.071780733764172
1.4559999704361	0.21862332522869	-0.074638828635216
1.4600000381470	0.21607959270477	-0.077445931732655
1.4639999866486	0.21350136399269	-0.080201350152493
1.4680000543594	0.21088962256908	-0.082904472947121
1.4720000028610	0.20824544131756	-0.085554674267769
1.4759999513626	0.20556990802288	-0.088151454925537
1.4800000190735	0.20286414027214	-0.090694323182106
1.4839999675751	0.20012927055359	-0.093182861804962
1.4880000352859	0.19736638665199	-0.095616690814495
1.4919999837875	0.19457668066025	-0.097995527088642
1.4960000514984	0.19176127016544	-0.10031909495592
1.5000000000000	0.18892133235931	-0.10258721560240
1.5039999485016	0.18605796992779	-0.10479974746704
1.5080000162125	0.18317231535912	-0.10695658624172
1.5119999647141	0.18026542663574	-0.10905770212412
1.5160000324249	0.17733845114708	-0.11110308021307
1.5199999809265	0.17439238727093	-0.11309277266264
1.5240000486374	0.17142823338509	-0.11502686887980
1.5279999971390	0.16844703257084	-0.11690545827150
1.5319999456406	0.16544970870018	-0.11872870475054
1.5360000133514	0.16243715584278	-0.12049677968025
1.5399999618530	0.15941026806831	-0.12220986932516
1.5440000295639	0.15636987984180	-0.12386818230152
1.5479999780655	0.15331678092480	-0.12547193467617
1.5520000457764	0.15025171637535	-0.12702135741711
1.5559999942780	0.14717543125153	-0.12851665914059
1.5599999427795	0.14408855140209	-0.12995809316635
1.5640000104904	0.14099173247814	-0.13134585320950
1.5679999589920	0.13788557052612	-0.13268014788628
1.5720000267029	0.13477066159248	-0.13396120071411
1.5759999752045	0.13164745271206	-0.13518913090229
1.5800000429153	0.12851651012897	-0.13636410236359
1.5839999914169	0.12537829577923	-0.13748624920845
1.5880000591278	0.12223324179649	-0.13855566084385
1.5920000076294	0.11908183246851	-0.13957238197327
1.5959999561310	0.11592446267605	-0.14053642749786
1.6000000238419	0.11276152729988	-0.14144781231880
1.6039999723434	0.10959346592426	-0.14230646193027
1.6080000400543	0.10642065107822	-0.14311230182648
1.6119999885559	0.10324355214834	-0.14386516809464
1.6160000562668	0.10006254166365	-0.14456494152546
1.6200000047684	0.096878074109554	-0.14521138370037
1.6239999532700	0.093690641224384	-0.14580427110195
1.6280000209808	0.090500712394714	-0.14634329080582
1.6319999694824	0.087308779358864	-0.14682812988758
1.6360000371933	0.084115386009216	-0.14725846052170
1.6399999856949	0.080921195447445	-0.14763389527798
1.6440000534058	0.077726766467094	-0.14795403182507
1.6480000019073	0.074532777070999	-0.14821843802929
1.6519999504089	0.071340009570122	-0.14842666685581
1.6560000181198	0.068149223923683	-0.14857827126980
1.6599999666214	0.064961239695549	-0.14867275953293
1.6640000343323	0.061777025461197	-0.14870969951153
1.6679999828339	0.058597493916750	-0.14868856966496
1.6720000505447	0.055423654615879	-0.14860895276070
1.6759999990463	0.052256617695093	-0.14847035706043
1.6799999475479	0.049097575247288	-0.14827236533165
1.6840000152588	0.045947697013617	-0.14801459014416
1.6879999637604	0.042808324098587	-0.14769661426544
1.6920000314713	0.039680797606707	-0.14731813967228
1.6959999799728	0.036566510796547	-0.14687882363796
1.7000000476837	0.033466987311840	-0.14637844264507
1.7039999961853	0.030383722856641	-0.14581680297852
1.7079999446869	0.027318373322487	-0.14519377052784
1.7120000123978	0.024272555485368	-0.14450927078724
1.7159999608994	0.021247910335660	-0.14376330375671
1.7200000286102	0.018246240913868	-0.14295598864555
1.7239999771118	0.015269358642399	-0.14208744466305
1.7280000448227	0.012319047935307	-0.14115794003010
1.7319999933243	0.0093971397727728	-0.14016781747341
1.7359999418259	0.0065055252052844	-0.13911752402782
1.7400000095367	0.0036460580304265	-0.13800758123398
1.7439999580383	0.00082070915959775	-0.13683862984180
1.7480000257492	-0.0019687006715685	-0.13561138510704
1.7519999742508	-0.0047202454879880	-0.13432671129704
1.7560000419617	-0.0074320337735116	-0.13298557698727
1.7599999904633	-0.010102180764079	-0.13158896565437
1.7640000581741	-0.012728912755847	-0.13013811409473
1.7680000066757	-0.015310350805521	-0.12863425910473
1.7719999551773	-0.017844799906015	-0.12707874178886
1.7760000228882	-0.020330455154181	-0.12547306716442
1.7799999713898	-0.022765761241317	-0.12381882220507
1.7840000391006	-0.025149062275887	-0.12211765348911
1.7879999876022	-0.027478853240609	-0.12037131190300
1.7920000553131	-0.029753722250462	-0.11858170479536
1.7960000038147	-0.031972236931324	-0.11675073951483
1.7999999523163	-0.034133221954107	-0.11488045006990
1.8040000200272	-0.036235481500626	-0.11297294497490
1.8079999685287	-0.038277901709080	-0.11103039234877
1.8120000362396	-0.040259581059217	-0.10905501991510
1.8159999847412	-0.042179640382528	-0.10704912245274
1.8200000524521	-0.044037397950888	-0.10501503944397
1.8240000009537	-0.045832216739655	-0.10295514017344
1.8279999494553	-0.047563672065735	-0.10087186098099
1.8320000171661	-0.049231331795454	-0.098767623305321
1.8359999656677	-0.050835069268942	-0.096644885838032
1.8400000333786	-0.052374742925167	-0.094506129622459
1.8439999818802	-0.053850404918194	-0.092353790998459
1.8480000495911	-0.055262271314859	-0.090190351009369
1.8519999980927	-0.056610569357872	-0.088018238544464
1.8559999465942	-0.057895869016647	-0.085839852690697
1.8600000143051	-0.059118598699570	-0.083657599985600
1.8639999628067	-0.060279540717602	-0.081473775207996
1.8680000305176	-0.061379514634609	-0.079290688037872
1.8719999790192	-0.062419429421425	-0.077110536396503
1.8760000467300	-0.063400395214558	-0.074935495853424
1.8799999952316	-0.064323514699936	-0.072767615318298
1.8839999437332	-0.065190151333809	-0.070608913898468
1.8880000114441	-0.066001623868942	-0.068461276590824
1.8919999599457	-0.066759414970875	-0.066326521337032
1.8960000276566	-0.067465111613274	-0.064206339418888
1.8999999761581	-0.068120352923870	-0.062102328985929
1.9040000438690	-0.068726837635040	-0.060015972703695
1.9079999923706	-0.069286368787289	-0.057948630303144
1.9119999408722	-0.069800779223442	-0.055901557207108
1.9160000085831	-0.070271961390972	-0.053875830024481
1.9199999570847	-0.070701807737350	-0.051872488111258
1.9240000247955	-0.071092359721661	-0.049892354756594
1.9279999732971	-0.071445532143116	-0.047936171293259
1.9320000410080	-0.071763344109058	-0.046004526317120
1.9359999895096	-0.072047784924507	-0.044097904115915
1.9400000572205	-0.072300881147385	-0.042216625064611
1.9440000057220	-0.072524592280388	-0.040360860526562
1.9479999542236	-0.072720885276794	-0.038530737161636
1.9520000219345	-0.072891704738140	-0.036726158112288
1.9559999704361	-0.073038913309574	-0.034946963191032
1.9600000381470	-0.073164373636246	-0.033192873001099
1.9639999866486	-0.073269873857498	-0.031463436782360
1.9680000543594	-0.073357120156288	-0.029758190736175
1.9720000028610	-0.073427796363831	-0.028076451271772
1.9759999513626	-0.073483452200890	-0.026417542248964
1.9800000190735	-0.073525585234165	-0.024780621752143
1.9839999675751	-0.073555611073971	-0.023164799436927
1.9880000352859	-0.073574841022491	-0.021569080650806
1.9919999837875	-0.073584482073784	-0.019992412999272
1.9960000514984	-0.073585644364357	-0.018433708697557
2.0000000000000	-0.073579333722591	-0.016891757026315
2.0039999485016	-0.073566429316998	-0.015365343540907
2.0079998970032	-0.073547758162022	-0.013853217475116
2.0120000839233	-0.073523938655853	-0.012354073114693
2.0160000324249	-0.073495566844940	-0.010866642929614
2.0199999809265	-0.073463052511215	-0.0093895513564348
2.0239999294281	-0.073426738381386	-0.0079214777797461
2.0280001163483	-0.073386847972870	-0.0064611146226525
2.0320000648499	-0.073343470692635	-0.0050070905126631
2.0360000133514	-0.073296591639519	-0.0035581632982939
2.0399999618530	-0.073246099054813	-0.0021130370441824
2.0439999103546	-0.073191799223423	-0.00067046971525997
2.0480000972748	-0.073133349418640	0.00077073904685676
2.0520000457764	-0.073070339858532	0.0022116915788502
2.0559999942780	-0.073002263903618	0.0036535451654345
2.0599999427795	-0.072928547859192	0.0050972979515791
2.0639998912811	-0.072848521173000	0.0065439064055681
2.0680000782013	-0.072761431336403	0.0079942839220166
2.0720000267029	-0.072666473686695	0.0094492090865970
2.0759999752045	-0.072562776505947	0.010909442789853
2.0799999237061	-0.072449423372746	0.012375642545521
2.0840001106262	-0.072325430810452	0.013848321512341
2.0880000591278	-0.072189807891846	0.015328018926084
2.0920000076294	-0.072041496634483	0.016815060749650
2.0959999561310	-0.071879453957081	0.018309747800231
2.0999999046326	-0.071702584624290	0.019812293350697
2.1040000915527	-0.071509800851345	0.021322751417756
2.1080000400543	-0.071300014853477	0.022841176018119
2.1119999885559	-0.071072138845921	0.024367477744818
2.1159999370575	-0.070825122296810	0.025901440531015
2.1199998855591	-0.070557892322540	0.027442850172520
2.1240000724792	-0.070269420742989	0.028991341590881
2.1280000209808	-0.069958724081516	0.030546467751265
2.1319999694824	-0.069624841213226	0.032107766717672
2.1359999179840	-0.069266870617867	0.033674631267786
2.1400001049042	-0.068883970379829	0.035246390849352
2.1440000534058	-0.068475313484669	0.036822382360697
2.1480000019073	-0.068040169775486	0.038401797413826
2.1519999504089	-0.067577831447124	0.039983849972486
2.1559998989105	-0.067087732255459	0.041567638516426
2.1600000858307	-0.066569283604622	0.043152268975973
2.1640000343323	-0.066022016108036	0.044736802577972
2.1679999828339	-0.065445549786091	0.046320278197527
2.1719999313354	-0.064839564263821	0.047901701182127
2.1760001182556	-0.064203791320324	0.049480032175779
2.1800000667572	-0.063538029789925	0.051054336130619
2.1840000152588	-0.062842242419720	0.052623555064201
2.1879999637604	-0.062116347253323	0.054186686873436
2.1919999122620	-0.061360403895378	0.055742740631104
2.1960000991821	-0.060574553906918	0.057290744036436
2.2000000476837	-0.059758923947811	0.058829762041569
2.2039999961853	-0.058913804590702	0.060358859598637
2.2079999446869	-0.058039486408234	0.061877153813839
2.2119998931885	-0.057136304676533	0.063383817672729
2.2160000801086	-0.056204706430435	0.064878031611443
2.2200000286102	-0.055245101451874	0.066359080374241
2.2239999771118	-0.054258070886135	0.067826226353645
2.2279999256134	-0.053244069218636	0.069278851151466
2.2320001125336	-0.052203688770533	0.070716381072998
2.2360000610352	-0.051137499511242	0.072138287127018
2.2400000095367	-0.050046131014824	0.073544114828110
2.2439999580383	-0.048930197954178	0.074933454394341
2.2479999065399	-0.047790326178074	0.076306000351906
2.2520000934601	-0.046627100557089	0.077661477029324
2.2560000419617	-0.045441113412380	0.078999698162079
2.2599999904633	-0.044233053922653	0.080320492386818
2.2639999389648	-0.043003387749195	0.081623792648315
2.2679998874664	-0.041752733290195	0.082909606397152
2.2720000743866	-0.040481556206942	0.084177941083908
2.2760000228882	-0.039190389215946	0.085428863763809
2.2799999713898	-0.037879608571529	0.086662553250790
2.2839999198914	-0.036549631506205	0.087879158556461
2.2880001068115	-0.035200748592615	0.089078895747662
2.2920000553131	-0.033833239227533	0.090262025594711
2.2960000038147	-0.032447341829538	0.091428823769093
2.2999999523163	-0.031043164432049	0.092579565942287
2.3039999008179	-0.029620828106999	0.093714587390423
2.3080000877380	-0.028180241584778	0.094834208488464
2.3120000362396	-0.026721434667706	0.095938742160797
2.3159999847412	-0.025244213640690	0.097028493881226
2.3199999332428	-0.023748395964503	0.098103791475296
2.3239998817444	-0.022233633324504	0.099164910614491
2.3280000686646	-0.020699625834823	0.10021208226681
2.3320000171661	-0.019145902246237	0.10124555975199
2.3359999656677	-0.017572008073330	0.10226549953222
2.3399999141693	-0.015977332368493	0.10327202081680
2.3440001010895	-0.014361251145601	0.10426522046328
2.3480000495911	-0.012723067775369	0.10524508357048
2.3519999980927	-0.011062033474445	0.10621155053377
2.3559999465942	-0.0093774115666747	0.10716449469328
2.3599998950958	-0.0076682814396918	0.10810367763042
2.3640000820160	-0.0059337713755667	0.10902879387140
2.3680000305176	-0.0041730389930308	0.10993944853544
2.3719999790192	-0.0023850896395743	0.11083513498306
2.3759999275208	-0.00056901806965470	0.11171524971724
2.3800001144409	0.0012761439429596	0.11257909238338
2.3840000629425	0.0031514251604676	0.11342584341764
2.3880000114441	0.0050576673820615	0.11425457894802
2.3919999599457	0.0069958665408194	0.11506427079439
2.3959999084473	0.0089669283479452	0.11585377156734
2.4000000953674	0.010971684940159	0.11662182211876
2.4040000438690	0.013011028058827	0.11736704409122
2.4079999923706	0.015085650607944	0.11808794736862
2.4119999408722	0.017196318134665	0.11878296732903
2.4159998893738	0.019343646243215	0.11945040524006
2.4200000762939	0.021528162062168	0.12008844316006
2.4240000247955	0.023750396445394	0.12069518864155
2.4279999732971	0.026010639965534	0.12126867473125
2.4319999217987	0.028309172019362	0.12180680036545
2.4360001087189	0.030646130442619	0.12230741977692
2.4400000572205	0.033021513372660	0.12276829779148
2.4440000057220	0.035435225814581	0.12318716198206
2.4479999542236	0.037887010723352	0.12356159090996
2.4519999027252	0.040376394987106	0.12388924509287
2.4560000896454	0.042902916669846	0.12416765093803
2.4600000381470	0.045465834438801	0.12439431250095
2.4639999866486	0.048064254224300	0.12456677854061
2.4679999351501	0.050697203725576	0.12468250095844
2.4719998836517	0.053363401442766	0.12473899871111
2.4760000705719	0.056061547249556	0.12473377585411
2.4800000190735	0.058790050446987	0.12466436624527
2.4839999675751	0.061547294259071	0.12452830374241
2.4879999160767	0.064331322908401	0.12432324886322
2.4920001029968	0.067140124738216	0.12404683977365
2.4960000514984	0.069971479475498	0.12369684875011
2.5000000000000	0.072822995483875	0.12327109277248
2.5039999485016	0.075692154467106	0.12276748567820
2.5079998970032	0.078576289117336	0.12218406796455
2.5120000839233	0.081472501158714	0.12151896953583
2.5160000324249	0.084377892315388	0.12077049165964
2.5199999809265	0.087289243936539	0.11993702501059
2.5239999294281	0.090203337371349	0.11901713907719
2.5280001163483	0.093116827309132	0.11800954490900
2.5320000648499	0.096026204526424	0.11691313236952
2.5360000133514	0.098927892744541	0.11572696268559
2.5399999618530	0.10181816667318	0.11445027589798
2.5439999103546	0.10469333082438	0.11308255046606
2.5480000972748	0.10754950344563	0.11162334680557
2.5520000457764	0.11038281023502	0.11007254570723
2.5559999942780	0.11318930983543	0.10843017697334
2.5599999427795	0.11596505343914	0.10669650137424
2.5639998912811	0.11870605498552	0.10487199574709
2.5680000782013	0.12140833586454	0.10295733064413
2.5720000267029	0.12406787276268	0.10095342248678
2.5759999752045	0.12668070197105	0.098861396312714
2.5799999237061	0.12924295663834	0.096682585775852
2.5840001106262	0.13175070285797	0.094418555498123
2.5880000591278	0.13420015573502	0.092071086168289
2.5920000076294	0.13658750057220	0.089642144739628
2.5959999561310	0.13890920579433	0.087133944034576
2.5999999046326	0.14116163551807	0.084548875689507
2.6040000915527	0.14334136247635	0.081889517605305
2.6080000400543	0.14544509351254	0.079158671200275
2.6119999885559	0.14746966958046	0.076359286904335
2.6159999370575	0.14941203594208	0.073494516313076
2.6199998855591	0.15126939117908	0.070567652583122
2.6240000724792	0.15303899347782	0.067582160234451
2.6280000209808	0.15471833944321	0.064541637897491
2.6319999694824	0.15630511939526	0.061449818313122
2.6359999179840	0.15779723227024	0.058310564607382
2.6400001049042	0.15919272601604	0.055127847939730
2.6440000534058	0.16048991680145	0.051905732601881
2.6480000019073	0.16168729960918	0.048648357391357
2.6519999504089	0.16278362274170	0.045359954237938
2.6559998989105	0.16377781331539	0.042044796049595
2.6600000858307	0.16466908156872	0.038707189261913
2.6640000343323	0.16545683145523	0.035351503640413
2.6679999828339	0.16614070534706	0.031982094049454
2.6719999313354	0.16672055423260	0.028603317216039
2.6760001182556	0.16719654202461	0.025219539180398
2.6800000667572	0.16756892204285	0.021835071966052
2.6840000152588	0.16783830523491	0.018454203382134
2.6879999637604	0.16800543665886	0.015081165358424
2.6919999122620	0.16807132959366	0.011720118112862
2.6960000991821	0.16803717613220	0.0083751454949379
2.7000000476837	0.16790439188480	0.0050502330996096
2.7039999961853	0.16767463088036	0.0017492690822110
2.7079999446869	0.16734957695007	-0.0015239798231050
2.7119998931885	0.16693133115768	-0.0047658709809184
2.7160000801086	0.16642199456692	-0.0079728998243809
2.7200000286102	0.16582387685776	-0.011141706258059
2.7239999771118	0.16513945162296	-0.014269087463617
2.7279999256134	0.16437135636806	-0.017352005466819
2.7320001125336	0.16352230310440	-0.020387584343553
2.7360000610352	0.16259516775608	-0.023373136296868
2.7400000095367	0.16159291565418	-0.026306144893169
2.7439999580383	0.16051861643791	-0.029184291139245
2.7479999065399	0.15937541425228	-0.032005440443754
2.7520000934601	0.15816649794579	-0.034767653793097
2.7560000419617	0.15689517557621	-0.037469185888767
2.7599999904633	0.15556472539902	-0.040108490735292
2.7639999389648	0.15417854487896	-0.042684219777584
2.7679998874664	0.15273994207382	-0.045195221900940
2.7720000743866	0.15125231444836	-0.047640558332205
2.7760000228882	0.14971901476383	-0.050019435584545
2.7799999713898	0.14814339578152	-0.052331294864416
2.7839999198914	0.14652878046036	-0.054575752466917
2.7880001068115	0.14487843215466	-0.056752607226372
2.7920000553131	0.14319556951523	-0.058861829340458
2.7960000038147	0.14148335158825	-0.060903567820787
2.7999999523163	0.13974486291409	-0.062878102064133
2.8039999008179	0.13798311352730	-0.064785927534103
2.8080000877380	0.13620102405548	-0.066627644002438
2.8120000362396	0.13440138101578	-0.068404011428356
2.8159999847412	0.13258691132069	-0.070115901529789
2.8199999332428	0.13076020777225	-0.071764335036278
2.8239998817444	0.12892378866673	-0.073350429534912
2.8280000686646	0.12707994878292	-0.074875399470329
2.8320000171661	0.12523096799850	-0.076340563595295
2.8359999656677	0.12337888032198	-0.077747322618961
2.8399999141693	0.12152570486069	-0.079097159206867
2.8440001010895	0.11967325955629	-0.080391585826874
2.8480000495911	0.11782322078943	-0.081632211804390
2.8519999980927	0.11597710847855	-0.082820646464825
2.8559999465942	0.11413639038801	-0.083958558738232
2.8599998950958	0.11230233311653	-0.085047610104084
2.8640000820160	0.11047603189945	-0.086089529097080
2.8680000305176	0.10865854471922	-0.087085969746113
2.8719999790192	0.10685075074434	-0.088038630783558
2.8759999275208	0.10505336523056	-0.088949196040630
2.8800001144409	0.10326703637838	-0.089819274842739
2.8840000629425	0.10149230808020	-0.090650513768196
2.8880000114441	0.099729530513287	-0.091444477438927
2.8919999599457	0.097979038953781	-0.092202670872211
2.8959999084473	0.096241034567356	-0.092926584184170
2.9000000953674	0.094515591859818	-0.093617603182793
2.9040000438690	0.092802748084068	-0.094277091324329
2.9079999923706	0.091102436184883	-0.094906322658062
2.9119999408722	0.089414559304714	-0.095506496727467
2.9159998893738	0.087738901376724	-0.096078746020794
2.9200000762939	0.086075209081173	-0.096624098718166
2.9240000247955	0.084423199295998	-0.097143530845642
2.9279999732971	0.082782514393330	-0.097637914121151
2.9319999217987	0.081152833998203	-0.098108075559139
2.9360001087189	0.079533703625202	-0.098554685711861
2.9400000572205	0.077924795448780	-0.098978422582150
2.9440000057220	0.076325647532940	-0.099379800260067
2.9479999542236	0.074735835194588	-0.099759295582771
2.9519999027252	0.073154985904694	-0.10011729598045
2.9560000896454	0.071582682430744	-0.10045412182808
2.9600000381470	0.070018574595451	-0.10077002644539
2.9639999866486	0.068462267518044	-0.10106517374516
2.9679999351501	0.066913470625877	-0.10133969038725
2.9719998836517	0.065371870994568	-0.10159360617399
2.9760000705719	0.063837267458439	-0.10182695090771
2.9800000190735	0.062309447675943	-0.10203965008259
2.9839999675751	0.060788210481405	-0.10223163664341
2.9879999160767	0.059273544698954	-0.10240276902914
2.9920001029968	0.057765327394009	-0.10255289822817
2.9960000514984	0.056263606995344	-0.10268183797598
3.0000000000000	0.054768472909927	-0.10278939455748
3.0039999485016	0.053280014544725	-0.10287534445524
3.0079998970032	0.051798410713673	-0.10293949395418
3.0120000839233	0.050323918461800	-0.10298159718513
3.0160000324249	0.048856884241104	-0.10300144553185
3.0199999809265	0.047397568821907	-0.10299888998270
3.0239999294281	0.045946452766657	-0.10297370702028
3.0280001163483	0.044504035264254	-0.10292574018240
3.0320000648499	0.043070744723082	-0.10285490751266
3.0360000133514	0.041647255420685	-0.10276106745005
3.0399999618530	0.040233977138996	-0.10264426469803
3.0439999103546	0.038831774145365	-0.10250437259674
3.0480000972748	0.037441119551659	-0.10234155505896
3.0520000457764	0.036062888801098	-0.10215580463409
3.0559999942780	0.034697674214840	-0.10194735229015
3.0599999427795	0.033346358686686	-0.10171635448933
3.0639998912811	0.032009586691856	-0.10146310925484
3.0680000782013	0.030688080936670	-0.10118795931339
3.0720000267029	0.029382770881057	-0.10089124739170
3.0759999752045	0.028094261884689	-0.10057348012924
3.0799999237061	0.026823364198208	-0.10023514181376
3.0840001106262	0.025570895522833	-0.099876806139946
3.0880000591278	0.024337429553270	-0.099499151110649
3.0920000076294	0.023123702034354	-0.099102832376957
3.0959999561310	0.021930379793048	-0.098688624799252
3.0999999046326	0.020758097991347	-0.098257355391979
3.1040000915527	0.019607421010733	-0.097809873521328
3.1080000400543	0.018478827551007	-0.097347088158131
3.1119999885559	0.017372770234942	-0.096869982779026
3.1159999370575	0.016289712861180	-0.096379540860653
3.1199998855591	0.015229989774525	-0.095876798033714
3.1240000724792	0.014193947426975	-0.095362827181816
3.1280000209808	0.013181668706238	-0.094838723540306
3.1319999694824	0.012193339876831	-0.094305604696274
3.1359999179840	0.011229153722525	-0.093764595687389
3.1400001049042	0.010288960300386	-0.093216836452484
3.1440000534058	0.0093727530911565	-0.092663474380970
3.1480000019073	0.0084804054349661	-0.092105641961098
3.1519999504089	0.0076116337440908	-0.091544479131699
3.1559998989105	0.0067661236971617	-0.090981110930443
3.1600000858307	0.0059435861185193	-0.090416632592678
3.1640000343323	0.0051434873603284	-0.089852087199688
3.1679999828339	0.0043653668835759	-0.089288532733917
3.1719999313354	0.0036085755564272	-0.088726975023746
3.1760001182556	0.0028724963776767	-0.088168345391750
3.1800000667572	0.0021563740447164	-0.087613575160503
3.1840000152588	0.0014594496460631	-0.087063498795033
3.1879999637604	0.00078091910108924	-0.086518906056881
3.1919999122620	0.00011981333227595	-0.085980512201786
3.1960000991821	-0.00052470917580649	-0.085449010133743
3.2000000476837	-0.0011536075035110	-0.084924966096878
3.2039999961853	-0.0017679928569123	-0.084408886730671
3.2079999446869	-0.0023687623906881	-0.083901241421700
3.2119998931885	-0.0029570804908872	-0.083402365446091
3.2160000801086	-0.0035339731257409	-0.082912541925907
3.2200000286102	-0.0041004889644682	-0.082431964576244
3.2239999771118	-0.0046577728353441	-0.081960752606392
3.2279999256134	-0.0052068289369345	-0.081498935818672
3.2320001125336	-0.0057488335296512	-0.081046462059021
3.2360000610352	-0.0062847798690200	-0.080603189766407
3.2400000095367	-0.0068156751804054	-0.080168932676315
3.2439999580383	-0.0073425737209618	-0.079743370413780
3.2479999065399	-0.0078664254397154	-0.079326145350933
3.2520000934601	-0.0083881886675954	-0.078916825354099
3.2560000419617	-0.0089086787775159	-0.078514888882637
3.2599999904633	-0.0094288298860192	-0.078119777143002
3.2639999389648	-0.0099493190646172	-0.077730827033520
3.2679998874664	-0.010470909066498	-0.077347390353680
3.2720000743866	-0.010994213633239	-0.076968684792519
3.2760000228882	-0.011519855819643	-0.076593928039074
3.2799999713898	-0.012048314325511	-0.076222300529480
3.2839999198914	-0.012580036185682	-0.075852930545807
3.2880001068115	-0.013115330599248	-0.075484938919544
3.2920000553131	-0.013654544949532	-0.075117394328117
3.2960000038147	-0.014197775162756	-0.074749365448952
3.2999999523163	-0.014745237305760	-0.074379920959473
3.3039999008179	-0.015296828001738	-0.074008136987686
3.3080000877380	-0.015852591022849	-0.073633052408695
3.3120000362396	-0.016412332653999	-0.073253758251667
3.3159999847412	-0.016975827515125	-0.072869352996349
3.3199999332428	-0.017542827874422	-0.072478935122490
3.3239998817444	-0.018112882971764	-0.072081677615643
3.3280000686646	-0.018685562536120	-0.071676760911942
3.3320000171661	-0.019260335713625	-0.071263432502747
3.3359999656677	-0.019836597144604	-0.070840969681740
3.3399999141693	-0.020413717254996	-0.070408701896667
3.3440001010895	-0.020990984514356	-0.069966018199921
3.3480000495911	-0.021567652001977	-0.069512374699116
3.3519999980927	-0.022142795845866	-0.069047339260578
3.3559999465942	-0.022715687751770	-0.068570464849472
3.3599998950958	-0.023285375908017	-0.068081453442574
3.3640000820160	-0.023850936442614	-0.067580059170723
3.3680000305176	-0.024411395192146	-0.067066125571728
3.3719999790192	-0.024965832009912	-0.066539548337460
3.3759999275208	-0.025513274595141	-0.066000342369080
3.3800001144409	-0.026052739471197	-0.065448582172394
3.3840000629425	-0.026583243161440	-0.064884446561337
3.3880000114441	-0.027103835716844	-0.064308188855648
3.3919999599457	-0.027613569051027	-0.063720136880875
3.3959999084473	-0.028111513704062	-0.063120715320110
3.4000000953674	-0.028596809133887	-0.062510423362255
3.4040000438690	-0.029068583622575	-0.061889812350273
3.4079999923706	-0.029526060447097	-0.061259552836418
3.4119999408722	-0.029968449845910	-0.060620341449976
3.4159998893738	-0.030395081266761	-0.059972960501909
3.4200000762939	-0.030805321410298	-0.059318255633116
3.4240000247955	-0.031198579818010	-0.058657109737396
3.4279999732971	-0.031574353575706	-0.057990483939648
3.4319999217987	-0.031932234764099	-0.057319343090057
3.4360001087189	-0.032271873205900	-0.056644737720490
3.4400000572205	-0.032592996954918	-0.055967707186937
3.4440000057220	-0.032895442098379	-0.055289342999458
3.4479999542236	-0.033179085701704	-0.054610740393400
3.4519999027252	-0.033443901687860	-0.053933024406433
3.4560000896454	-0.033690016716719	-0.053257282823324
3.4600000381470	-0.033917576074600	-0.052584644407034
3.4639999866486	-0.034126855432987	-0.051916208118200
3.4679999351501	-0.034318149089813	-0.051253058016300
3.4719998836517	-0.034491926431656	-0.050596237182617
3.4760000705719	-0.034648679196835	-0.049946788698435
3.4800000190735	-0.034789003431797	-0.049305684864521
3.4839999675751	-0.034913569688797	-0.048673879355192
3.4879999160767	-0.035023137927055	-0.048052247613668
3.4920001029968	-0.035118483006954	-0.047441635280848
3.4960000514984	-0.035200525075197	-0.046842802315950
3.5000000000000	-0.035270195454359	-0.046256445348263
3.5039999485016	-0.035328492522240	-0.045683193951845
3.5079998970032	-0.035376433283091	-0.045123592019081
3.5120000839233	-0.035415112972260	-0.044578123837709
3.5160000324249	-0.035445671528578	-0.044047143310308
3.5199999809265	-0.035469260066748	-0.043530959635973
3.5239999294281	-0.035487011075020	-0.043029773980379
3.5280001163483	-0.035500127822161	-0.042543709278107
3.5320000648499	-0.035509839653969	-0.042072739452124
3.5360000133514	-0.035517279058695	-0.041616830974817
3.5399999618530	-0.035523667931557	-0.041175808757544
3.5439999103546	-0.035530187189579	-0.040749382227659
3.5480000972748	-0.035537946969271	-0.040337216109037
3.5520000457764	-0.035548061132431	-0.039938870817423
3.5559999942780	-0.035561632364988	-0.039553795009851
3.5599999427795	-0.035579681396484	-0.039181385189295
3.5639998912811	-0.035603210330009	-0.038820933550596
3.5680000782013	-0.035633083432913	-0.038471687585115
3.5720000267029	-0.035670220851898	-0.038132775574923
3.5759999752045	-0.035715363919735	-0.037803314626217
3.5799999237061	-0.035769261419773	-0.037482302635908
3.5840001106262	-0.035832550376654	-0.037168722599745
3.5880000591278	-0.035905737429857	-0.036861512809992
3.5920000076294	-0.035989321768284	-0.036559540778399
3.5959999561310	-0.036083657294512	-0.036261659115553
3.5999999046326	-0.036189008504152	-0.035966694355011
3.6040000915527	-0.036305602639914	-0.035673432052135
3.6080000400543	-0.036433462053537	-0.035380698740482
3.6119999885559	-0.036572597920895	-0.035087238997221
3.6159999370575	-0.036722909659147	-0.034791875630617
3.6199998855591	-0.036884166300297	-0.034493390470743
3.6240000724792	-0.037056066095829	-0.034190624952316
3.6280000209808	-0.037238191813231	-0.033882413059473
3.6319999694824	-0.037430055439472	-0.033567655831575
3.6359999179840	-0.037631064653397	-0.033245284110308
3.6400001049042	-0.037840545177460	-0.032914269715548
3.6440000534058	-0.038057744503021	-0.032573644071817
3.6480000019073	-0.038281802088022	-0.032222539186478
3.6519999504089	-0.038511838763952	-0.031860087066889
3.6559998989105	-0.038746874779463	-0.031485561281443
3.6600000858307	-0.038985874503851	-0.031098283827305
3.6640000343323	-0.039227750152349	-0.030697671696544
3.6679999828339	-0.039471369236708	-0.030283210799098
3.6719999313354	-0.039715528488159	-0.029854534193873
3.6760001182556	-0.039959058165550	-0.029411315917969
3.6800000667572	-0.040200717747211	-0.028953367844224
3.6840000152588	-0.040439255535603	-0.028480553999543
3.6879999637604	-0.040673419833183	-0.027992911636829
3.6919999122620	-0.040901973843575	-0.027490522712469
3.6960000991821	-0.041123658418655	-0.026973590254784
3.7000000476837	-0.041337262839079	-0.026442429050803
3.7039999961853	-0.041541565209627	-0.025897448882461
3.7079999446869	-0.041735421866179	-0.025339165702462
3.7119998931885	-0.041917700320482	-0.024768166244030
3.7160000801086	-0.042087342590094	-0.024185148999095
3.7200000286102	-0.042243316769600	-0.023590909317136
3.7239999771118	-0.042384691536427	-0.022986281663179
3.7279999256134	-0.042510565370321	-0.022372247651219
3.7320001125336	-0.042620167136192	-0.021749800071120
3.7360000610352	-0.042712762951851	-0.021120028570294
3.7400000095367	-0.042787726968527	-0.020484058186412
3.7439999580383	-0.042844533920288	-0.019843097776175
3.7479999065399	-0.042882740497589	-0.019198380410671
3.7520000934601	-0.042902018874884	-0.018551159650087
3.7560000419617	-0.042902149260044	-0.017902739346027
3.7599999904633	-0.042882997542620	-0.017254447564483
3.7639999389648	-0.042844556272030	-0.016607601195574
3.7679998874664	-0.042786918580532	-0.015963546931744
3.7720000743866	-0.042710293084383	-0.015323567204177
3.7760000228882	-0.042615003883839	-0.014688989147544
3.7799999713898	-0.042501460760832	-0.014061083085835
3.7839999198914	-0.042370207607746	-0.013441087678075
3.7880001068115	-0.042221866548061	-0.012830203399062
3.7920000553131	-0.042057167738676	-0.012229569256306
3.7960000038147	-0.041876941919327	-0.011640294454992
3.7999999523163	-0.041682109236717	-0.011063363403082
3.8039999008179	-0.041473668068647	-0.010499743744731
3.8080000877380	-0.041252702474594	-0.0099502718076110
3.8120000362396	-0.041020359843969	-0.0094157485291362
3.8159999847412	-0.040777869522572	-0.0088968211784959
3.8199999332428	-0.040526494383812	-0.0083940736949444
3.8239998817444	-0.040267568081617	-0.0079079763963819
3.8280000686646	-0.040002461522818	-0.0074388738721609
3.8320000171661	-0.039732571691275	-0.0069870306178927
3.8359999656677	-0.039459314197302	-0.0065525635145605
3.8399999141693	-0.039184123277664	-0.0061354800127447
3.8440001010895	-0.038908440619707	-0.0057356748729944
3.8480000495911	-0.038633704185486	-0.0053529064171016
3.8519999980927	-0.038361325860023	-0.0049868323840201
3.8559999465942	-0.038092691451311	-0.0046369838528335
3.8599998950958	-0.037829160690308	-0.0043027698993683
3.8640000820160	-0.037572041153908	-0.0039834920316935
3.8680000305176	-0.037322595715523	-0.0036783250980079
3.8719999790192	-0.037082012742758	-0.0033863491844386
3.8759999275208	-0.036851409822702	-0.0031065370421857
3.8800001144409	-0.036631830036640	-0.0028377771377563
3.8840000629425	-0.036424230784178	-0.0025788408238441
3.8880000114441	-0.036229446530342	-0.0023284228518605
3.8919999599457	-0.036048244684935	-0.0020851776935160
3.8959999084473	-0.035881254822016	-0.0018476328114048
3.9000000953674	-0.035729005932808	-0.0016142857493833
3.9040000438690	-0.035591896623373	-0.0013835937716067
3.9079999923706	-0.035470206290483	-0.0011539476690814
3.9119999408722	-0.035364083945751	-0.00092372100334615
3.9159998893738	-0.035273540765047	-0.00069126719608903
3.9200000762939	-0.035198453813791	-0.00045490873162635
3.9240000247955	-0.035138569772243	-0.00021299388026819
3.9279999732971	-0.035093504935503	3.6139907024335e-05
3.9319999217987	-0.035062711685896	0.00029412584262900
3.9360001087189	-0.035045545548201	0.00056256097741425
3.9400000572205	-0.035041198134422	0.00084298994624987
3.9440000057220	-0.035048745572567	0.0011369547573850
3.9479999542236	-0.035067129880190	0.0014458773657680
3.9519999027252	-0.035095185041428	0.0017711307154968
3.9560000896454	-0.035131603479385	0.0021140032913536
3.9600000381470	-0.035174999386072	0.0024756940547377
3.9639999866486	-0.035223849117756	0.0028572981245816
3.9679999351501	-0.035276558250189	0.0032598003745079
3.9719998836517	-0.035331431776285	0.0036840680986643
3.9760000705719	-0.035386700183153	0.0041308440268040
3.9800000190735	-0.035440523177385	0.0046007349155843
3.9839999675751	-0.035490985959768	0.0050942334346473
3.9879999160767	-0.035536151379347	0.0056116534397006
3.9920001029968	-0.035574022680521	0.0061531923711300
3.9960000514984	-0.035602580755949	0.0067188977263868
4.0000000000000	-0.035619784146547	0.0073086400516331
