#Parameters = {D=8; L=56; d_a=10; e_m=9; e_s=30; gap=1.5; m_x=30; m_y=40; m_z=100; mu_m=1; mu_s=1; s_d=2}
#"Frequency / GHz"	"S1,1 [Magnitude]"
#------------------------------------
0.0000000000000	-0.0015905795200374
0.0040000001899898	-0.0015122815387730
0.0080000003799796	-0.0012914469242570
0.012000000104308	-0.00097118558140349
0.016000000759959	-0.00061444059278186
0.019999999552965	-0.00029109297020293
0.024000000208616	-6.9777688553053e-05
0.028000000864267	-5.3710874800291e-07
0.032000001519918	-0.00010815768330071
0.035999998450279	-0.00039027581987283
0.039999999105930	-0.00081095164188181
0.043999999761581	-0.0013158615547070
0.048000000417233	-0.0018358232276421
0.052000001072884	-0.0023000555127295
0.056000001728535	-0.0026519237457569
0.059999998658895	-0.0028562848886972
0.064000003039837	-0.0029077595934531
0.068000003695488	-0.0028290754847447
0.071999996900558	-0.0026707653842066
0.075999997556210	-0.0024995284244463
0.079999998211861	-0.0023856723959064
0.083999998867512	-0.0023932348686510
0.087999999523163	-0.0025651469773923
0.092000000178814	-0.0029182003557866
0.096000000834465	-0.0034406823644862
0.10000000149012	-0.0040885962085921
0.10400000214577	-0.0048019528162558
0.10800000280142	-0.0055104615202702
0.11200000345707	-0.0061434745031719
0.11599999666214	-0.0066518116292792
0.11999999731779	-0.0070086666145500
0.12399999797344	-0.0072151573552511
0.12800000607967	-0.0073049303501615
0.13199999928474	-0.0073355526087371
0.13600000739098	-0.0073758591799928
0.14000000059605	-0.0074963054872146
0.14399999380112	-0.0077575611719622
0.14800000190735	-0.0081959864038931
0.15199999511242	-0.0088202444685776
0.15600000321865	-0.0096089814631023
0.15999999642372	-0.010512608987534
0.16400000452995	-0.011468809232744
0.16799999773502	-0.012405137676826
0.17200000584126	-0.013256123086900
0.17599999904633	-0.013980639363453
0.18000000715256	-0.014557771126975
0.18400000035763	-0.015002396698281
0.18799999356270	-0.015355448235977
0.19200000166893	-0.015681953773011
0.19599999487400	-0.016053176357341
0.20000000298023	-0.016541748824111
0.20399999618530	-0.017200233984216
0.20800000429153	-0.018061502009110
0.21199999749660	-0.019126001221014
0.21600000560284	-0.020362322413624
0.21999999880791	-0.021719795878944
0.22400000691414	-0.023129761261597
0.22800000011921	-0.024520435128107
0.23199999332428	-0.025834943646670
0.23600000143051	-0.027036108690878
0.23999999463558	-0.028116273138032
0.24400000274181	-0.029098961944448
0.24799999594688	-0.030033977748736
0.25200000405312	-0.030991083840183
0.25600001215935	-0.032045815585649
0.25999999046326	-0.033267442675816
0.26399999856949	-0.034706569730657
0.26800000667572	-0.036387197461884
0.27200001478195	-0.038301316169569
0.27599999308586	-0.040412368052288
0.28000000119209	-0.042661970397877
0.28400000929832	-0.044981134955381
0.28799998760223	-0.047299057649069
0.29199999570847	-0.049565698179894
0.29600000381470	-0.051750417608469
0.30000001192093	-0.053856700389359
0.30399999022484	-0.055916971335155
0.30799999833107	-0.057991209604537
0.31200000643730	-0.060152406808926
0.31600001454353	-0.062477610675487
0.31999999284744	-0.065035976543770
0.32400000095367	-0.067871172474430
0.32800000905991	-0.070999436110964
0.33199998736382	-0.074406984905839
0.33599999547005	-0.078048963557689
0.34000000357628	-0.081862827118225
0.34400001168251	-0.085778410064995
0.34799998998642	-0.089728803960594
0.35199999809265	-0.093667136922977
0.35600000619888	-0.097575417499700
0.36000001430511	-0.10146515314863
0.36399999260902	-0.10537916520054
0.36800000071526	-0.10938211347961
0.37200000882149	-0.11355719274855
0.37599998712540	-0.11798075542330
0.37999999523163	-0.12271761996289
0.38400000333786	-0.12780788852079
0.38800001144409	-0.13326102544994
0.39199998974800	-0.13905486780509
0.39599999785423	-0.14513907350475
0.40000000596046	-0.15144639414187
0.40400001406670	-0.15790756412172
0.40799999237061	-0.16445908803613
0.41200000047684	-0.17106117433049
0.41600000858307	-0.17770405253547
0.41999998688698	-0.18440887751115
0.42399999499321	-0.19123012772907
0.42800000309944	-0.19824189329362
0.43200001120567	-0.20552735167834
0.43599998950958	-0.21316726068720
0.43999999761581	-0.22122428402873
0.44400000572205	-0.22973140611788
0.44800001382828	-0.23869287329050
0.45199999213219	-0.24807964272349
0.45600000023842	-0.25783374581777
0.46000000834465	-0.26788711419827
0.46399998664856	-0.27817023855252
0.46799999475479	-0.28862222259336
0.47200000286102	-0.29921237748167
0.47600001096725	-0.30993873996628
0.47999998927116	-0.32083515652991
0.48399999737740	-0.33196322912233
0.48800000548363	-0.34340621093433
0.49200001358986	-0.35525154369050
0.49599999189377	-0.36758126611868
0.50000000000000	-0.38045583782214
0.50400000810623	-0.39390545498543
0.50800001621246	-0.40792372422661
0.51200002431870	-0.42247648764443
0.51599997282028	-0.43750076580530
0.51999998092651	-0.45292323693405
0.52399998903275	-0.46867663476939
0.52799999713898	-0.48470469189426
0.53200000524521	-0.50098144091298
0.53600001335144	-0.51751435848383
0.54000002145767	-0.53434815815089
0.54400002956390	-0.55155500522625
0.54799997806549	-0.56922493407057
0.55199998617172	-0.58745267042622
0.55599999427795	-0.60631942960135
0.56000000238419	-0.62588317630297
0.56400001049042	-0.64616931025692
0.56800001859665	-0.66716664236328
0.57200002670288	-0.68883029465502
0.57599997520447	-0.71109530897109
0.57999998331070	-0.73388240796109
0.58399999141693	-0.75712211524525
0.58799999952316	-0.78076286912262
0.59200000762939	-0.80478666920386
0.59600001573563	-0.82921038450440
0.60000002384186	-0.85408864785492
0.60399997234344	-0.87950424888128
0.60799998044968	-0.90555452392371
0.61199998855591	-0.93234167332755
0.61599999666214	-0.95994995590680
0.62000000476837	-0.98843571564985
0.62400001287460	-1.0178206757617
0.62800002098083	-1.0480857342879
0.63200002908707	-1.0791801123513
0.63599997758865	-1.1110314763143
0.63999998569489	-1.1435578997031
0.64399999380112	-1.1766893598108
0.64800000190735	-1.2103766134340
0.65200001001358	-1.2446098536388
0.65600001811981	-1.2794179240985
0.66000002622604	-1.3148678451063
0.66399997472763	-1.3510557422828
0.66799998283386	-1.3880942097025
0.67199999094009	-1.4260932470565
0.67599999904633	-1.4651429015543
0.68000000715256	-1.5053041656795
0.68400001525879	-1.5465958044927
0.68800002336502	-1.5889959579203
0.69199997186661	-1.6324509359669
0.69599997997284	-1.6768812549146
0.69999998807907	-1.7222049770125
0.70399999618530	-1.7683534895209
0.70800000429153	-1.8152854021594
0.71200001239777	-1.8630015628501
0.71600002050400	-1.9115494551578
0.72000002861023	-1.9610130875751
0.72399997711182	-2.0115129365830
0.72799998521805	-2.0631815177387
0.73199999332428	-2.1161475729613
0.73600000143051	-2.1705191519299
0.74000000953674	-2.2263668782798
0.74400001764297	-2.2837182228311
0.74800002574921	-2.3425536936736
0.75199997425079	-2.4028206541812
0.75599998235703	-2.4644416167973
0.75999999046326	-2.5273377944231
0.76399999856949	-2.5914483381008
0.76800000667572	-2.6567445803649
0.77200001478195	-2.7232518440474
0.77600002288818	-2.7910348590204
0.77999997138977	-2.8602184357216
0.78399997949600	-2.9309550718888
0.78799998760223	-3.0034099776509
0.79199999570847	-3.0777514326645
0.79600000381470	-3.1541174251358
0.80000001192093	-3.2326034630636
0.80400002002716	-3.3132546989894
0.80800002813339	-3.3960695516253
0.81199997663498	-3.4810017011709
0.81599998474121	-3.5679868335000
0.81999999284744	-3.6569497637592
0.82400000095367	-3.7478435291039
0.82800000905991	-3.8406621927093
0.83200001716614	-3.9354541793264
0.83600002527237	-4.0323265714384
0.83999997377396	-4.1314477454793
0.84399998188019	-4.2330194962570
0.84799998998642	-4.3372726367535
0.85199999809265	-4.4444217246356
0.85600000619888	-4.5546589878165
0.86000001430511	-4.6681274794509
0.86400002241135	-4.7849055575331
0.86799997091293	-4.9050201665997
0.87199997901917	-5.0284403500760
0.87599998712540	-5.1551083906027
0.87999999523163	-5.2849658386599
0.88400000333786	-5.4179745768621
0.88800001144409	-5.5541465309387
0.89200001955032	-5.6935657968695
0.89600002765656	-5.8363890084987
0.89999997615814	-5.9828425213052
0.90399998426437	-6.1332083572336
0.90799999237061	-6.2877985087937
0.91200000047684	-6.4469237048079
0.91600000858307	-6.6108625664603
0.92000001668930	-6.7798336771846
0.92400002479553	-6.9539822434371
0.92799997329712	-7.1333790169461
0.93199998140335	-7.3180230269316
0.93599998950958	-7.5078721496174
0.93999999761581	-7.7028734222770
0.94400000572205	-7.9029953728873
0.94800001382828	-8.1082706567931
0.95200002193451	-8.3188150906516
0.95599997043610	-8.5348505422312
0.95999997854233	-8.7566959380255
0.96399998664856	-8.9847594358450
0.96799999475479	-9.2194960426477
0.97200000286102	-9.4613793071232
0.97600001096725	-9.7108481987819
0.98000001907349	-9.9682729318454
0.98400002717972	-10.233920955691
0.98799997568130	-10.507943260409
0.99199998378754	-10.790380212207
0.99599999189377	-11.081178824777
1.0000000000000	-11.380229978483
1.0039999485016	-11.687412704591
1.0080000162125	-12.002646082421
1.0119999647141	-12.325915018003
1.0160000324249	-12.657308669702
1.0199999809265	-12.997006574324
1.0240000486374	-13.345259124781
1.0279999971390	-13.702321593306
1.0319999456406	-14.068382065643
1.0360000133514	-14.443456865716
1.0399999618530	-14.827272062113
1.0440000295639	-15.219155987442
1.0479999780655	-15.617921210306
1.0520000457764	-16.021761271588
1.0559999942780	-16.428165992788
1.0599999427795	-16.833838831880
1.0640000104904	-17.234660243669
1.0679999589920	-17.625652859836
1.0720000267029	-18.001008900779
1.0759999752045	-18.354168532567
1.0800000429153	-18.677985330762
1.0839999914169	-18.965029644998
1.0880000591278	-19.208015914551
1.0920000076294	-19.400360082147
1.0959999561310	-19.536823288638
1.1000000238419	-19.614096447184
1.1039999723434	-19.631220937592
1.1080000400543	-19.589708415423
1.1119999885559	-19.493326447731
1.1160000562668	-19.347600733342
1.1200000047684	-19.159149154616
1.1239999532700	-18.935019752313
1.1280000209808	-18.682128919962
1.1319999694824	-18.406885427575
1.1360000371933	-18.114993035465
1.1399999856949	-17.811405422916
1.1440000534058	-17.500365898288
1.1480000019073	-17.185512984802
1.1519999504089	-16.869959241759
1.1560000181198	-16.556368780659
1.1599999666214	-16.247000317039
1.1640000343323	-15.943712836264
1.1679999828339	-15.647961593839
1.1720000505447	-15.360792507641
1.1759999990463	-15.082829472870
1.1799999475479	-14.814301961432
1.1840000152588	-14.555079869872
1.1879999637604	-14.304750901684
1.1920000314713	-14.062701781441
1.1959999799728	-13.828231368647
1.2000000476837	-13.600651279046
1.2039999961853	-13.379378661413
1.2079999446869	-13.164003635697
1.2120000123978	-12.954321008510
1.2159999608994	-12.750326139451
1.2200000286102	-12.552174618084
1.2239999771118	-12.360110765005
1.2280000448227	-12.174393489111
1.2319999933243	-11.995207182478
1.2359999418259	-11.822599578070
1.2400000095367	-11.656441692362
1.2439999580383	-11.496410569395
1.2480000257492	-11.342019896275
1.2519999742508	-11.192665726715
1.2560000419617	-11.047701052975
1.2599999904633	-10.906511415105
1.2640000581741	-10.768595137576
1.2680000066757	-10.633614569642
1.2719999551773	-10.501422700633
1.2760000228882	-10.372063834923
1.2799999713898	-10.245728996525
1.2840000391006	-10.122696914158
1.2879999876022	-10.003267209833
1.2920000553131	-9.8876690753273
1.2960000038147	-9.7760100991289
1.2999999523163	-9.6682411547894
1.3040000200272	-9.5641368995431
1.3079999685287	-9.4633250456140
1.3120000362396	-9.3653323163289
1.3159999847412	-9.2696575899466
1.3200000524521	-9.1758314519383
1.3240000009537	-9.0834986423955
1.3279999494553	-8.9924556062070
1.3320000171661	-8.9026756284856
1.3359999656677	-8.8142929192562
1.3400000333786	-8.7275661077491
1.3439999818802	-8.6428197078308
1.3480000495911	-8.5603653197073
1.3519999980927	-8.4804350772349
1.3559999465942	-8.4031329789025
1.3600000143051	-8.3284017271873
1.3639999628067	-8.2560235568171
1.3680000305176	-8.1856540614454
1.3719999790192	-8.1168708829840
1.3760000467300	-8.0492431557330
1.3799999952316	-7.9824053471005
1.3839999437332	-7.9161119192540
1.3880000114441	-7.8502721963162
1.3919999599457	-7.7849645065617
1.3960000276566	-7.7204106335916
1.3999999761581	-7.6569222420827
1.4040000438690	-7.5948405146388
1.4079999923706	-7.5344669433452
1.4119999408722	-7.4759952964043
1.4160000085831	-7.4194737239759
1.4199999570847	-7.3647926829000
1.4240000247955	-7.3116916404684
1.4279999732971	-7.2598142978660
1.4320000410080	-7.2087567200146
1.4359999895096	-7.1581483887621
1.4400000572205	-7.1077156247112
1.4440000057220	-7.0573271823503
1.4479999542236	-7.0070145660467
1.4520000219345	-6.9569697561239
1.4559999704361	-6.9074942938217
1.4600000381470	-6.8589462524501
1.4639999866486	-6.8116683049792
1.4680000543594	-6.7659168117489
1.4720000028610	-6.7218113811000
1.4759999513626	-6.6793116127614
1.4800000190735	-6.6382165198858
1.4839999675751	-6.5982074261926
1.4880000352859	-6.5589028256795
1.4919999837875	-6.5199298967178
1.4960000514984	-6.4810022261025
1.5000000000000	-6.4419685768250
1.5039999485016	-6.4028505711507
1.5080000162125	-6.3638392432292
1.5119999647141	-6.3252583489133
1.5160000324249	-6.2875057551784
1.5199999809265	-6.2509750926785
1.5240000486374	-6.2159842647863
1.5279999971390	-6.1827113403218
1.5319999456406	-6.1511648306390
1.5360000133514	-6.1211772927948
1.5399999618530	-6.0924474102471
1.5440000295639	-6.0645989787791
1.5479999780655	-6.0372638430866
1.5520000457764	-6.0101649000724
1.5559999942780	-5.9831848528864
1.5599999427795	-5.9564057244987
1.5640000104904	-5.9301122054387
1.5679999589920	-5.9047525792860
1.5720000267029	-5.8808705252409
1.5759999752045	-5.8590123227898
1.5800000429153	-5.8396388934592
1.5839999914169	-5.8230515793039
1.5880000591278	-5.8093470842294
1.5920000076294	-5.7984196962611
1.5959999561310	-5.7900109878277
1.6000000238419	-5.7837908173960
1.6039999723434	-5.7794662216836
1.6080000400543	-5.7769026753247
1.6119999885559	-5.7762278120440
1.6160000562668	-5.7778793677950
1.6200000047684	-5.7826227657453
1.6239999532700	-5.7915081103945
1.6280000209808	-5.8057662055862
1.6319999694824	-5.8266889965743
1.6360000371933	-5.8555076189127
1.6399999856949	-5.8932777702338
1.6440000534058	-5.9408422899394
1.6480000019073	-5.9988381860203
1.6519999504089	-6.0678094190759
1.6560000181198	-6.1483875649918
1.6599999666214	-6.2415442919063
1.6640000343323	-6.3488757109489
1.6679999828339	-6.4728952984922
1.6720000505447	-6.6172907465469
1.6759999990463	-6.7871050146832
1.6799999475479	-6.9888336067233
1.6840000152588	-7.2304540880402
1.6879999637604	-7.5213816619162
1.6920000314713	-7.8724310692057
1.6959999799728	-8.2957470241208
1.7000000476837	-8.8047733529914
1.7039999961853	-9.4141015692933
1.7079999446869	-10.139006547393
1.7120000123978	-10.993976447409
1.7159999608994	-11.988568636521
1.7200000286102	-13.116598373231
1.7239999771118	-14.330288664463
1.7280000448227	-15.489293906564
1.7319999933243	-16.308990296925
1.7359999418259	-16.450581376652
1.7400000095367	-15.834529081051
1.7439999580383	-14.737331573382
1.7480000257492	-13.490957930947
1.7519999742508	-12.289862539794
1.7560000419617	-11.210907728709
1.7599999904633	-10.272280780465
1.7640000581741	-9.4684984417613
1.7680000066757	-8.7858567980263
1.7719999551773	-8.2085269440121
1.7760000228882	-7.7208184937857
1.7799999713898	-7.3079793265318
1.7840000391006	-6.9564895137924
1.7879999876022	-6.6542515486131
1.7920000553131	-6.3907543320170
1.7960000038147	-6.1572555361382
1.7999999523163	-5.9469117885871
1.8040000200272	-5.7548000807312
1.8079999685287	-5.5777962716152
1.8120000362396	-5.4142857016582
1.8159999847412	-5.2637620315131
1.8200000524521	-5.1263508289310
1.8240000009537	-5.0023374823169
1.8279999494553	-4.8917810380409
1.8320000171661	-4.7942319652833
1.8359999656677	-4.7085919249422
1.8400000333786	-4.6331357939530
1.8439999818802	-4.5656520585144
1.8480000495911	-4.5036965709151
1.8519999980927	-4.4449047953767
1.8559999465942	-4.3873031445797
1.8600000143051	-4.3295730776250
1.8639999628067	-4.2711896634564
1.8680000305176	-4.2124348253814
1.8719999790192	-4.1542582659475
1.8760000467300	-4.0980232105660
1.8799999952316	-4.0451992138077
1.8839999437332	-3.9970478106628
1.8880000114441	-3.9543603445502
1.8919999599457	-3.9172911408807
1.8960000276566	-3.8853091148096
1.8999999761581	-3.8572650743677
1.9040000438690	-3.8315794793981
1.9079999923706	-3.8065102505025
1.9119999408722	-3.7804456829080
1.9160000085831	-3.7521986424185
1.9199999570847	-3.7212064580983
1.9240000247955	-3.6876340500180
1.9279999732971	-3.6523216080442
1.9320000410080	-3.6166167622840
1.9359999895096	-3.5821024052276
1.9400000572205	-3.5503042091469
1.9440000057220	-3.5223901588381
1.9479999542236	-3.4989610273559
1.9520000219345	-3.4799292454945
1.9559999704361	-3.4645234819484
1.9600000381470	-3.4514133621525
1.9639999866486	-3.4389314973933
1.9680000543594	-3.4253752119308
1.9720000028610	-3.4093193519329
1.9759999513626	-3.3898815752071
1.9800000190735	-3.3668985745595
1.9839999675751	-3.3409641291290
1.9880000352859	-3.3133181333571
1.9919999837875	-3.2856141397819
1.9960000514984	-3.2596090595613
2.0000000000000	-3.2368378503854
2.0039999485016	-3.2183325971673
2.0079998970032	-3.2044188716639
2.0120000839233	-3.1946456388967
2.0160000324249	-3.1878481764692
2.0199999809265	-3.1823305523073
2.0239999294281	-3.1761581043164
2.0280001163483	-3.1675154524014
2.0320000648499	-3.1550389861763
2.0360000133514	-3.1381039639692
2.0399999618530	-3.1169519439600
2.0439999103546	-3.0926712476922
2.0480000972748	-3.0669975786663
2.0520000457764	-3.0420029803832
2.0559999942780	-3.0197115549855
2.0599999427795	-3.0017276114185
2.0639998912811	-2.9889319137007
2.0680000782013	-2.9813043925713
2.0720000267029	-2.9778954828539
2.0759999752045	-2.9769442331621
2.0799999237061	-2.9761765477332
2.0840001106262	-2.9731797777809
2.0880000591278	-2.9658690324219
2.0920000076294	-2.9528941978314
2.0959999561310	-2.9339436611988
2.0999999046326	-2.9098493244468
2.1040000915527	-2.8824732377752
2.1080000400543	-2.8543917216911
2.1119999885559	-2.8284414499865
2.1159999370575	-2.8072113654743
2.1199998855591	-2.7925766552931
2.1240000724792	-2.7853394321034
2.1280000209808	-2.7850381025674
2.1319999694824	-2.7899587074756
2.1359999179840	-2.7973595128912
2.1400001049042	-2.8039241626660
2.1440000534058	-2.8063672288037
2.1480000019073	-2.8021408544433
2.1519999504089	-2.7900943425439
2.1559998989105	-2.7709311656059
2.1600000858307	-2.7473971958728
2.1640000343323	-2.7240912539584
2.1679999828339	-2.7070038986079
2.1719999313354	-2.7028497310282
2.1760001182556	-2.7183319769489
2.1800000667572	-2.7594609974422
2.1840000152588	-2.8309292751019
2.1879999637604	-2.9356076396560
2.1919999122620	-3.0740944090118
2.1960000991821	-3.2443339857438
2.2000000476837	-3.4412839001634
2.2039999961853	-3.6567150343471
2.2079999446869	-3.8792564775107
2.2119998931885	-4.0949026452696
2.2160000801086	-4.2881677628235
2.2200000286102	-4.4439728751050
2.2239999771118	-4.5500007524417
2.2279999256134	-4.5989564430031
2.2320001125336	-4.5899102491774
2.2360000610352	-4.5281851692466
2.2400000095367	-4.4238459364540
2.2439999580383	-4.2894177871947
2.2479999065399	-4.1376187170925
2.2520000934601	-3.9796812859647
2.2560000419617	-3.8244429095823
2.2599999904633	-3.6780861048665
2.2639999389648	-3.5443523918457
2.2679998874664	-3.4249710849323
2.2720000743866	-3.3201820452398
2.2760000228882	-3.2292268749935
2.2799999713898	-3.1507697654365
2.2839999198914	-3.0832017209813
2.2880001068115	-3.0248266025188
2.2920000553131	-2.9739559464155
2.2960000038147	-2.9289102372444
2.2999999523163	-2.8880066727625
2.3039999008179	-2.8495454903141
2.3080000877380	-2.8118545606552
2.3120000362396	-2.7734051430719
2.3159999847412	-2.7330117037457
2.3199999332428	-2.6900725074266
2.3239998817444	-2.6448228393907
2.3280000686646	-2.5985096621046
2.3320000171661	-2.5534480562604
2.3359999656677	-2.5129348643352
2.3399999141693	-2.4809902955241
2.3440001010895	-2.4619610492526
2.3480000495911	-2.4600694112143
2.3519999980927	-2.4788820511571
2.3559999465942	-2.5208123045151
2.3599998950958	-2.5866357915820
2.3640000820160	-2.6750712512065
2.3680000305176	-2.7824455841757
2.3719999790192	-2.9025458279151
2.3759999275208	-3.0267247634852
2.3800001144409	-3.1444410404774
2.3840000629425	-3.2443033797758
2.3880000114441	-3.3156412619516
2.3919999599457	-3.3503355326181
2.3959999084473	-3.3444606380683
2.4000000953674	-3.2991884440430
2.4040000438690	-3.2206007554673
2.4079999923706	-3.1184995100882
2.4119999408722	-3.0046024263411
2.4159998893738	-2.8907071328872
2.4200000762939	-2.7871965835654
2.4240000247955	-2.7020635235547
2.4279999732971	-2.6404191503294
2.4319999217987	-2.6043623206430
2.4360001087189	-2.5931109490072
2.4400000572205	-2.6032975984203
2.4440000057220	-2.6294654033316
2.4479999542236	-2.6647130091832
2.4519999027252	-2.7015354660640
2.4560000896454	-2.7327974277881
2.4600000381470	-2.7527110537054
2.4639999866486	-2.7576493400458
2.4679999351501	-2.7465858354726
2.4719998836517	-2.7210510663966
2.4760000705719	-2.6846335032055
2.4800000190735	-2.6421528269555
2.4839999675751	-2.5987233434185
2.4879999160767	-2.5589113721131
2.4920001029968	-2.5261040581078
2.4960000514984	-2.5021534878124
2.5000000000000	-2.4872964653899
2.5039999485016	-2.4803135973309
2.5079998970032	-2.4788866795211
2.5120000839233	-2.4800944984636
2.5160000324249	-2.4809821309597
2.5199999809265	-2.4791092530782
2.5239999294281	-2.4729932324411
2.5280001163483	-2.4623507097532
2.5320000648499	-2.4481139355309
2.5360000133514	-2.4322057046461
2.5399999618530	-2.4171581927031
2.5439999103546	-2.4056391815989
2.5480000972748	-2.3999985607187
2.5520000457764	-2.4018910188637
2.5559999942780	-2.4120519368985
2.5599999427795	-2.4302068465895
2.5639998912811	-2.4551644596417
2.5680000782013	-2.4850262508742
2.5720000267029	-2.5175214108887
2.5759999752045	-2.5503828427720
2.5799999237061	-2.5817354166601
2.5840001106262	-2.6103879833461
2.5880000591278	-2.6360157510844
2.5920000076294	-2.6591608567199
2.5959999561310	-2.6810688721421
2.5999999046326	-2.7034042954613
2.6040000915527	-2.7278772760254
2.6080000400543	-2.7558958067218
2.6119999885559	-2.7882502840666
2.6159999370575	-2.8249275172034
2.6199998855591	-2.8650330235636
2.6240000724792	-2.9068673485802
2.6280000209808	-2.9481291837535
2.6319999694824	-2.9862122428176
2.6359999179840	-3.0185744564480
2.6400001049042	-3.0430847517607
2.6440000534058	-3.0583267182945
2.6480000019073	-3.0637586265603
2.6519999504089	-3.0597338883617
2.6559998989105	-3.0473733302969
2.6600000858307	-3.0283214056602
2.6640000343323	-3.0044624579087
2.6679999828339	-2.9776350507485
2.6719999313354	-2.9494143365514
2.6760001182556	-2.9209866790097
2.6800000667572	-2.8931106494358
2.6840000152588	-2.8661658598439
2.6879999637604	-2.8402575608153
2.6919999122620	-2.8153394354122
2.6960000991821	-2.7913291015102
2.7000000476837	-2.7681816691487
2.7039999961853	-2.7459136936140
2.7079999446869	-2.7245744480846
2.7119998931885	-2.7041704441614
2.7160000801086	-2.6845885153374
2.7200000286102	-2.6655121900744
2.7239999771118	-2.6463973844307
2.7279999256134	-2.6264914258568
2.7320001125336	-2.6049364886165
2.7360000610352	-2.5809151803579
2.7400000095367	-2.5538350679651
2.7439999580383	-2.5235137329165
2.7479999065399	-2.4903193274035
2.7520000934601	-2.4552171586507
2.7560000419617	-2.4197293332496
2.7599999904633	-2.3857907469700
2.7639999389648	-2.3555090933392
2.7679998874664	-2.3308917595787
2.7720000743866	-2.3135619056848
2.7760000228882	-2.3045007290670
2.7799999713898	-2.3038742135288
2.7839999198914	-2.3109353453847
2.7880001068115	-2.3240538144725
2.7920000553131	-2.3408625848091
2.7960000038147	-2.3585187664011
2.7999999523163	-2.3740676854755
2.8039999008179	-2.3848508340085
2.8080000877380	-2.3889014298820
2.8120000362396	-2.3852531532646
2.8159999847412	-2.3740860573779
2.8199999332428	-2.3566976571379
2.8239998817444	-2.3352721832430
2.8280000686646	-2.3125336921889
2.8320000171661	-2.2913162971124
2.8359999656677	-2.2741551122810
2.8399999141693	-2.2629425174549
2.8440001010895	-2.2587096903063
2.8480000495911	-2.2615246448012
2.8519999980927	-2.2705467887421
2.8559999465942	-2.2842003391936
2.8599998950958	-2.3004478895770
2.8640000820160	-2.3171411027645
2.8680000305176	-2.3323717333207
2.8719999790192	-2.3447836816311
2.8759999275208	-2.3537772130905
2.8800001144409	-2.3595699572508
2.8840000629425	-2.3631000659041
2.8880000114441	-2.3657944293383
2.8919999599457	-2.3692465759580
2.8959999084473	-2.3748797180550
2.9000000953674	-2.3836369955924
2.9040000438690	-2.3957666912979
2.9079999923706	-2.4107281285696
2.9119999408722	-2.4272306522854
2.9159998893738	-2.4434210438460
2.9200000762939	-2.4571662351428
2.9240000247955	-2.4664083734594
2.9279999732971	-2.4695350460366
2.9319999217987	-2.4656622247617
2.9360001087189	-2.4548046729627
2.9400000572205	-2.4378758893838
2.9440000057220	-2.4165132192093
2.9479999542236	-2.3927838029826
2.9519999027252	-2.3688040262330
2.9560000896454	-2.3463813047688
2.9600000381470	-2.3266962408889
2.9639999866486	-2.3101162261820
2.9679999351501	-2.2961327620898
2.9719998836517	-2.2834555078938
2.9760000705719	-2.2702283119205
2.9800000190735	-2.2543676483558
2.9839999675751	-2.2339408587712
2.9879999160767	-2.2075413584918
2.9920001029968	-2.1745816231610
2.9960000514984	-2.1354492315610
3.0000000000000	-2.0914848722538
3.0039999485016	-2.0448000794211
3.0079998970032	-1.9979758122156
3.0120000839233	-1.9536863875056
3.0160000324249	-1.9143446982132
3.0199999809265	-1.8818016288503
3.0239999294281	-1.8571484317923
3.0280001163483	-1.8406374820533
3.0320000648499	-1.8317244524299
3.0360000133514	-1.8292287117030
3.0399999618530	-1.8315803042442
3.0439999103546	-1.8371228573974
3.0480000972748	-1.8444350662497
3.0520000457764	-1.8526064378385
3.0559999942780	-1.8614336966327
3.0599999427795	-1.8714859839625
3.0639998912811	-1.8840342801779
3.0680000782013	-1.9008633632772
3.0720000267029	-1.9239821222567
3.0759999752045	-1.9553010005159
3.0799999237061	-1.9963055591042
3.0840001106262	-2.0477743443084
3.0880000591278	-2.1095804421999
3.0920000076294	-2.1805810779977
3.0959999561310	-2.2586216707442
3.0999999046326	-2.3406505054828
3.1040000915527	-2.4229642895978
3.1080000400543	-2.5015362352737
3.1119999885559	-2.5724200406921
3.1159999370575	-2.6321612379212
3.1199998855591	-2.6781559289449
3.1240000724792	-2.7088830015095
3.1280000209808	-2.7239704595055
3.1319999694824	-2.7240962179599
3.1359999179840	-2.7107539993802
3.1400001049042	-2.6859381485685
3.1440000534058	-2.6518360070641
3.1480000019073	-2.6105729551615
3.1519999504089	-2.5640591291449
3.1559998989105	-2.5139290031153
3.1600000858307	-2.4615762021688
3.1640000343323	-2.4082325851220
3.1679999828339	-2.3550751688700
3.1719999313354	-2.3033083973355
3.1760001182556	-2.2542045061962
3.1800000667572	-2.2090966023183
3.1840000152588	-2.1693107308370
3.1879999637604	-2.1360614191572
3.1919999122620	-2.1103310058019
3.1960000991821	-2.0927525164474
3.2000000476837	-2.0835196062640
3.2039999961853	-2.0823366789722
3.2079999446869	-2.0884229986121
3.2119998931885	-2.1005750116890
3.2160000801086	-2.1172594147994
3.2200000286102	-2.1367559243648
3.2239999771118	-2.1572930507802
3.2279999256134	-2.1771791903468
3.2320001125336	-2.1948799855156
3.2360000610352	-2.2090632174004
3.2400000095367	-2.2185708805163
3.2439999580383	-2.2223587652640
3.2479999065399	-2.2194297113559
3.2520000934601	-2.2087739435468
3.2560000419617	-2.1893967719240
3.2599999904633	-2.1603871294655
3.2639999389648	-2.1211040170756
3.2679998874664	-2.0714012882476
3.2720000743866	-2.0118588133256
3.2760000228882	-1.9439866987104
3.2799999713898	-1.8702979334081
3.2839999198914	-1.7942559399950
3.2880001068115	-1.7200707776799
3.2920000553131	-1.6523655116879
3.2960000038147	-1.5957635724475
3.2999999523163	-1.5544637547539
3.3039999008179	-1.5318155010032
3.3080000877380	-1.5299569212767
3.3120000362396	-1.5495017466839
3.3159999847412	-1.5893656790652
3.3199999332428	-1.6466666087819
3.3239998817444	-1.7168483653515
3.3280000686646	-1.7940001534244
3.3320000171661	-1.8714654521810
3.3359999656677	-1.9427133267446
3.3399999141693	-2.0024004129159
3.3440001010895	-2.0474188467955
3.3480000495911	-2.0776754940031
3.3519999980927	-2.0964031922167
3.3559999465942	-2.1098575489220
3.3599998950958	-2.1265160750941
3.3640000820160	-2.1559675903680
3.3680000305176	-2.2077250241043
3.3719999790192	-2.2901128202427
3.3759999275208	-2.4093099978239
3.3800001144409	-2.5684864800920
3.3840000629425	-2.7669703724057
3.3880000114441	-2.9994001278344
3.3919999599457	-3.2549231460060
3.3959999084473	-3.5167599395886
3.4000000953674	-3.7626499656815
3.4040000438690	-3.9669728584434
3.4079999923706	-4.1050147866441
3.4119999408722	-4.1587713207345
3.4159998893738	-4.1221703100151
3.4200000762939	-4.0030954966075
3.4240000247955	-3.8210007405922
3.4279999732971	-3.6014935379668
3.4319999217987	-3.3705873285582
3.4360001087189	-3.1505886952735
3.4400000572205	-2.9581128356655
3.4440000057220	-2.8036851470644
3.4479999542236	-2.6922010579366
3.4519999027252	-2.6236813028097
3.4560000896454	-2.5941252020438
3.4600000381470	-2.5963916199539
3.4639999866486	-2.6212224329865
3.4679999351501	-2.6584764573688
3.4719998836517	-2.6985947530486
3.4760000705719	-2.7341586718143
3.4800000190735	-2.7612052321905
3.4839999675751	-2.7799811730848
3.4879999160767	-2.7948535401200
3.4920001029968	-2.8134501450732
3.4960000514984	-2.8452059202802
3.5000000000000	-2.8997424348318
3.5039999485016	-2.9853312458132
3.5079998970032	-3.1075752771039
3.5120000839233	-3.2682981487566
3.5160000324249	-3.4646019637610
3.5199999809265	-3.6880991620885
3.5239999294281	-3.9245203494741
3.5280001163483	-4.1541463398629
3.5320000648499	-4.3537399506851
3.5360000133514	-4.5003737713687
3.5399999618530	-4.5767568871372
3.5439999103546	-4.5762981870885
3.5480000972748	-4.5054968099699
3.5520000457764	-4.3823600609980
3.5559999942780	-4.2317626811797
3.5599999427795	-4.0800817788504
3.5639998912811	-3.9510443350626
3.5680000782013	-3.8634711103987
3.5720000267029	-3.8305014404026
3.5759999752045	-3.8596186476100
3.5799999237061	-3.9528587734610
3.5840001106262	-4.1068773855403
3.5880000591278	-4.3127692855080
3.5920000076294	-4.5557966887326
3.5959999561310	-4.8154006553383
3.5999999046326	-5.0662075584893
3.6040000915527	-5.2807175088327
3.6080000400543	-5.4339822430514
3.6119999885559	-5.5092530077414
3.6159999370575	-5.5023376327905
3.6199998855591	-5.4223503734671
3.6240000724792	-5.2883929531869
3.6280000209808	-5.1239827551252
3.6319999694824	-4.9517742741548
3.6359999179840	-4.7901165640146
3.6400001049042	-4.6515848023685
3.6440000534058	-4.5429312825761
3.6480000019073	-4.4657630506620
3.6519999504089	-4.4175186647029
3.6559998989105	-4.3925717227377
3.6600000858307	-4.3833687200816
3.6640000343323	-4.3816363188004
3.6679999828339	-4.3795613943343
3.6719999313354	-4.3708434063369
3.6760001182556	-4.3514370973176
3.6800000667572	-4.3198188622639
3.6840000152588	-4.2767760022226
3.6879999637604	-4.2247585212523
3.6919999122620	-4.1670239552352
3.6960000991821	-4.1068093088756
3.7000000476837	-4.0466628691466
3.7039999961853	-3.9881036961227
3.7079999446869	-3.9315437818638
3.7119998931885	-3.8765063052313
3.7160000801086	-3.8219869685190
3.7200000286102	-3.7669164543260
3.7239999771118	-3.7105641513776
3.7279999256134	-3.6528356405782
3.7320001125336	-3.5943698741980
3.7360000610352	-3.5364425625458
3.7400000095367	-3.4807002254094
3.7439999580383	-3.4288113919211
3.7479999065399	-3.3820923423972
3.7520000934601	-3.3412051458675
3.7560000419617	-3.3059882910342
3.7599999904633	-3.2754435704123
3.7639999389648	-3.2478890112625
3.7679998874664	-3.2212517199590
3.7720000743866	-3.1934726970363
3.7760000228882	-3.1629190919794
3.7799999713898	-3.1287547513226
3.7839999198914	-3.0911562684153
3.7880001068115	-3.0513404069411
3.7920000553131	-3.0114195659938
3.7960000038147	-2.9740510520633
3.7999999523163	-2.9420479333014
3.8039999008179	-2.9179395283969
3.8080000877380	-2.9036086506056
3.8120000362396	-2.9000448719948
3.8159999847412	-2.9072138346419
3.8199999332428	-2.9240917088242
3.8239998817444	-2.9488212856862
3.8280000686646	-2.9789870269381
3.8320000171661	-3.0119693701122
3.8359999656677	-3.0453192171675
3.8399999141693	-3.0770890503457
3.8440001010895	-3.1060538214688
3.8480000495911	-3.1318085986914
3.8519999980927	-3.1546835110814
3.8559999465942	-3.1755358875999
3.8599998950958	-3.1954730480501
3.8640000820160	-3.2155386763445
3.8680000305176	-3.2364782612721
3.8719999790192	-3.2586092434564
3.8759999275208	-3.2817933347313
3.8800001144409	-3.3055540761495
3.8840000629425	-3.3292718254734
3.8880000114441	-3.3524041751611
3.8919999599457	-3.3746990257156
3.8959999084473	-3.3963016818448
3.9000000953674	-3.4177588148785
3.9040000438690	-3.4398694185805
3.9079999923706	-3.4634512936733
3.9119999408722	-3.4890441300797
3.9159998893738	-3.5166383431486
3.9200000762939	-3.5454920561532
3.9240000247955	-3.5741198187806
3.9279999732971	-3.6004646766226
3.9319999217987	-3.6222863994753
3.9360001087189	-3.6376852808075
3.9400000572205	-3.6456933538238
3.9440000057220	-3.6467953908985
3.9479999542236	-3.6432047795402
3.9519999027252	-3.6388587473375
3.9560000896454	-3.6390771212426
3.9600000381470	-3.6499628529271
3.9639999866486	-3.6776613360378
3.9679999351501	-3.7275826236582
3.9719998836517	-3.8036899032253
3.9760000705719	-3.9079074883518
3.9800000190735	-4.0396952415313
3.9839999675751	-4.1958366846680
3.9879999160767	-4.3705289830708
3.9920001029968	-4.5559128394186
3.9960000514984	-4.7430947861120
4.0000000000000	-4.9237464991102
