#Parameters = {D=8; L=80; d_a=10; e_m=9; e_s=30; gap=1.5; m_x=30; m_y=40; m_z=100; mu_m=1; mu_s=1; s_d=2}
#"Frequency / GHz"	"S2,1 [Magnitude]"
#------------------------------------
0.0000000000000	-52.710362462469
0.0040000001899898	-51.718794041682
0.0080000003799796	-49.645666809759
0.012000000104308	-47.519969120449
0.016000000759959	-45.643838606017
0.019999999552965	-44.032212450652
0.024000000208616	-42.642454205828
0.028000000864267	-41.430708668334
0.032000001519918	-40.361686854295
0.035999998450279	-39.408428678808
0.039999999105930	-38.550437396625
0.043999999761581	-37.771990575976
0.048000000417233	-37.060856791351
0.052000001072884	-36.407382805838
0.056000001728535	-35.803831005013
0.059999998658895	-35.243924315098
0.064000003039837	-34.722494783388
0.068000003695488	-34.235251353323
0.071999996900558	-33.778582229851
0.075999997556210	-33.349424187263
0.079999998211861	-32.945152632740
0.083999998867512	-32.563503604490
0.087999999523163	-32.202502303399
0.092000000178814	-31.860422400155
0.096000000834465	-31.535739912278
0.10000000149012	-31.227099330167
0.10400000214577	-30.933290162138
0.10800000280142	-30.653227354166
0.11200000345707	-30.385926775315
0.11599999666214	-30.130500084865
0.11999999731779	-29.886129089598
0.12399999797344	-29.652072294455
0.12800000607967	-29.427642541309
0.13199999928474	-29.212207777040
0.13600000739098	-29.005175698859
0.14000000059605	-28.806000197456
0.14399999380112	-28.614172429496
0.14800000190735	-28.429211310933
0.15199999511242	-28.250668356869
0.15600000321865	-28.078118634287
0.15999999642372	-27.911165327678
0.16400000452995	-27.749430129859
0.16799999773502	-27.592558612212
0.17200000584126	-27.440213127961
0.17599999904633	-27.292074126430
0.18000000715256	-27.147843001600
0.18400000035763	-27.007231540029
0.18799999356270	-26.869972744279
0.19200000166893	-26.735809987688
0.19599999487400	-26.604508655564
0.20000000298023	-26.475839687451
0.20399999618530	-26.349596985586
0.20800000429153	-26.225582474059
0.21199999749660	-26.103613309913
0.21600000560284	-25.983522438671
0.21999999880791	-25.865155495705
0.22400000691414	-25.748372087038
0.22800000011921	-25.633043689369
0.23199999332428	-25.519057672552
0.23600000143051	-25.406309426239
0.23999999463558	-25.294713790917
0.24400000274181	-25.184189892934
0.24799999594688	-25.074677043892
0.25200000405312	-24.966122765074
0.25600001215935	-24.858480878282
0.25999999046326	-24.751725485923
0.26399999856949	-24.645830690257
0.26800000667572	-24.540788684863
0.27200001478195	-24.436594993688
0.27599999308586	-24.333253134987
0.28000000119209	-24.230777010444
0.28400000929832	-24.129183164318
0.28799998760223	-24.028500294608
0.29199999570847	-23.928753708461
0.29600000381470	-23.829981119666
0.30000001192093	-23.732216064610
0.30399999022484	-23.635499165022
0.30799999833107	-23.539873519480
0.31200000643730	-23.445378380574
0.31600001454353	-23.352059127799
0.31999999284744	-23.259952914509
0.32400000095367	-23.169105059532
0.32800000905991	-23.079548177295
0.33199998736382	-22.991322081675
0.33599999547005	-22.904454186075
0.34000000357628	-22.818972997104
0.34400001168251	-22.734900270589
0.34799998998642	-22.652251160616
0.35199999809265	-22.571038101527
0.35600000619888	-22.491258349918
0.36000001430511	-22.412910042857
0.36399999260902	-22.335981242298
0.36800000071526	-22.260444950766
0.37200000882149	-22.186275036910
0.37599998712540	-22.113423204012
0.37999999523163	-22.041842326820
0.38400000333786	-21.971468278123
0.38800001144409	-21.902223759564
0.39199998974800	-21.834024995812
0.39599999785423	-21.766769132570
0.40000000596046	-21.700346492737
0.40400001406670	-21.634630305404
0.40799999237061	-21.569482551086
0.41200000047684	-21.504750177642
0.41600000858307	-21.440270708578
0.41999998688698	-21.375861219760
0.42399999499321	-21.311333282319
0.42800000309944	-21.246477489538
0.43200001120567	-21.181081017915
0.43599998950958	-21.114914941116
0.43999999761581	-21.047734738242
0.44400000572205	-20.979297346949
0.44800001382828	-20.909342969818
0.45199999213219	-20.837607462651
0.45600000023842	-20.763827306933
0.46000000834465	-20.687728939036
0.46399998664856	-20.609043961264
0.46799999475479	-20.527507449746
0.47200000286102	-20.442853841349
0.47600001096725	-20.354832967149
0.47999998927116	-20.263202466515
0.48399999737740	-20.167734751443
0.48800000548363	-20.068221621876
0.49200001358986	-19.964473667758
0.49599999189377	-19.856324788437
0.50000000000000	-19.743636234618
0.50400000810623	-19.626293902370
0.50800001621246	-19.504215822156
0.51200002431870	-19.377348805174
0.51599997282028	-19.245676160331
0.51999998092651	-19.109210741212
0.52399998903275	-18.967993646310
0.52799999713898	-18.822102461142
0.53200000524521	-18.671644437473
0.53600001335144	-18.516753191741
0.54000002145767	-18.357590809969
0.54400002956390	-18.194342062034
0.54799997806549	-18.027215559369
0.55199998617172	-17.856435038059
0.55599999427795	-17.682243372410
0.56000000238419	-17.504894744878
0.56400001049042	-17.324654295771
0.56800001859665	-17.141795011573
0.57200002670288	-16.956589615058
0.57599997520447	-16.769321442769
0.57999998331070	-16.580261888716
0.58399999141693	-16.389689217563
0.58799999952316	-16.197874399787
0.59200000762939	-16.005078337317
0.59600001573563	-15.811558950056
0.60000002384186	-15.617563664400
0.60399997234344	-15.423331619308
0.60799998044968	-15.229089635292
0.61199998855591	-15.035054272776
0.61599999666214	-14.841433374267
0.62000000476837	-14.648418070912
0.62400001287460	-14.456195341033
0.62800002098083	-14.264934763316
0.63200002908707	-14.074798486657
0.63599997758865	-13.885934501378
0.63999998569489	-13.698483240068
0.64399999380112	-13.512574713024
0.64800000190735	-13.328327297761
0.65200001001358	-13.145848955628
0.65600001811981	-12.965243900754
0.66000002622604	-12.786603238505
0.66399997472763	-12.610012519704
0.66799998283386	-12.435547927925
0.67199999094009	-12.263281176957
0.67599999904633	-12.093273763756
0.68000000715256	-11.925583390627
0.68400001525879	-11.760261360333
0.68800002336502	-11.597356899484
0.69199997186661	-11.436907734561
0.69599997997284	-11.278952739436
0.69999998807907	-11.123520951647
0.70399999618530	-10.970644928295
0.70800000429153	-10.820346081849
0.71200001239777	-10.672648348161
0.71600002050400	-10.527569631804
0.72000002861023	-10.385122688495
0.72399997711182	-10.245324962562
0.72799998521805	-10.108182404668
0.73199999332428	-9.9737065960039
0.73600000143051	-9.8419019186931
0.74000000953674	-9.7127743621854
0.74400001764297	-9.5863249239320
0.74800002574921	-9.4625563522153
0.75199997425079	-9.3414679609908
0.75599998235703	-9.2230601032057
0.75999999046326	-9.1073271627945
0.76399999856949	-8.9942675729114
0.76800000667572	-8.8838765837082
0.77200001478195	-8.7761491395722
0.77600002288818	-8.6710792777095
0.77999997138977	-8.5686612497121
0.78399997949600	-8.4688861125865
0.78799998760223	-8.3717466740253
0.79199999570847	-8.2772348181405
0.79600000381470	-8.1853422200307
0.80000001192093	-8.0960587555437
0.80400002002716	-8.0093766899623
0.80800002813339	-7.9252835900911
0.81199997663498	-7.8437723863795
0.81599998474121	-7.7648300373838
0.81999999284744	-7.6884489765523
0.82400000095367	-7.6146157186191
0.82800000905991	-7.5433225099366
0.83200001716614	-7.4745560038280
0.83600002527237	-7.4083066849553
0.83999997377396	-7.3445619586776
0.84399998188019	-7.2833112927737
0.84799998998642	-7.2245441476005
0.85199999809265	-7.1682502717629
0.85600000619888	-7.1144136140247
0.86000001430511	-7.0630287338221
0.86400002241135	-7.0140795712110
0.86799997091293	-6.9675568604540
0.87199997901917	-6.9234466986591
0.87599998712540	-6.8817412979834
0.87999999523163	-6.8424252274973
0.88400000333786	-6.8054899971120
0.88800001144409	-6.7709193490725
0.89200001955032	-6.7387078731500
0.89600002765656	-6.7088382718271
0.89999997615814	-6.6812996209321
0.90399998426437	-6.6560832284167
0.90799999237061	-6.6331737905540
0.91200000047684	-6.6125599998158
0.91600000858307	-6.5942289438631
0.92000001668930	-6.5781681814272
0.92400002479553	-6.5643677455803
0.92799997329712	-6.5528120739214
0.93199998140335	-6.5434900249002
0.93599998950958	-6.5363877983819
0.93999999761581	-6.5314927991057
0.94400000572205	-6.5287916266650
0.94800001382828	-6.5282709246844
0.95200002193451	-6.5299172693186
0.95599997043610	-6.5337145645673
0.95999997854233	-6.5396511217310
0.96399998664856	-6.5477117601445
0.96799999475479	-6.5578815446802
0.97200000286102	-6.5701455093375
0.97600001096725	-6.5844857513118
0.98000001907349	-6.6008905466049
0.98400002717972	-6.6193408667097
0.98799997568130	-6.6398205478720
0.99199998378754	-6.6623128547661
0.99599999189377	-6.6868006882935
1.0000000000000	-6.7132637015695
1.0039999485016	-6.7416845838622
1.0080000162125	-6.7720458342941
1.0119999647141	-6.8043254373017
1.0160000324249	-6.8385043602529
1.0199999809265	-6.8745605070753
1.0240000486374	-6.9124730875616
1.0279999971390	-6.9522207903904
1.0319999456406	-6.9937781729447
1.0360000133514	-7.0371216904199
1.0399999618530	-7.0822280159468
1.0440000295639	-7.1290728993271
1.0479999780655	-7.1776270232909
1.0520000457764	-7.2278657641347
1.0559999942780	-7.2797589060452
1.0599999427795	-7.3332803824279
1.0640000104904	-7.3883976905914
1.0679999589920	-7.4450813543621
1.0720000267029	-7.5032988393998
1.0759999752045	-7.5630179776874
1.0800000429153	-7.6242050865332
1.0839999914169	-7.6868241870639
1.0880000591278	-7.7508395396134
1.0920000076294	-7.8162160888354
1.0959999561310	-7.8829108901354
1.1000000238419	-7.9508894978041
1.1039999723434	-8.0201092464858
1.1080000400543	-8.0905302307832
1.1119999885559	-8.1621069066722
1.1160000562668	-8.2347987102012
1.1200000047684	-8.3085600581850
1.1239999532700	-8.3833434772850
1.1280000209808	-8.4591037817679
1.1319999694824	-8.5357937804593
1.1360000371933	-8.6133643931276
1.1399999856949	-8.6917658152744
1.1440000534058	-8.7709475351802
1.1480000019073	-8.8508596529216
1.1519999504089	-8.9314480966936
1.1560000181198	-9.0126627401439
1.1599999666214	-9.0944495469316
1.1640000343323	-9.1767562869238
1.1679999828339	-9.2595269701643
1.1720000505447	-9.3427102905025
1.1759999990463	-9.4262505087945
1.1799999475479	-9.5100949820692
1.1840000152588	-9.5941898363899
1.1879999637604	-9.6784802291295
1.1920000314713	-9.7629149478505
1.1959999799728	-9.8474404880254
1.2000000476837	-9.9320058327594
1.2039999961853	-10.016561531100
1.2079999446869	-10.101055001067
1.2120000123978	-10.185441636255
1.2159999608994	-10.269672358053
1.2200000286102	-10.353701583276
1.2239999771118	-10.437487072262
1.2280000448227	-10.520987121784
1.2319999933243	-10.604160372794
1.2359999418259	-10.686972745454
1.2400000095367	-10.769388600467
1.2439999580383	-10.851374142738
1.2480000257492	-10.932900108700
1.2519999742508	-11.013940340308
1.2560000419617	-11.094469499021
1.2599999904633	-11.174466921892
1.2640000581741	-11.253914859741
1.2680000066757	-11.332797839626
1.2719999551773	-11.411103483475
1.2760000228882	-11.488823293065
1.2799999713898	-11.565949181981
1.2840000391006	-11.642481182953
1.2879999876022	-11.718416601876
1.2920000553131	-11.793760479030
1.2960000038147	-11.868519691235
1.2999999523163	-11.942699794328
1.3040000200272	-12.016317200466
1.3079999685287	-12.089380982946
1.3120000362396	-12.161910833183
1.3159999847412	-12.233925756095
1.3200000524521	-12.305445038020
1.3240000009537	-12.376494241945
1.3279999494553	-12.447096982622
1.3320000171661	-12.517280077781
1.3359999656677	-12.587071170580
1.3400000333786	-12.656500069940
1.3439999818802	-12.725597098317
1.3480000495911	-12.794393486714
1.3519999980927	-12.862920440005
1.3559999465942	-12.931211731332
1.3600000143051	-12.999298762455
1.3639999628067	-13.067213087302
1.3680000305176	-13.134987797707
1.3719999790192	-13.202655422478
1.3760000467300	-13.270247529753
1.3799999952316	-13.337794284656
1.3839999437332	-13.405325782407
1.3880000114441	-13.472869783850
1.3919999599457	-13.540455473887
1.3960000276566	-13.608108078149
1.3999999761581	-13.675853209868
1.4040000438690	-13.743712588557
1.4079999923706	-13.811708419880
1.4119999408722	-13.879860292588
1.4160000085831	-13.948187065820
1.4199999570847	-14.016701675798
1.4240000247955	-14.085419442781
1.4279999732971	-14.154352208018
1.4320000410080	-14.223508828037
1.4359999895096	-14.292894420561
1.4400000572205	-14.362515477998
1.4440000057220	-14.432374450912
1.4479999542236	-14.502470172626
1.4520000219345	-14.572800323947
1.4559999704361	-14.643362102763
1.4600000381470	-14.714148505617
1.4639999866486	-14.785147095134
1.4680000543594	-14.856350774775
1.4720000028610	-14.927743909739
1.4759999513626	-14.999311161201
1.4800000190735	-15.071034443080
1.4839999675751	-15.142895349836
1.4880000352859	-15.214872112032
1.4919999837875	-15.286941653085
1.4960000514984	-15.359078922883
1.5000000000000	-15.431258225743
1.5039999485016	-15.503451671228
1.5080000162125	-15.575628966032
1.5119999647141	-15.647763021614
1.5160000324249	-15.719822878455
1.5199999809265	-15.791775202047
1.5240000486374	-15.863589612409
1.5279999971390	-15.935232329804
1.5319999456406	-16.006672690308
1.5360000133514	-16.077876283818
1.5399999618530	-16.148810865704
1.5440000295639	-16.219448032809
1.5479999780655	-16.289751065284
1.5520000457764	-16.359692223475
1.5559999942780	-16.429242569169
1.5599999427795	-16.498372046786
1.5640000104904	-16.567056235953
1.5679999589920	-16.635266743631
1.5720000267029	-16.702981491141
1.5759999752045	-16.770178293454
1.5800000429153	-16.836837949624
1.5839999914169	-16.902941503309
1.5880000591278	-16.968474596354
1.5920000076294	-17.033424475165
1.5959999561310	-17.097781533463
1.6000000238419	-17.161534557975
1.6039999723434	-17.224682668058
1.6080000400543	-17.287220524800
1.6119999885559	-17.349149990779
1.6160000562668	-17.410473587565
1.6200000047684	-17.471196273245
1.6239999532700	-17.531326822380
1.6280000209808	-17.590877555218
1.6319999694824	-17.649858566581
1.6360000371933	-17.708288650026
1.6399999856949	-17.766185120148
1.6440000534058	-17.823569432296
1.6480000019073	-17.880462946671
1.6519999504089	-17.936889099272
1.6560000181198	-17.992878119706
1.6599999666214	-18.048453438201
1.6640000343323	-18.103646017492
1.6679999828339	-18.158487824426
1.6720000505447	-18.213008595124
1.6759999990463	-18.267242090383
1.6799999475479	-18.321219429835
1.6840000152588	-18.374975810168
1.6879999637604	-18.428544907455
1.6920000314713	-18.481960245347
1.6959999799728	-18.535254492159
1.7000000476837	-18.588462843085
1.7039999961853	-18.641615346151
1.7079999446869	-18.694745103762
1.7120000123978	-18.747884141044
1.7159999608994	-18.801060211289
1.7200000286102	-18.854303737252
1.7239999771118	-18.907640253287
1.7280000448227	-18.961097133187
1.7319999933243	-19.014695584373
1.7359999418259	-19.068459594252
1.7400000095367	-19.122410165030
1.7439999580383	-19.176562910598
1.7480000257492	-19.230933725711
1.7519999742508	-19.285536371721
1.7560000419617	-19.340384003615
1.7599999904633	-19.395481319031
1.7640000581741	-19.450837384628
1.7680000066757	-19.506454759026
1.7719999551773	-19.562333904186
1.7760000228882	-19.618473338798
1.7799999713898	-19.674870051717
1.7840000391006	-19.731516260384
1.7879999876022	-19.788400875451
1.7920000553131	-19.845513992277
1.7960000038147	-19.902839490054
1.7999999523163	-19.960360387510
1.8040000200272	-20.018056449298
1.8079999685287	-20.075904063805
1.8120000362396	-20.133880932461
1.8159999847412	-20.191957367206
1.8200000524521	-20.250105388046
1.8240000009537	-20.308292509199
1.8279999494553	-20.366486277554
1.8320000171661	-20.424649338083
1.8359999656677	-20.482745407322
1.8400000333786	-20.540734378305
1.8439999818802	-20.598577939765
1.8480000495911	-20.656230661612
1.8519999980927	-20.713652185442
1.8559999465942	-20.770795789892
1.8600000143051	-20.827618173402
1.8639999628067	-20.884073768490
1.8680000305176	-20.940115606016
1.8719999790192	-20.995697574456
1.8760000467300	-21.050771411491
1.8799999952316	-21.105292414200
1.8839999437332	-21.159214092211
1.8880000114441	-21.212490630969
1.8919999599457	-21.265075451719
1.8960000276566	-21.316927005570
1.8999999761581	-21.367999747912
1.9040000438690	-21.418254954330
1.9079999923706	-21.467649402783
1.9119999408722	-21.516144877017
1.9160000085831	-21.563706637751
1.9199999570847	-21.610295392944
1.9240000247955	-21.655881675438
1.9279999732971	-21.700433310485
1.9320000410080	-21.743920446261
1.9359999895096	-21.786317652901
1.9400000572205	-21.827600241393
1.9440000057220	-21.867745738970
1.9479999542236	-21.906735572561
1.9520000219345	-21.944551262607
1.9559999704361	-21.981178141227
1.9600000381470	-22.016604653257
1.9639999866486	-22.050818775515
1.9680000543594	-22.083813519787
1.9720000028610	-22.115582431336
1.9759999513626	-22.146121286196
1.9800000190735	-22.175425278864
1.9839999675751	-22.203498024971
1.9880000352859	-22.230336039475
1.9919999837875	-22.255944383047
1.9960000514984	-22.280323979167
2.0000000000000	-22.303480313869
2.0039999485016	-22.325418595806
2.0079998970032	-22.346145476922
2.0120000839233	-22.365664417290
2.0160000324249	-22.383984969402
2.0199999809265	-22.401112676940
2.0239999294281	-22.417053352404
2.0280001163483	-22.431814286646
2.0320000648499	-22.445400689920
2.0360000133514	-22.457819484474
2.0399999618530	-22.469072846969
2.0439999103546	-22.479167040682
2.0480000972748	-22.488105588753
2.0520000457764	-22.495886823390
2.0559999942780	-22.502512333270
2.0599999427795	-22.507984634703
2.0639998912811	-22.512298348809
2.0680000782013	-22.515449050126
2.0720000267029	-22.517433254305
2.0759999752045	-22.518244408143
2.0799999237061	-22.517876348332
2.0840001106262	-22.516313232701
2.0880000591278	-22.513551013450
2.0920000076294	-22.509571078792
2.0959999561310	-22.504360433668
2.0999999046326	-22.497903866160
2.1040000915527	-22.490184098153
2.1080000400543	-22.481179504442
2.1119999885559	-22.470872660035
2.1159999370575	-22.459242930744
2.1199998855591	-22.446264497085
2.1240000724792	-22.431915712918
2.1280000209808	-22.416169664146
2.1319999694824	-22.399003514444
2.1359999179840	-22.380391438046
2.1400001049042	-22.360306211952
2.1440000534058	-22.338719513860
2.1480000019073	-22.315605662156
2.1519999504089	-22.290937554555
2.1559998989105	-22.264687600729
2.1600000858307	-22.236828350678
2.1640000343323	-22.207337123855
2.1679999828339	-22.176184538340
2.1719999313354	-22.143347656260
2.1760001182556	-22.108801546170
2.1800000667572	-22.072527034472
2.1840000152588	-22.034498475940
2.1879999637604	-21.994698145452
2.1919999122620	-21.953109756971
2.1960000991821	-21.909715625287
2.2000000476837	-21.864501474964
2.2039999961853	-21.817456802727
2.2079999446869	-21.768572634371
2.2119998931885	-21.717840470806
2.2160000801086	-21.665257017744
2.2200000286102	-21.610820798424
2.2239999771118	-21.554533297378
2.2279999256134	-21.496397095465
2.2320001125336	-21.436422720603
2.2360000610352	-21.374617456877
2.2400000095367	-21.310995210719
2.2439999580383	-21.245574087699
2.2479999065399	-21.178372637423
2.2520000934601	-21.109414062346
2.2560000419617	-21.038725158659
2.2599999904633	-20.966336096239
2.2639999389648	-20.892276115777
2.2679998874664	-20.816583900300
2.2720000743866	-20.739294934453
2.2760000228882	-20.660454501551
2.2799999713898	-20.580103784215
2.2839999198914	-20.498290559806
2.2880001068115	-20.415063748264
2.2920000553131	-20.330477115466
2.2960000038147	-20.244583322822
2.2999999523163	-20.157440468748
2.3039999008179	-20.069106257745
2.3080000877380	-19.979639564311
2.3120000362396	-19.889105966812
2.3159999847412	-19.797566867367
2.3199999332428	-19.705087548199
2.3239998817444	-19.611734539523
2.3280000686646	-19.517574989449
2.3320000171661	-19.422677011749
2.3359999656677	-19.327110702637
2.3399999141693	-19.230944934870
2.3440001010895	-19.134250135946
2.3480000495911	-19.037096433336
2.3519999980927	-18.939552994082
2.3559999465942	-18.841689924104
2.3599998950958	-18.743580118260
2.3640000820160	-18.645289104547
2.3680000305176	-18.546891856408
2.3719999790192	-18.448451412631
2.3759999275208	-18.350038835407
2.3800001144409	-18.251721012688
2.3840000629425	-18.153564673668
2.3880000114441	-18.055634341331
2.3919999599457	-17.957996970796
2.3959999084473	-17.860711955669
2.4000000953674	-17.763845684788
2.4040000438690	-17.667459390555
2.4079999923706	-17.571608683888
2.4119999408722	-17.476354713540
2.4159998893738	-17.381754767500
2.4200000762939	-17.287864683143
2.4240000247955	-17.194739963736
2.4279999732971	-17.102430457800
2.4319999217987	-17.010990904203
2.4360001087189	-16.920470478815
2.4400000572205	-16.830916400740
2.4440000057220	-16.742379468171
2.4479999542236	-16.654900891771
2.4519999027252	-16.568526728962
2.4560000896454	-16.483300904826
2.4600000381470	-16.399263683683
2.4639999866486	-16.316456641355
2.4679999351501	-16.234916911789
2.4719998836517	-16.154681480317
2.4760000705719	-16.075788058863
2.4800000190735	-15.998268830534
2.4839999675751	-15.922158862153
2.4879999160767	-15.847488598493
2.4920001029968	-15.774288270237
2.4960000514984	-15.702588650317
2.5000000000000	-15.632417648485
2.5039999485016	-15.563800639578
2.5079998970032	-15.496764235243
2.5120000839233	-15.431333301464
2.5160000324249	-15.367529857859
2.5199999809265	-15.305376031629
2.5239999294281	-15.244893304759
2.5280001163483	-15.186102985268
2.5320000648499	-15.129021083868
2.5360000133514	-15.073667770370
2.5399999618530	-15.020059156552
2.5439999103546	-14.968210503042
2.5480000972748	-14.918137136027
2.5520000457764	-14.869850235477
2.5559999942780	-14.823368069374
2.5599999427795	-14.778696575657
2.5639998912811	-14.735850828069
2.5680000782013	-14.694838345652
2.5720000267029	-14.655668787246
2.5759999752045	-14.618349689704
2.5799999237061	-14.582890559705
2.5840001106262	-14.549295535367
2.5880000591278	-14.517570226844
2.5920000076294	-14.487718984692
2.5959999561310	-14.459748153490
2.5999999046326	-14.433656137428
2.6040000915527	-14.409446830794
2.6080000400543	-14.387122198022
2.6119999885559	-14.366680116555
2.6159999370575	-14.348120767151
2.6199998855591	-14.331443092720
2.6240000724792	-14.316643168689
2.6280000209808	-14.303717192646
2.6319999694824	-14.292662372178
2.6359999179840	-14.283469614139
2.6400001049042	-14.276136076896
2.6440000534058	-14.270652773593
2.6480000019073	-14.267010984370
2.6519999504089	-14.265200529479
2.6559998989105	-14.265211223002
2.6600000858307	-14.267033169683
2.6640000343323	-14.270651553802
2.6679999828339	-14.276053260329
2.6719999313354	-14.283222676875
2.6760001182556	-14.292143600725
2.6800000667572	-14.302799758412
2.6840000152588	-14.315173343935
2.6879999637604	-14.329241579058
2.6919999122620	-14.344985643944
2.6960000991821	-14.362383173276
2.7000000476837	-14.381409466694
2.7039999961853	-14.402041571489
2.7079999446869	-14.424251971924
2.7119998931885	-14.448011829033
2.7160000801086	-14.473294249626
2.7200000286102	-14.500067820965
2.7239999771118	-14.528301129687
2.7279999256134	-14.557961869214
2.7320001125336	-14.589013302250
2.7360000610352	-14.621418941911
2.7400000095367	-14.655143643598
2.7439999580383	-14.690146704654
2.7479999065399	-14.726387259720
2.7520000934601	-14.763823360007
2.7560000419617	-14.802413550282
2.7599999904633	-14.842110252210
2.7639999389648	-14.882868208706
2.7679998874664	-14.924640188528
2.7720000743866	-14.967376864902
2.7760000228882	-15.011027476598
2.7799999713898	-15.055541979680
2.7839999198914	-15.100866652622
2.7880001068115	-15.146949225181
2.7920000553131	-15.193733021271
2.7960000038147	-15.241164432274
2.7999999523163	-15.289187076482
2.8039999008179	-15.337744250268
2.8080000877380	-15.386777509982
2.8120000362396	-15.436229226653
2.8159999847412	-15.486043714988
2.8199999332428	-15.536159845564
2.8239998817444	-15.586521445201
2.8280000686646	-15.637071604281
2.8320000171661	-15.687751686256
2.8359999656677	-15.738504875007
2.8399999141693	-15.789277750691
2.8440001010895	-15.840013025175
2.8480000495911	-15.890658984691
2.8519999980927	-15.941163949760
2.8559999465942	-15.991477948243
2.8599998950958	-16.041551389344
2.8640000820160	-16.091338769659
2.8680000305176	-16.140797863402
2.8719999790192	-16.189884814970
2.8759999275208	-16.238563573794
2.8800001144409	-16.286796584942
2.8840000629425	-16.334551308132
2.8880000114441	-16.381799662225
2.8919999599457	-16.428514311559
2.8959999084473	-16.474673393088
2.9000000953674	-16.520257165696
2.9040000438690	-16.565250732254
2.9079999923706	-16.609642606114
2.9119999408722	-16.653424660683
2.9159998893738	-16.696591564111
2.9200000762939	-16.739143529338
2.9240000247955	-16.781083751137
2.9279999732971	-16.822420368804
2.9319999217987	-16.863161215623
2.9360001087189	-16.903323187291
2.9400000572205	-16.942920012598
2.9440000057220	-16.981975108152
2.9479999542236	-17.020509910116
2.9519999027252	-17.058553333360
2.9560000896454	-17.096131289715
2.9600000381470	-17.133276691132
2.9639999866486	-17.170024151274
2.9679999351501	-17.206407249056
2.9719998836517	-17.242465386603
2.9760000705719	-17.278235572409
2.9800000190735	-17.313760363225
2.9839999675751	-17.349079048475
2.9879999160767	-17.384234528721
2.9920001029968	-17.419269578257
2.9960000514984	-17.454226187530
3.0000000000000	-17.489146215317
3.0039999485016	-17.524074056981
3.0079998970032	-17.559049648681
3.0120000839233	-17.594116332002
3.0160000324249	-17.629311768277
3.0199999809265	-17.664677859806
3.0239999294281	-17.700249697087
3.0280001163483	-17.736064639491
3.0320000648499	-17.772156860989
3.0360000133514	-17.808558883945
3.0399999618530	-17.845300601277
3.0439999103546	-17.882409756820
3.0480000972748	-17.919911061217
3.0520000457764	-17.957828901657
3.0559999942780	-17.996184267409
3.0599999427795	-18.034992673735
3.0639998912811	-18.074269697929
3.0680000782013	-18.114026959170
3.0720000267029	-18.154272759711
3.0759999752045	-18.195012893104
3.0799999237061	-18.236249670033
3.0840001106262	-18.277981775193
3.0880000591278	-18.320205168708
3.0920000076294	-18.362912980319
3.0959999561310	-18.406093829282
3.0999999046326	-18.449733800343
3.1040000915527	-18.493816126675
3.1080000400543	-18.538319907024
3.1119999885559	-18.583220832655
3.1159999370575	-18.628494492599
3.1199998855591	-18.674109450683
3.1240000724792	-18.720033547017
3.1280000209808	-18.766230747095
3.1319999694824	-18.812664582079
3.1359999179840	-18.859291556987
3.1400001049042	-18.906072375864
3.1440000534058	-18.952958741581
3.1480000019073	-18.999904746776
3.1519999504089	-19.046860912660
3.1559998989105	-19.093776669335
3.1600000858307	-19.140599750558
3.1640000343323	-19.187277128682
3.1679999828339	-19.233756326469
3.1719999313354	-19.279980713470
3.1760001182556	-19.325898098761
3.1800000667572	-19.371452443161
3.1840000152588	-19.416590950082
3.1879999637604	-19.461259427769
3.1919999122620	-19.505406238776
3.1960000991821	-19.548981221489
3.2000000476837	-19.591935550312
3.2039999961853	-19.634223561682
3.2079999446869	-19.675798683864
3.2119998931885	-19.716622300802
3.2160000801086	-19.756655797312
3.2200000286102	-19.795863077569
3.2239999771118	-19.834215253209
3.2279999256134	-19.871685191946
3.2320001125336	-19.908249209574
3.2360000610352	-19.943889177686
3.2400000095367	-19.978592095881
3.2439999580383	-20.012348319292
3.2479999065399	-20.045154340180
3.2520000934601	-20.077010796852
3.2560000419617	-20.107923943055
3.2599999904633	-20.137903956971
3.2639999389648	-20.166965839027
3.2679998874664	-20.195128882516
3.2720000743866	-20.222420828605
3.2760000228882	-20.248869049265
3.2799999713898	-20.274508746139
3.2839999198914	-20.299376418490
3.2880001068115	-20.323516423595
3.2920000553131	-20.346970967571
3.2960000038147	-20.369791515370
3.2999999523163	-20.392028534649
3.3039999008179	-20.413737400506
3.3080000877380	-20.434974893522
3.3120000362396	-20.455798319249
3.3159999847412	-20.476271035358
3.3199999332428	-20.496453278134
3.3239998817444	-20.516407957619
3.3280000686646	-20.536199098464
3.3320000171661	-20.555890225381
3.3359999656677	-20.575545942542
3.3399999141693	-20.595227942988
3.3440001010895	-20.615000040842
3.3480000495911	-20.634922204034
3.3519999980927	-20.655057127479
3.3559999465942	-20.675461589541
3.3599998950958	-20.696193293766
3.3640000820160	-20.717306269894
3.3680000305176	-20.738854103324
3.3719999790192	-20.760885400073
3.3759999275208	-20.783448483791
3.3800001144409	-20.806586055086
3.3840000629425	-20.830339323754
3.3880000114441	-20.854747052230
3.3919999599457	-20.879843982929
3.3959999084473	-20.905659499584
3.4000000953674	-20.932221206148
3.4040000438690	-20.959552898027
3.4079999923706	-20.987673318999
3.4119999408722	-21.016599253955
3.4159998893738	-21.046341004167
3.4200000762939	-21.076907444417
3.4240000247955	-21.108300622903
3.4279999732971	-21.140519471881
3.4319999217987	-21.173560159248
3.4360001087189	-21.207415037981
3.4400000572205	-21.242066958407
3.4440000057220	-21.277502348632
3.4479999542236	-21.313697728352
3.4519999027252	-21.350626543413
3.4560000896454	-21.388260502780
3.4600000381470	-21.426564718062
3.4639999866486	-21.465502942360
3.4679999351501	-21.505031021933
3.4719998836517	-21.545107095976
3.4760000705719	-21.585679856687
3.4800000190735	-21.626698575821
3.4839999675751	-21.668106166680
3.4879999160767	-21.709845429136
3.4920001029968	-21.751855759537
3.4960000514984	-21.794073347906
3.5000000000000	-21.836428555009
3.5039999485016	-21.878857128295
3.5079998970032	-21.921289638163
3.5120000839233	-21.963651953133
3.5160000324249	-22.005873277149
3.5199999809265	-22.047880670858
3.5239999294281	-22.089601326923
3.5280001163483	-22.130962986110
3.5320000648499	-22.171890534175
3.5360000133514	-22.212316691973
3.5399999618530	-22.252171404476
3.5439999103546	-22.291384448538
3.5480000972748	-22.329892593519
3.5520000457764	-22.367634017939
3.5559999942780	-22.404549241488
3.5599999427795	-22.440583698718
3.5639998912811	-22.475684074520
3.5680000782013	-22.509806262185
3.5720000267029	-22.542911047780
3.5759999752045	-22.574959470670
3.5799999237061	-22.605924334570
3.5840001106262	-22.635778387504
3.5880000591278	-22.664506049200
3.5920000076294	-22.692094680782
3.5959999561310	-22.718536726473
3.5999999046326	-22.743837793840
3.6040000915527	-22.768004437493
3.6080000400543	-22.791048498234
3.6119999885559	-22.812993444195
3.6159999370575	-22.833864800964
3.6199998855591	-22.853693699410
3.6240000724792	-22.872523881780
3.6280000209808	-22.890396172641
3.6319999694824	-22.907361989060
3.6359999179840	-22.923475005909
3.6400001049042	-22.938792674905
3.6440000534058	-22.953382276685
3.6480000019073	-22.967308409742
3.6519999504089	-22.980639910051
3.6559998989105	-22.993453609113
3.6600000858307	-23.005821179045
3.6640000343323	-23.017821373772
3.6679999828339	-23.029534056412
3.6719999313354	-23.041036304493
3.6760001182556	-23.052409843050
3.6800000667572	-23.063733561566
3.6840000152588	-23.075089076365
3.6879999637604	-23.086555368392
3.6919999122620	-23.098208394965
3.6960000991821	-23.110127891883
3.7000000476837	-23.122389412199
3.7039999961853	-23.135062406385
3.7079999446869	-23.148219007070
3.7119998931885	-23.161928677924
3.7160000801086	-23.176254564051
3.7200000286102	-23.191260613784
3.7239999771118	-23.207004607953
3.7279999256134	-23.223542709140
3.7320001125336	-23.240925163009
3.7360000610352	-23.259202276116
3.7400000095367	-23.278416416456
3.7439999580383	-23.298610674863
3.7479999065399	-23.319818011786
3.7520000934601	-23.342070485990
3.7560000419617	-23.365400319043
3.7599999904633	-23.389826084405
3.7639999389648	-23.415367828599
3.7679998874664	-23.442043604131
3.7720000743866	-23.469859326979
3.7760000228882	-23.498823601254
3.7799999713898	-23.528937510021
3.7839999198914	-23.560196872407
3.7880001068115	-23.592593557698
3.7920000553131	-23.626117159553
3.7960000038147	-23.660750522326
3.7999999523163	-23.696471110060
3.8039999008179	-23.733255058673
3.8080000877380	-23.771070553226
3.8120000362396	-23.809885136332
3.8159999847412	-23.849658550833
3.8199999332428	-23.890348104639
3.8239998817444	-23.931906072545
3.8280000686646	-23.974279950818
3.8320000171661	-24.017416795214
3.8359999656677	-24.061256338749
3.8399999141693	-24.105733270758
3.8440001010895	-24.150784395946
3.8480000495911	-24.196337339864
3.8519999980927	-24.242320077376
3.8559999465942	-24.288654457503
3.8599998950958	-24.335262268351
3.8640000820160	-24.382061632771
3.8680000305176	-24.428969723585
3.8719999790192	-24.475898845296
3.8759999275208	-24.522762737279
3.8800001144409	-24.569472606732
3.8840000629425	-24.615939446162
3.8880000114441	-24.662072527476
3.8919999599457	-24.707783184336
3.8959999084473	-24.752979330013
3.9000000953674	-24.797576362893
3.9040000438690	-24.841484607949
3.9079999923706	-24.884617994278
3.9119999408722	-24.926895718742
3.9159998893738	-24.968236304518
3.9200000762939	-25.008562694288
3.9240000247955	-25.047800877621
3.9279999732971	-25.085883530380
3.9319999217987	-25.122745488188
3.9360001087189	-25.158324694661
3.9400000572205	-25.192570056900
3.9440000057220	-25.225431534130
3.9479999542236	-25.256866035709
3.9519999027252	-25.286836341848
3.9560000896454	-25.315313453147
3.9600000381470	-25.342271926264
3.9639999866486	-25.367694267801
3.9679999351501	-25.391570207601
3.9719998836517	-25.413896581617
3.9760000705719	-25.434672991055
3.9800000190735	-25.453909108870
3.9839999675751	-25.471618806333
3.9879999160767	-25.487821450868
3.9920001029968	-25.502545096742
3.9960000514984	-25.515818026539
4.0000000000000	-25.527678080342
