#Parameters = {L=113.5; D=10; Gap=1.5; Z0=73}
#"Frequency / GHz"	"S1,1 [Magnitude]"
#------------------------------------
0.10000000149012	0.15894427821347
0.10440000146627	0.15160609119339
0.10880000144243	0.14404980069857
0.11320000141859	0.13628952194938
0.11760000139475	0.12833442525226
0.12200000137091	0.12020116149854
0.12639999389648	0.11189936688233
0.13079999387264	0.10344488578318
0.13519999384880	0.094848988463616
0.13959999382496	0.086126677753075
0.14399999380112	0.077290945685405
0.14839999377728	0.068359017915616
0.15279999375343	0.059341929562559
0.15719999372959	0.050256068462681
0.16159999370575	0.041116178761180
0.16599999368191	0.031937121350941
0.17039999365807	0.022734043670927
0.17479999363422	0.013522442099232
0.17919999361038	0.0043161420118639
0.18359999358654	-0.0048684741791506
0.18799999356270	-0.014015685571046
0.19239999353886	-0.023111634956822
0.19679999351501	-0.032140620691222
0.20119999349117	-0.041087838348332
0.20559999346733	-0.049938174240161
0.20999999344349	-0.058677490408386
0.21439999341965	-0.067290638221997
0.21879999339581	-0.075763958229614
0.22319999337196	-0.084083990108395
0.22759999334812	-0.092236161175619
0.23199999332428	-0.10020795202591
0.23639999330044	-0.10798584006317
0.24079999327660	-0.11555751938436
0.24519999325275	-0.12291181160676
0.24959999322891	-0.13003627194242
0.25400000810623	-0.13692035381260
0.25839999318123	-0.14355257895521
0.26280000805855	-0.14992508055519
0.26719999313354	-0.15602564841495
0.27160000801086	-0.16184842387288
0.27599999308586	-0.16738338018871
0.28040000796318	-0.17262390709125
0.28479999303818	-0.17756338381385
0.28920000791550	-0.18219628118410
0.29359999299049	-0.18651546702294
0.29800000786781	-0.19051879883309
0.30239999294281	-0.19420216445492
0.30680000782013	-0.19756154936669
0.31119999289513	-0.20059656391529
0.31560000777245	-0.20330382314373
0.31999999284744	-0.20568392392623
0.32440000772476	-0.20773921410294
0.32879999279976	-0.20946786351025
0.33320000767708	-0.21087370510916
0.33759999275208	-0.21195954019751
0.34200000762939	-0.21272890022258
0.34639999270439	-0.21318584711471
0.35080000758171	-0.21333670032847
0.35519999265671	-0.21318724251012
0.35960000753403	-0.21274480732892
0.36399999260902	-0.21201771702366
0.36840000748634	-0.21101398757397
0.37279999256134	-0.20974325658509
0.37720000743866	-0.20821547655720
0.38159999251366	-0.20644262041497
0.38600000739098	-0.20443472245838
0.39039999246597	-0.20220422002750
0.39480000734329	-0.19976621686817
0.39919999241829	-0.19713198576532
0.40360000729561	-0.19431612074577
0.40799999237061	-0.19133424498989
0.41240000724792	-0.18820246977054
0.41679999232292	-0.18493450391230
0.42120000720024	-0.18154845616051
0.42559999227524	-0.17806074177500
0.43000000715256	-0.17448893779474
0.43439999222755	-0.17085057037172
0.43880000710487	-0.16716348598236
0.44319999217987	-0.16344604135908
0.44760000705719	-0.15971896577565
0.45199999213219	-0.15599888175590
0.45640000700951	-0.15230690997995
0.46079999208450	-0.14866242217273
0.46520000696182	-0.14508444808616
0.46959999203682	-0.14159460658663
0.47400000691414	-0.13821145897119
0.47839999198914	-0.13495580504450
0.48280000686646	-0.13184905882027
0.48719999194145	-0.12891080735802
0.49160000681877	-0.12616174257386
0.49599999189377	-0.12362320861338
0.50040000677109	-0.12131468605703
0.50480002164841	-0.11925962236754
0.50919997692108	-0.11747519003462
0.51359999179840	-0.11598409507243
0.51800000667572	-0.11480691819456
0.52240002155304	-0.11396243595059
0.52679997682571	-0.11347420932232
0.53119999170303	-0.11335999824864
0.53560000658035	-0.11364076824808
0.54000002145767	-0.11433741438961
0.54439997673035	-0.11546839505060
0.54879999160767	-0.11705478935784
0.55320000648499	-0.11911587757059
0.55760002136230	-0.12167186545062
0.56199997663498	-0.12474195790127
0.56639999151230	-0.12834514991393
0.57080000638962	-0.13249958278299
0.57520002126694	-0.13722587129664
0.57959997653961	-0.14253997189868
0.58399999141693	-0.14846314349893
0.58840000629425	-0.15501287976114
0.59280002117157	-0.16220711632376
0.59719997644424	-0.17006305530805
0.60159999132156	-0.17859991585333
0.60600000619888	-0.18783433245029
0.61040002107620	-0.19778250386112
0.61479997634888	-0.20846465266393
0.61919999122620	-0.21989519854137
0.62360000610352	-0.23209145043693
0.62800002098083	-0.24507162809260
0.63239997625351	-0.25884961896548
0.63679999113083	-0.27344423014303
0.64120000600815	-0.28887008725035
0.64560002088547	-0.30514269656100
0.64999997615814	-0.32228034049418
0.65439999103546	-0.34029542152933
0.65880000591278	-0.35920594032570
0.66320002079010	-0.37902772163930
0.66759997606277	-0.39977418459748
0.67199999094009	-0.42146165809723
0.67640000581741	-0.44410443186563
0.68080002069473	-0.46771833661091
0.68519997596741	-0.49231767044234
0.68959999084473	-0.51791797167377
0.69400000572205	-0.54453301893751
0.69840002059937	-0.57217820931741
0.70279997587204	-0.60086749112988
0.70719999074936	-0.63061609288952
0.71160000562668	-0.66143783284679
0.71600002050400	-0.69334822456574
0.72039997577667	-0.72635981224185
0.72479999065399	-0.76048952463740
0.72920000553131	-0.79575010923309
0.73360002040863	-0.83215616654629
0.73799997568130	-0.86972205893809
0.74239999055862	-0.90846298074553
0.74680000543594	-0.94839329581600
0.75120002031326	-0.98952601241948
0.75559997558594	-1.0318767273052
0.75999999046326	-1.0754608629335
0.76440000534058	-1.1202922729955
0.76880002021790	-1.1663853190974
0.77319997549057	-1.2137559412576
0.77759999036789	-1.2624189535469
0.78200000524521	-1.3123878024565
0.78640002012253	-1.3636791567633
0.79079997539520	-1.4163076248155
0.79519999027252	-1.4702890749229
0.79960000514984	-1.5256387575334
0.80400002002716	-1.5823716418093
0.80839997529984	-1.6405049141225
0.81279999017715	-1.7000537499543
0.81720000505447	-1.7610338560379
0.82160001993179	-1.8234622163503
0.82599997520447	-1.8873558459673
0.83039999008179	-1.9527298612550
0.83480000495911	-2.0196031859602
0.83920001983643	-2.0879918269907
0.84359997510910	-2.1579113371269
0.84799998998642	-2.2293821433639
0.85240000486374	-2.3024203015657
0.85680001974106	-2.3770436559497
0.86119997501373	-2.4532721094338
0.86559998989105	-2.5311214792150
0.87000000476837	-2.6106119369576
0.87440001964569	-2.6917622144613
0.87879997491837	-2.7745908531576
0.88319998979568	-2.8591154384765
0.88760000467300	-2.9453581940466
0.89200001955032	-3.0333376973110
0.89639997482300	-3.1230722511611
0.90079998970032	-3.2145833358456
0.90520000457764	-3.3078905577847
0.90960001945496	-3.4030136002731
0.91399997472763	-3.4999722094709
0.91839998960495	-3.5987881257533
0.92280000448227	-3.6994795327205
0.92720001935959	-3.8020687158432
0.93159997463226	-3.9065746931293
0.93599998950958	-4.0130172763569
0.94040000438690	-4.1214173451588
0.94480001926422	-4.2317921208560
0.94919997453690	-4.3441632672421
0.95359998941422	-4.4585477418300
0.95800000429153	-4.5749647433289
0.96240001916885	-4.6934318599851
0.96679997444153	-4.8139642129228
0.97119998931885	-4.9365773007040
0.97560000419617	-5.0612885550042
0.98000001907349	-5.1881074007946
0.98439997434616	-5.3170483368860
0.98879998922348	-5.4481181951084
0.99320000410080	-5.5813278290344
0.99760001897812	-5.7166791999815
1.0019999742508	-5.8541777272399
1.0063999891281	-5.9938205352113
1.0108000040054	-6.1356029957803
1.0152000188828	-6.2795186775915
1.0196000337601	-6.4255530134976
1.0240000486374	-6.5736870416902
1.0283999443054	-6.7239000906546
1.0327999591827	-6.8761561672441
1.0371999740601	-7.0304209002722
1.0415999889374	-7.1866462741503
1.0460000038147	-7.3447767032182
1.0504000186920	-7.5047444911622
1.0548000335693	-7.6664726424571
1.0592000484467	-7.8298708122192
1.0635999441147	-7.9948321553961
1.0679999589920	-8.1612362301155
1.0723999738693	-8.3289423054260
1.0767999887466	-8.4977941891233
1.0812000036240	-8.6676138077375
1.0856000185013	-8.8381959786594
1.0900000333786	-9.0093136538141
1.0944000482559	-9.1807157328990
1.0987999439240	-9.3521152277627
1.1031999588013	-9.5231999594472
1.1075999736786	-9.6936231716979
1.1119999885559	-9.8630016956799
1.1164000034332	-10.030921019152
1.1208000183105	-10.196924121847
1.1252000331879	-10.360523606636
1.1296000480652	-10.521191013223
1.1339999437332	-10.678360542495
1.1383999586105	-10.831440751901
1.1427999734879	-10.979802378837
1.1471999883652	-11.122794217443
1.1516000032425	-11.259745176043
1.1560000181198	-11.389970237770
1.1604000329971	-11.512784883860
1.1648000478745	-11.627507837679
1.1691999435425	-11.733477856461
1.1735999584198	-11.830063561948
1.1779999732971	-11.916677899636
1.1823999881744	-11.992791705537
1.1868000030518	-12.057941417785
1.1912000179291	-12.111746911819
1.1956000328064	-12.153917759063
1.2000000476837	-12.184264300776
1.2043999433517	-12.202697765382
1.2087999582291	-12.209235604412
1.2131999731064	-12.204003159631
1.2175999879837	-12.187227250578
1.2220000028610	-12.159227770346
1.2264000177383	-12.120416811649
1.2308000326157	-12.071275729147
1.2352000474930	-12.012356072684
1.2395999431610	-11.944258323156
1.2439999580383	-11.867622499052
1.2483999729156	-11.783111527900
1.2527999877930	-11.691405482251
1.2572000026703	-11.593186694956
1.2616000175476	-11.489125577710
1.2660000324249	-11.379883944205
1.2704000473022	-11.266098925492
1.2747999429703	-11.148375942336
1.2791999578476	-11.027297242008
1.2835999727249	-10.903404488688
1.2879999876022	-10.777202302403
1.2924000024796	-10.649164042427
1.2968000173569	-10.519721770326
1.3012000322342	-10.389271353408
1.3056000471115	-10.258178595139
1.3099999427795	-10.126765634176
1.3143999576569	-9.9953321815294
1.3187999725342	-9.8641418625617
1.3231999874115	-9.7334331772138
1.3276000022888	-9.6034162578349
1.3320000171661	-9.4742775364328
1.3364000320435	-9.3461817624166
1.3408000469208	-9.2192740377525
1.3451999425888	-9.0936784507918
1.3495999574661	-8.9695039303826
1.3539999723434	-8.8468449210201
1.3583999872208	-8.7257782085162
1.3628000020981	-8.6063729282567
1.3672000169754	-8.4886844042199
1.3716000318527	-8.3727560691987
1.3760000467300	-8.2586269764991
1.3803999423981	-8.1463254271630
1.3847999572754	-8.0358719716616
1.3891999721527	-7.9272811867722
1.3935999870300	-7.8205635018574
1.3980000019073	-7.7157241395007
1.4024000167847	-7.6127601333496
1.4068000316620	-7.5116702959198
1.4112000465393	-7.4124442331542
1.4155999422073	-7.3150726410788
1.4199999570847	-7.2195436298283
1.4243999719620	-7.1258399897075
1.4287999868393	-7.0339426997889
1.4332000017166	-6.9438357955529
1.4376000165939	-6.8554943159336
1.4420000314713	-6.7689004388518
1.4464000463486	-6.6840278837310
1.4507999420166	-6.6008515345992
1.4551999568939	-6.5193466961759
1.4595999717712	-6.4394909582931
1.4639999866486	-6.3612532997510
1.4684000015259	-6.2846085735509
1.4728000164032	-6.2095306473832
1.4772000312805	-6.1359895310283
1.4816000461578	-6.0639599130492
1.4859999418259	-5.9934130353217
1.4903999567032	-5.9243212432486
1.4947999715805	-5.8566569977054
1.4991999864578	-5.7903903453364
1.5036000013351	-5.7254959808161
1.5080000162125	-5.6619456747090
1.5124000310898	-5.5997104171984
1.5168000459671	-5.5387638439830
1.5211999416351	-5.4790788898679
1.5255999565125	-5.4206276739808
1.5299999713898	-5.3633837891663
1.5343999862671	-5.3073206982487
1.5388000011444	-5.2524111258572
1.5432000160217	-5.1986306268284
1.5476000308990	-5.1459520265852
1.5520000457764	-5.0943494781420
1.5563999414444	-5.0437997075194
1.5607999563217	-4.9942752534272
1.5651999711990	-4.9457528417039
1.5695999860764	-4.8982078103534
1.5740000009537	-4.8516157957003
1.5784000158310	-4.8059539187499
1.5828000307083	-4.7611970217327
1.5872000455856	-4.7173237129544
1.5915999412537	-4.6743107006393
1.5959999561310	-4.6321348029350
1.6003999710083	-4.5907750947297
1.6047999858856	-4.5502096053598
1.6092000007629	-4.5104163765627
1.6136000156403	-4.4713742193874
1.6180000305176	-4.4330616542327
1.6224000453949	-4.3954599186785
1.6267999410629	-4.3585483198740
1.6311999559402	-4.3223069180990
1.6355999708176	-4.2867162775111
1.6399999856949	-4.2517582993222
1.6444000005722	-4.2174127707762
1.6488000154495	-4.1836629043098
1.6532000303268	-4.1504901255860
1.6576000452042	-4.1178758309264
1.6619999408722	-4.0858045228531
1.6663999557495	-4.0542589396850
1.6707999706268	-4.0232212013797
1.6751999855042	-3.9926775102042
1.6796000003815	-3.9626098425600
1.6840000152588	-3.9330061134186
1.6884000301361	-3.9038468649916
1.6928000450134	-3.8751203121663
1.6971999406815	-3.8468112970406
1.7015999555588	-3.8189057601726
1.7059999704361	-3.7913918175607
1.7103999853134	-3.7642538457586
1.7148000001907	-3.7374828840122
1.7192000150681	-3.7110622797755
1.7236000299454	-3.6849825948603
1.7280000448227	-3.6592297429746
1.7323999404907	-3.6337964973259
1.7367999553680	-3.6086682968554
1.7411999702454	-3.5838359749455
1.7455999851227	-3.5592913990203
1.7500000000000	-3.5350230006545
1.7544000148773	-3.5110183987116
1.7588000297546	-3.4872744778800
1.7632000446320	-3.4637780825941
1.7676000595093	-3.4405228794312
1.7719999551773	-3.4175012435151
1.7763999700546	-3.3947039663445
1.7807999849319	-3.3721267385911
1.7851999998093	-3.3497587907868
1.7896000146866	-3.3275967281789
1.7940000295639	-3.3056316471478
1.7984000444412	-3.2838606281666
1.8028000593185	-3.2622765235180
1.8071999549866	-3.2408750587194
1.8115999698639	-3.2196491081320
1.8159999847412	-3.1985966511214
1.8203999996185	-3.1777136188113
1.8248000144958	-3.1569930175414
1.8292000293732	-3.1364343116605
1.8336000442505	-3.1160316450237
1.8380000591278	-3.0957841148194
1.8423999547958	-3.0756863176802
1.8467999696732	-3.0557391430891
1.8511999845505	-3.0359365053702
1.8555999994278	-3.0162796921480
1.8600000143051	-2.9967647540330
1.8644000291824	-2.9773900292204
1.8688000440598	-2.9581556690416
1.8732000589371	-2.9390577700464
1.8775999546051	-2.9200967706791
1.8819999694824	-2.9012738941715
1.8863999843597	-2.8825855618823
1.8907999992371	-2.8640329541748
1.8952000141144	-2.8456146013260
1.8996000289917	-2.8273313674102
1.9040000438690	-2.8091831909533
1.9084000587463	-2.7911700295249
1.9127999544144	-2.7732919348785
1.9171999692917	-2.7555489949976
1.9215999841690	-2.7379432183281
1.9259999990463	-2.7204734895068
1.9304000139236	-2.7031412774412
1.9348000288010	-2.6859470869115
1.9392000436783	-2.6688914131189
1.9436000585556	-2.6519766408925
1.9479999542236	-2.6352029924990
1.9523999691010	-2.6185718858544
1.9567999839783	-2.6020828301230
1.9611999988556	-2.5857377555046
1.9656000137329	-2.5695389414105
1.9700000286102	-2.5534862381924
1.9744000434875	-2.5375819217294
1.9788000583649	-2.5218254977870
1.9831999540329	-2.5062194378625
1.9875999689102	-2.4907639416108
1.9919999837875	-2.4754616698191
1.9963999986649	-2.4603135188521
2.0007998943329	-2.4453199739631
2.0051999092102	-2.4304799060427
2.0095999240875	-2.4157987735679
2.0139999389648	-2.4012738689999
2.0183999538422	-2.3869079864056
2.0227999687195	-2.3727021779969
2.0271999835968	-2.3586563584117
2.0315999984741	-2.3447708468227
2.0360000133514	-2.3310476987173
2.0404000282288	-2.3174866072888
2.0448000431061	-2.3040884426524
2.0492000579834	-2.2908535657201
2.0536000728607	-2.2777836149801
2.0580000877380	-2.2648757330925
2.0624001026154	-2.2521342536431
2.0668001174927	-2.2395556612663
2.0711998939514	-2.2271411496055
2.0755999088287	-2.2148919532958
2.0799999237061	-2.2028073468983
2.0843999385834	-2.1908853174132
2.0887999534607	-2.1791272518342
2.0931999683380	-2.1675332210251
2.0975999832153	-2.1561014084297
2.1019999980927	-2.1448319948253
2.1064000129700	-2.1337232775812
2.1108000278473	-2.1227761853627
2.1152000427246	-2.1119878124636
2.1196000576019	-2.1013578538304
2.1240000724792	-2.0908861659338
2.1284000873566	-2.0805698940420
2.1328001022339	-2.0704090116401
2.1372001171112	-2.0604022535896
2.1415998935699	-2.0505467329585
2.1459999084473	-2.0408421287001
2.1503999233246	-2.0312870368313
2.1547999382019	-2.0218779030733
2.1591999530792	-2.0126147146851
2.1635999679565	-2.0034950926688
2.1679999828339	-1.9945181565261
2.1723999977112	-1.9856782485148
2.1768000125885	-1.9769776958710
2.1812000274658	-1.9684110821312
2.1856000423431	-1.9599775754681
2.1900000572205	-1.9516744356028
2.1944000720978	-1.9434991099953
2.1988000869751	-1.9354522176022
2.2032001018524	-1.9275265419527
2.2076001167297	-1.9197209818665
2.2119998931885	-1.9120342685606
2.2163999080658	-1.9044634993803
2.2207999229431	-1.8970048904705
2.2251999378204	-1.8896574832052
2.2295999526978	-1.8824175698129
2.2339999675751	-1.8752814417003
2.2383999824524	-1.8682473777543
2.2427999973297	-1.8613134293497
2.2472000122070	-1.8544761246986
2.2516000270844	-1.8477321429544
2.2560000419617	-1.8410790709620
2.2604000568390	-1.8345145925361
2.2648000717163	-1.8280345596258
2.2692000865936	-1.8216378230590
2.2736001014709	-1.8153205702741
2.2780001163483	-1.8090808723571
2.2823998928070	-1.8029150207141
2.2867999076843	-1.7968217802284
2.2911999225616	-1.7907964282970
2.2955999374390	-1.7848380545561
2.2999999523163	-1.7789434732096
2.3043999671936	-1.7731099533486
2.3087999820709	-1.7673358301029
2.3131999969482	-1.7616183218851
2.3176000118256	-1.7559542823709
2.3220000267029	-1.7503420421755
2.3264000415802	-1.7447793978200
2.3308000564575	-1.7392641283272
2.3352000713348	-1.7337945421716
2.3396000862122	-1.7283667344041
2.3440001010895	-1.7229813572942
2.3484001159668	-1.7176338368329
2.3527998924255	-1.7123239768962
2.3571999073029	-1.7070501247784
2.3615999221802	-1.7018107694572
2.3659999370575	-1.6966025824381
2.3703999519348	-1.6914267465359
2.3747999668121	-1.6862787539162
2.3791999816895	-1.6811604235688
2.3835999965668	-1.6760690022687
2.3880000114441	-1.6710033432561
2.3924000263214	-1.6659622141465
2.3968000411987	-1.6609459270596
2.4012000560760	-1.6559510201126
2.4056000709534	-1.6509803837201
2.4100000858307	-1.6460299958248
2.4144001007080	-1.6411022981861
2.4188001155853	-1.6361951649572
2.4231998920441	-1.6313081531721
2.4275999069214	-1.6264419280597
2.4319999217987	-1.6215955426257
2.4363999366760	-1.6167695750958
2.4407999515533	-1.6119635070327
2.4451999664307	-1.6071773348078
2.4495999813080	-1.6024130379558
2.4539999961853	-1.5976686756569
2.4584000110626	-1.5929456799330
2.4628000259399	-1.5882455298779
2.4672000408173	-1.5835673377484
2.4716000556946	-1.5789132243481
2.4760000705719	-1.5742826854012
2.4804000854492	-1.5696759802057
2.4848001003265	-1.5650958320107
2.4892001152039	-1.5605424359109
2.4935998916626	-1.5560169867604
2.4979999065399	-1.5515209793771
2.5023999214172	-1.5470547598293
2.5067999362946	-1.5426200123525
2.5111999511719	-1.5382193344301
2.5155999660492	-1.5338511190174
2.5199999809265	-1.5295196412997
2.5243999958038	-1.5252251138661
2.5288000106812	-1.5209699809756
2.5332000255585	-1.5167549023143
2.5376000404358	-1.5125819465693
2.5420000553131	-1.5084526997447
2.5464000701904	-1.5043687365207
2.5508000850677	-1.5003324689652
2.5552000999451	-1.4963450889553
2.5596001148224	-1.4924086172555
2.5639998912811	-1.4885236755901
2.5683999061584	-1.4846940703179
2.5727999210358	-1.4809202932961
2.5771999359131	-1.4772043524054
2.5815999507904	-1.4735500094422
2.5859999656677	-1.4699554622740
2.5903999805450	-1.4664263329709
2.5947999954224	-1.4629617498024
2.5992000102997	-1.4595643183146
2.6036000251770	-1.4562370990876
2.6080000400543	-1.4529798889051
2.6124000549316	-1.4497960456692
2.6168000698090	-1.4466863483019
2.6212000846863	-1.4436541936109
2.6256000995636	-1.4406986667356
2.6300001144409	-1.4378241023888
2.6343998908997	-1.4350311733216
2.6387999057770	-1.4323209519881
2.6431999206543	-1.4296954238888
2.6475999355316	-1.4271569215178
2.6519999504089	-1.4247049938888
2.6563999652863	-1.4223441588011
2.6607999801636	-1.4200742960302
2.6651999950409	-1.4178952882009
2.6696000099182	-1.4158105106897
2.6740000247955	-1.4138204157119
2.6784000396729	-1.4119265902535
2.6828000545502	-1.4101312414876
2.6872000694275	-1.4084331204490
2.6916000843048	-1.4068354706759
2.6960000991821	-1.4053379578316
2.7004001140594	-1.4039439053696
2.7047998905182	-1.4026509306777
2.7091999053955	-1.4014618050887
2.7135999202728	-1.4003775372991
2.7179999351501	-1.3993991039859
2.7223999500275	-1.3985255605949
2.7267999649048	-1.3977590980943
2.7311999797821	-1.3971001315749
2.7355999946594	-1.3965488063763
2.7400000095367	-1.3961053602149
2.7444000244141	-1.3957722820139
2.7488000392914	-1.3955472102758
2.7532000541687	-1.3954322950763
2.7576000690460	-1.3954271515252
2.7620000839233	-1.3955322083814
2.7664000988007	-1.3957485020543
2.7708001136780	-1.3960740363772
2.7751998901367	-1.3965112281482
2.7795999050140	-1.3970592290988
2.7839999198914	-1.3977188426456
2.7883999347687	-1.3984884246243
2.7927999496460	-1.3993692907661
2.7971999645233	-1.4003609005128
2.8015999794006	-1.4014638666275
2.8059999942780	-1.4026766286826
2.8104000091553	-1.4040006322399
2.8148000240326	-1.4054353080348
2.8192000389099	-1.4069789906862
2.8236000537872	-1.4086343137812
2.8280000686646	-1.4103982765238
2.8324000835419	-1.4122725336616
2.8368000984192	-1.4142552752380
2.8412001132965	-1.4163479207814
2.8455998897552	-1.4185486609135
2.8499999046326	-1.4208585060238
2.8543999195099	-1.4232765678164
2.8587999343872	-1.4258029812299
2.8631999492645	-1.4284370515988
2.8675999641418	-1.4311792660783
2.8719999790192	-1.4340277574989
2.8763999938965	-1.4369840317785
2.8808000087738	-1.4400471916472
2.8852000236511	-1.4432165518563
2.8896000385284	-1.4464935879794
2.8940000534058	-1.4498772953598
2.8984000682831	-1.4533663458561
2.9028000831604	-1.4569627797286
2.9072000980377	-1.4606648292815
2.9116001129150	-1.4644738350430
2.9159998893738	-1.4683892527974
2.9203999042511	-1.4724109072750
2.9247999191284	-1.4765396877323
2.9291999340057	-1.4807756916104
2.9335999488831	-1.4851179064678
2.9379999637604	-1.4895676379947
2.9423999786377	-1.4941241890481
2.9467999935150	-1.4987909790797
2.9512000083923	-1.5035653152329
2.9556000232697	-1.5084491615090
2.9600000381470	-1.5134410630044
2.9644000530243	-1.5185449041791
2.9688000679016	-1.5237589614999
2.9732000827789	-1.5290839841705
2.9776000976562	-1.5345221498701
2.9820001125336	-1.5400729841346
2.9863998889923	-1.5457383258444
2.9907999038696	-1.5515193596871
2.9951999187469	-1.5574178807490
2.9995999336243	-1.5634314798754
3.0039999485016	-1.5695634409156
3.0083999633789	-1.5758159659302
3.0127999782562	-1.5821902217011
3.0171999931335	-1.5886864781860
3.0216000080109	-1.5953076747535
3.0260000228882	-1.6020529087381
3.0304000377655	-1.6089243212790
3.0348000526428	-1.6159261532840
3.0392000675201	-1.6230562890341
3.0436000823975	-1.6303185062153
3.0480000972748	-1.6377150777699
3.0524001121521	-1.6452475176456
3.0567998886108	-1.6529148368451
3.0611999034882	-1.6607231835504
3.0655999183655	-1.6686712396607
3.0699999332428	-1.6767630940551
3.0743999481201	-1.6849984018181
3.0787999629974	-1.6933821654530
3.0831999778748	-1.7019150794962
3.0875999927521	-1.7105985592963
3.0920000076294	-1.7194329953433
3.0964000225067	-1.7284260346972
3.1008000373840	-1.7375730644391
3.1052000522614	-1.7468816905907
3.1096000671387	-1.7563492280238
3.1140000820160	-1.7659820293970
3.1184000968933	-1.7757806673425
3.1228001117706	-1.7857454626646
3.1271998882294	-1.7958806231776
3.1315999031067	-1.8061877217117
3.1359999179840	-1.8166671944282
3.1403999328613	-1.8273228825522
3.1447999477386	-1.8381572949167
3.1491999626160	-1.8491689486535
3.1535999774933	-1.8603615664544
3.1579999923706	-1.8717368318031
3.1624000072479	-1.8832980932185
3.1668000221252	-1.8950434053900
3.1712000370026	-1.9069774625880
3.1756000518799	-1.9190993954157
3.1800000667572	-1.9314116592794
3.1844000816345	-1.9439137036308
3.1888000965118	-1.9566095099288
3.1932001113892	-1.9694974989629
3.1975998878479	-1.9825799908676
3.2019999027252	-1.9958588052040
3.2063999176025	-2.0093306404957
3.2107999324799	-2.0229998826182
3.2151999473572	-2.0368640365146
3.2195999622345	-2.0509240618528
3.2239999771118	-2.0651806960256
3.2283999919891	-2.0796327502910
3.2328000068665	-2.0942816453990
3.2372000217438	-2.1091228307911
3.2416000366211	-2.1241587429571
3.2460000514984	-2.1393881890297
3.2504000663757	-2.1548084122922
3.2548000812531	-2.1704175963808
3.2592000961304	-2.1862175362810
3.2636001110077	-2.2022035108416
3.2679998874664	-2.2183723992420
3.2723999023438	-2.2347231691800
3.2767999172211	-2.2512553871123
3.2811999320984	-2.2679630360418
3.2855999469757	-2.2848419598215
3.2899999618530	-2.3018924867540
3.2943999767303	-2.3191094713757
3.2987999916077	-2.3364860546015
3.3032000064850	-2.3540226226274
3.3076000213623	-2.3717112320822
3.3120000362396	-2.3895490994963
3.3164000511169	-2.4075284778867
3.3208000659943	-2.4256445609455
3.3252000808716	-2.4438935272078
3.3296000957489	-2.4622683797113
3.3340001106262	-2.4807610589906
3.3383998870850	-2.4993665629950
3.3427999019623	-2.5180774762718
3.3471999168396	-2.5368852320499
3.3515999317169	-2.5557836501307
3.3559999465942	-2.5747642362578
3.3603999614716	-2.5938173305904
3.3647999763489	-2.6129334608093
3.3691999912262	-2.6321080644098
3.3736000061035	-2.6513271647651
3.3780000209808	-2.6705818014614
3.3824000358582	-2.6898651676436
3.3868000507355	-2.7091631351375
3.3912000656128	-2.7284668464645
3.3956000804901	-2.7477628491281
3.4000000953674	-2.7670450705758
3.4044001102448	-2.7862984875691
3.4087998867035	-2.8055102296142
3.4131999015808	-2.8246684850795
3.4175999164581	-2.8437650075137
3.4219999313354	-2.8627816650471
3.4263999462128	-2.8817088047950
3.4307999610901	-2.9005328813007
3.4351999759674	-2.9192399226853
3.4395999908447	-2.9378168200553
3.4440000057220	-2.9562497759966
3.4484000205994	-2.9745253107377
3.4528000354767	-2.9926265447773
3.4572000503540	-3.0105452772236
3.4616000652313	-3.0282616143444
3.4660000801086	-3.0457632696702
3.4704000949860	-3.0630345601166
3.4748001098633	-3.0800643807841
3.4791998863220	-3.0968364027258
3.4835999011993	-3.1133331665322
3.4879999160767	-3.1295465797674
3.4923999309540	-3.1454555558108
3.4967999458313	-3.1610506565987
3.5011999607086	-3.1763152629753
3.5055999755859	-3.1912373368785
3.5099999904633	-3.2057996265839
3.5144000053406	-3.2199900612477
3.5188000202179	-3.2337965175095
3.5232000350952	-3.2472060644738
3.5276000499725	-3.2602027321473
3.5320000648499	-3.2727749166765
3.5364000797272	-3.2849138948115
3.5408000946045	-3.2966013198478
3.5452001094818	-3.3078313222341
3.5495998859406	-3.3185920776642
3.5539999008179	-3.3288695460201
3.5583999156952	-3.3386570119420
3.5627999305725	-3.3479442236079
3.5671999454498	-3.3567213506880
3.5715999603271	-3.3649797559423
3.5759999752045	-3.3727108019457
3.5803999900818	-3.3799100070589
3.5848000049591	-3.3865700771712
3.5892000198364	-3.3926819199035
3.5936000347137	-3.3982445929571
3.5980000495911	-3.4032502573055
3.6024000644684	-3.4076950180760
3.6068000793457	-3.4115779296920
3.6112000942230	-3.4148964750054
3.6156001091003	-3.4176462537407
3.6199998855591	-3.4198282826029
3.6243999004364	-3.4214399837868
3.6287999153137	-3.4224863948506
3.6331999301910	-3.4229630434300
3.6375999450684	-3.4228765739252
3.6419999599457	-3.4222291646899
3.6463999748230	-3.4210220952686
3.6507999897003	-3.4192614262348
3.6552000045776	-3.4169503627430
3.6596000194550	-3.4140949616619
3.6640000343323	-3.4107035314246
3.6684000492096	-3.4067796571438
3.6728000640869	-3.4023361035871
3.6772000789642	-3.3973753922192
3.6816000938416	-3.3919117512733
3.6860001087189	-3.3859494407936
3.6903998851776	-3.3795035830012
3.6947999000549	-3.3725817606946
3.6991999149323	-3.3651958794064
3.7035999298096	-3.3573572328478
3.7079999446869	-3.3490803790588
3.7123999595642	-3.3403748841493
3.7167999744415	-3.3312546982006
3.7211999893188	-3.3217335987562
3.7256000041962	-3.3118256855052
3.7300000190735	-3.3015463972964
3.7344000339508	-3.2909063979522
3.7388000488281	-3.2799209659671
3.7432000637054	-3.2686085087211
3.7476000785828	-3.2569801957027
3.7520000934601	-3.2450531708924
3.7564001083374	-3.2328417339211
3.7607998847961	-3.2203616512926
3.7651998996735	-3.2076289145291
3.7695999145508	-3.1946580706169
3.7739999294281	-3.1814651220822
3.7783999443054	-3.1680658327731
3.7827999591827	-3.1544749384511
3.7871999740601	-3.1407080987216
3.7915999889374	-3.1267793280273
3.7960000038147	-3.1127063466703
3.8004000186920	-3.0985011344597
3.8048000335693	-3.0841820585128
3.8092000484467	-3.0697591908316
3.8136000633240	-3.0552495328355
3.8180000782013	-3.0406666462515
3.8224000930786	-3.0260243839199
3.8268001079559	-3.0113363281416
3.8311998844147	-2.9966141698915
3.8355998992920	-2.9818735904423
3.8399999141693	-2.9671243768888
3.8443999290466	-2.9523806248608
3.8487999439240	-2.9376519681763
3.8531999588013	-2.9229524772339
3.8575999736786	-2.9082913344620
3.8619999885559	-2.8936794197638
3.8664000034332	-2.8791272356327
3.8708000183105	-2.8646450912279
3.8752000331879	-2.8502406989575
3.8796000480652	-2.8359243186320
3.8840000629425	-2.8217035741960
3.8884000778198	-2.8075871504375
3.8928000926971	-2.7935822562510
3.8972001075745	-2.7796972709214
3.9015998840332	-2.7659361915220
3.9059998989105	-2.7523054306707
3.9103999137878	-2.7388136166084
3.9147999286652	-2.7254636268206
3.9191999435425	-2.7122607527056
3.9235999584198	-2.6992092546863
3.9279999732971	-2.6863137825849
3.9323999881744	-2.6735762896687
3.9368000030518	-2.6609992918184
3.9412000179291	-2.6485870835127
3.9456000328064	-2.6363400412672
3.9500000476837	-2.6242606950915
3.9544000625610	-2.6123506225280
3.9588000774384	-2.6006088700454
3.9632000923157	-2.5890373075349
3.9676001071930	-2.5776344494158
3.9719998836517	-2.5664005989862
3.9763998985291	-2.5553341956480
3.9807999134064	-2.5444330215966
3.9851999282837	-2.5336971170104
3.9895999431610	-2.5231231717290
3.9939999580383	-2.5127086237578
3.9983999729156	-2.5024508194954
4.0027999877930	-2.4923452732689
4.0071997642517	-2.4823912808759
4.0116000175476	-2.4725820974465
4.0159997940063	-2.4629137802353
4.0204000473022	-2.4533830417697
4.0247998237610	-2.4439844110621
4.0292000770569	-2.4347129393869
4.0335998535156	-2.4255618814924
4.0380001068115	-2.4165269988864
4.0423998832703	-2.4076027134503
4.0468001365662	-2.3987826547200
4.0511999130249	-2.3900602860992
4.0556001663208	-2.3814288470775
4.0599999427795	-2.3728827250838
4.0644001960754	-2.3644131133716
4.0687999725342	-2.3560165527647
4.0732002258301	-2.3476830453340
4.0776000022888	-2.3394063420448
4.0819997787476	-2.3311795630631
4.0864000320435	-2.3229971844347
4.0907998085022	-2.3148488023551
4.0952000617981	-2.3067286010407
4.0995998382568	-2.2986310062483
4.1040000915527	-2.2905462565939
4.1083998680115	-2.2824695762035
4.1128001213074	-2.2743910033752
4.1171998977661	-2.2663068295868
4.1216001510620	-2.2582084709753
4.1259999275208	-2.2500880624336
4.1304001808167	-2.2419405053587
4.1347999572754	-2.2337602014066
4.1392002105713	-2.2255391912166
4.1435999870300	-2.2172722408257
4.1479997634888	-2.2089536479199
4.1524000167847	-2.2005767878090
4.1567997932434	-2.1921379914771
4.1612000465393	-2.1836289541438
4.1655998229980	-2.1750492117491
4.1700000762939	-2.1663926790857
4.1743998527527	-2.1576537324403
4.1788001060486	-2.1488309394718
4.1831998825073	-2.1399194595133
4.1876001358032	-2.1309152655951
4.1919999122620	-2.1218166072434
4.1964001655579	-2.1126218677728
4.2007999420166	-2.1033279978986
4.2052001953125	-2.0939338129821
4.2095999717712	-2.0844367549659
4.2140002250671	-2.0748383395674
4.2184000015259	-2.0651392490353
4.2227997779846	-2.0553357627046
4.2272000312805	-2.0454292940959
4.2315998077393	-2.0354221908651
4.2360000610352	-2.0253158225884
4.2403998374939	-2.0151129710280
4.2448000907898	-2.0048113479843
4.2491998672485	-1.9944188331821
4.2536001205444	-1.9839341444324
4.2579998970032	-1.9733645500565
4.2624001502991	-1.9627104661299
4.2667999267578	-1.9519796519704
4.2712001800537	-1.9411730241393
4.2755999565125	-1.9302987692329
4.2800002098083	-1.9193615879950
4.2843999862671	-1.9083664576692
4.2887997627258	-1.8973203551149
4.2932000160217	-1.8862282119373
4.2975997924805	-1.8750981657852
4.3020000457764	-1.8639371613731
4.3063998222351	-1.8527530225098
4.3108000755310	-1.8415525311639
4.3151998519897	-1.8303446730249
4.3196001052856	-1.8191355791092
4.3239998817444	-1.8079360768303
4.3284001350403	-1.7967534207999
4.3327999114990	-1.7855983779416
4.3372001647949	-1.7744762792394
4.3415999412537	-1.7633992862117
4.3460001945496	-1.7523757304474
4.3503999710083	-1.7414149997205
4.3548002243042	-1.7305253620043
4.3592000007629	-1.7197178388012
4.3635997772217	-1.7090032531791
4.3680000305176	-1.6983873770208
4.3723998069763	-1.6878837986213
4.3768000602722	-1.6774990772240
4.3811998367310	-1.6672423348741
4.3856000900269	-1.6571271567885
4.3899998664856	-1.6471582758807
4.3944001197815	-1.6373473137212
4.3987998962402	-1.6277041226611
4.4032001495361	-1.6182374480725
4.4075999259949	-1.6089523204716
4.4120001792908	-1.5998622259889
4.4163999557495	-1.5909733660784
4.4208002090454	-1.5822952149232
4.4251999855042	-1.5738341972834
4.4295997619629	-1.5655999515321
4.4340000152588	-1.5575974382109
4.4383997917175	-1.5498349310148
4.4428000450134	-1.5423195395466
4.4471998214722	-1.5350577088972
4.4516000747681	-1.5280551676692
4.4559998512268	-1.5213182173508
4.4604001045227	-1.5148518631182
4.4647998809814	-1.5086598586462
4.4692001342773	-1.5027501935384
4.4735999107361	-1.4971226740496
4.4780001640320	-1.4917836599295
4.4823999404907	-1.4867371455134
4.4868001937866	-1.4819837518544
4.4911999702454	-1.4775251892832
4.4956002235413	-1.4733661088680
4.5000000000000	-1.4695059628848
