#Parameters = {d=200; L=50}
#"Frequency / GHz"	"S1,1 [Re]"	"S1,1 [Im]"	"Ref.Imp. [Re]"	"Ref.Imp. [Im]"
#-------------------------------------------------------------------------
0.0000000000000	1.0000000000000	-0.0000000000000	73.000000000000	0.0000000000000
0.0040000001899898	0.99996054172516	-0.0088110128417611	73.000000000000	0.0000000000000
0.0080000003799796	0.99984240531921	-0.017621245235205	73.000000000000	0.0000000000000
0.012000000104308	0.99964547157288	-0.026429908350110	73.000000000000	0.0000000000000
0.016000000759959	0.99936991930008	-0.035236235707998	73.000000000000	0.0000000000000
0.019999999552965	0.99901556968689	-0.044039428234100	73.000000000000	0.0000000000000
0.024000000208616	0.99858260154724	-0.052838716655970	73.000000000000	0.0000000000000
0.028000000864267	0.99807113409042	-0.061633326113224	73.000000000000	0.0000000000000
0.032000001519918	0.99748092889786	-0.070422455668449	73.000000000000	0.0000000000000
0.035999998450279	0.99681240320206	-0.079205371439457	73.000000000000	0.0000000000000
0.039999999105930	0.99606543779373	-0.087981253862381	73.000000000000	0.0000000000000
0.043999999761581	0.99524009227753	-0.096749335527420	73.000000000000	0.0000000000000
0.048000000417233	0.99433654546738	-0.10550887137651	73.000000000000	0.0000000000000
0.052000001072884	0.99335479736328	-0.11425905674696	73.000000000000	0.0000000000000
0.056000001728535	0.99229520559311	-0.12299916893244	73.000000000000	0.0000000000000
0.059999998658895	0.99115765094757	-0.13172838091850	73.000000000000	0.0000000000000
0.064000003039837	0.98994243144989	-0.14044600725174	73.000000000000	0.0000000000000
0.068000003695488	0.98864930868149	-0.14915120601654	73.000000000000	0.0000000000000
0.071999996900558	0.98727893829346	-0.15784330666065	73.000000000000	0.0000000000000
0.075999997556210	0.98583126068115	-0.16652145981789	73.000000000000	0.0000000000000
0.079999998211861	0.98430639505386	-0.17518498003483	73.000000000000	0.0000000000000
0.083999998867512	0.98270440101624	-0.18383309245110	73.000000000000	0.0000000000000
0.087999999523163	0.98102563619614	-0.19246506690979	73.000000000000	0.0000000000000
0.092000000178814	0.97927039861679	-0.20108017325401	73.000000000000	0.0000000000000
0.096000000834465	0.97743850946426	-0.20967762172222	73.000000000000	0.0000000000000
0.10000000149012	0.97553056478500	-0.21825674176216	73.000000000000	0.0000000000000
0.10400000214577	0.97354650497437	-0.22681675851345	73.000000000000	0.0000000000000
0.10800000280142	0.97148662805557	-0.23535698652267	73.000000000000	0.0000000000000
0.11200000345707	0.96935117244720	-0.24387665092945	73.000000000000	0.0000000000000
0.11599999666214	0.96714025735855	-0.25237506628036	73.000000000000	0.0000000000000
0.11999999731779	0.96485430002213	-0.26085147261620	73.000000000000	0.0000000000000
0.12399999797344	0.96249330043793	-0.26930528879166	73.000000000000	0.0000000000000
0.12800000607967	0.96005767583847	-0.27773565053940	73.000000000000	0.0000000000000
0.13199999928474	0.95754778385162	-0.28614199161530	73.000000000000	0.0000000000000
0.13600000739098	0.95496374368668	-0.29452347755432	73.000000000000	0.0000000000000
0.14000000059605	0.95230573415756	-0.30287957191467	73.000000000000	0.0000000000000
0.14399999380112	0.94957417249680	-0.31120947003365	73.000000000000	0.0000000000000
0.14800000190735	0.94676929712296	-0.31951251626015	73.000000000000	0.0000000000000
0.15199999511242	0.94389128684998	-0.32778805494308	73.000000000000	0.0000000000000
0.15600000321865	0.94094055891037	-0.33603546023369	73.000000000000	0.0000000000000
0.15999999642372	0.93791735172272	-0.34425395727158	73.000000000000	0.0000000000000
0.16400000452995	0.93482214212418	-0.35244295001030	73.000000000000	0.0000000000000
0.16799999773502	0.93165493011475	-0.36060178279877	73.000000000000	0.0000000000000
0.17200000584126	0.92841607332230	-0.36872974038124	73.000000000000	0.0000000000000
0.17599999904633	0.92510610818863	-0.37682625651360	73.000000000000	0.0000000000000
0.18000000715256	0.92172515392303	-0.38489061594009	73.000000000000	0.0000000000000
0.18400000035763	0.91827356815338	-0.39292225241661	73.000000000000	0.0000000000000
0.18799999356270	0.91475170850754	-0.40092045068741	73.000000000000	0.0000000000000
0.19200000166893	0.91115993261337	-0.40888467431068	73.000000000000	0.0000000000000
0.19599999487400	0.90749835968018	-0.41681417822838	73.000000000000	0.0000000000000
0.20000000298023	0.90376758575439	-0.42470848560333	73.000000000000	0.0000000000000
0.20399999618530	0.89996790885925	-0.43256688117981	73.000000000000	0.0000000000000
0.20800000429153	0.89609950780869	-0.44038873910904	73.000000000000	0.0000000000000
0.21199999749660	0.89216274023056	-0.44817349314690	73.000000000000	0.0000000000000
0.21600000560284	0.88815826177597	-0.45592060685158	73.000000000000	0.0000000000000
0.21999999880791	0.88408607244492	-0.46362933516502	73.000000000000	0.0000000000000
0.22400000691414	0.87994664907455	-0.47129917144775	73.000000000000	0.0000000000000
0.22800000011921	0.87574028968811	-0.47892957925797	73.000000000000	0.0000000000000
0.23199999332428	0.87146753072739	-0.48651975393295	73.000000000000	0.0000000000000
0.23600000143051	0.86712855100632	-0.49406939744949	73.000000000000	0.0000000000000
0.23999999463558	0.86272370815277	-0.50157773494720	73.000000000000	0.0000000000000
0.24400000274181	0.85825335979462	-0.50904428958893	73.000000000000	0.0000000000000
0.24799999594688	0.85371804237366	-0.51646840572357	73.000000000000	0.0000000000000
0.25200000405312	0.84911799430847	-0.52384960651398	73.000000000000	0.0000000000000
0.25600001215935	0.84445363283157	-0.53118723630905	73.000000000000	0.0000000000000
0.25999999046326	0.83972525596619	-0.53848081827164	73.000000000000	0.0000000000000
0.26399999856949	0.83493322134018	-0.54572975635529	73.000000000000	0.0000000000000
0.26800000667572	0.83007800579071	-0.55293345451355	73.000000000000	0.0000000000000
0.27200001478195	0.82516008615494	-0.56009131669998	73.000000000000	0.0000000000000
0.27599999308586	0.82017946243286	-0.56720298528671	73.000000000000	0.0000000000000
0.28000000119209	0.81513679027557	-0.57426768541336	73.000000000000	0.0000000000000
0.28400000929832	0.81003248691559	-0.58128499984741	73.000000000000	0.0000000000000
0.28799998760223	0.80486667156219	-0.58825445175171	73.000000000000	0.0000000000000
0.29199999570847	0.79963999986649	-0.59517526626587	73.000000000000	0.0000000000000
0.29600000381470	0.79435276985168	-0.60204708576202	73.000000000000	0.0000000000000
0.30000001192093	0.78900527954102	-0.60886931419373	73.000000000000	0.0000000000000
0.30399999022484	0.78359806537628	-0.61564135551453	73.000000000000	0.0000000000000
0.30799999833107	0.77813148498535	-0.62236285209656	73.000000000000	0.0000000000000
0.31200000643730	0.77260565757751	-0.62903302907944	73.000000000000	0.0000000000000
0.31600001454353	0.76702129840851	-0.63565158843994	73.000000000000	0.0000000000000
0.31999999284744	0.76137876510620	-0.64221769571304	73.000000000000	0.0000000000000
0.32400000095367	0.75567823648453	-0.64873111248016	73.000000000000	0.0000000000000
0.32800000905991	0.74992024898529	-0.65519106388092	73.000000000000	0.0000000000000
0.33199998736382	0.74410533905029	-0.66159719228745	73.000000000000	0.0000000000000
0.33599999547005	0.73823362588882	-0.66794896125793	73.000000000000	0.0000000000000
0.34000000357628	0.73230576515198	-0.67424559593201	73.000000000000	0.0000000000000
0.34400001168251	0.72632205486298	-0.68048691749573	73.000000000000	0.0000000000000
0.34799998998642	0.72028273344040	-0.68667215108871	73.000000000000	0.0000000000000
0.35199999809265	0.71418833732605	-0.69280081987381	73.000000000000	0.0000000000000
0.35600000619888	0.70803928375244	-0.69887238740921	73.000000000000	0.0000000000000
0.36000001430511	0.70183622837067	-0.70488625764847	73.000000000000	0.0000000000000
0.36399999260902	0.69557917118073	-0.71084189414978	73.000000000000	0.0000000000000
0.36800000071526	0.68926894664764	-0.71673893928528	73.000000000000	0.0000000000000
0.37200000882149	0.68290555477142	-0.72257667779922	73.000000000000	0.0000000000000
0.37599998712540	0.67648959159851	-0.72835463285446	73.000000000000	0.0000000000000
0.37999999523163	0.67002135515213	-0.73407208919525	73.000000000000	0.0000000000000
0.38400000333786	0.66350162029266	-0.73972868919373	73.000000000000	0.0000000000000
0.38800001144409	0.65693068504333	-0.74532395601273	73.000000000000	0.0000000000000
0.39199998974800	0.65030884742737	-0.75085699558258	73.000000000000	0.0000000000000
0.39599999785423	0.64363664388657	-0.75632762908936	73.000000000000	0.0000000000000
0.40000000596046	0.63691449165344	-0.76173508167267	73.000000000000	0.0000000000000
0.40400001406670	0.63014268875122	-0.76707893610001	73.000000000000	0.0000000000000
0.40799999237061	0.62332201004028	-0.77235841751099	73.000000000000	0.0000000000000
0.41200000047684	0.61645275354385	-0.77757316827774	73.000000000000	0.0000000000000
0.41600000858307	0.60953533649445	-0.78272259235382	73.000000000000	0.0000000000000
0.41999998688698	0.60257023572922	-0.78780609369278	73.000000000000	0.0000000000000
0.42399999499321	0.59555804729462	-0.79282301664352	73.000000000000	0.0000000000000
0.42800000309944	0.58849900960922	-0.79777294397354	73.000000000000	0.0000000000000
0.43200001120567	0.58139419555664	-0.80265510082245	73.000000000000	0.0000000000000
0.43599998950958	0.57424324750900	-0.80746912956238	73.000000000000	0.0000000000000
0.43999999761581	0.56704735755920	-0.81221431493759	73.000000000000	0.0000000000000
0.44400000572205	0.55980658531189	-0.81689023971558	73.000000000000	0.0000000000000
0.44800001382828	0.55252182483673	-0.82149595022202	73.000000000000	0.0000000000000
0.45199999213219	0.54519337415695	-0.82603132724762	73.000000000000	0.0000000000000
0.45600000023842	0.53782159090042	-0.83049547672272	73.000000000000	0.0000000000000
0.46000000834465	0.53040736913681	-0.83488780260086	73.000000000000	0.0000000000000
0.46399998664856	0.52295124530792	-0.83920788764954	73.000000000000	0.0000000000000
0.46799999475479	0.51545357704163	-0.84345507621765	73.000000000000	0.0000000000000
0.47200000286102	0.50791490077972	-0.84762871265411	73.000000000000	0.0000000000000
0.47600001096725	0.50033605098724	-0.85172820091248	73.000000000000	0.0000000000000
0.47999998927116	0.49271741509438	-0.85575300455093	73.000000000000	0.0000000000000
0.48399999737740	0.48505952954292	-0.85970234870911	73.000000000000	0.0000000000000
0.48800000548363	0.47736313939095	-0.86357587575912	73.000000000000	0.0000000000000
0.49200001358986	0.46962898969650	-0.86737281084061	73.000000000000	0.0000000000000
0.49599999189377	0.46185746788979	-0.87109261751175	73.000000000000	0.0000000000000
0.50000000000000	0.45404919981956	-0.87473464012146	73.000000000000	0.0000000000000
0.50400000810623	0.44620481133461	-0.87829834222794	73.000000000000	0.0000000000000
0.50800001621246	0.43832534551620	-0.88178300857544	73.000000000000	0.0000000000000
0.51200002431870	0.43041101098061	-0.88518798351288	73.000000000000	0.0000000000000
0.51599997282028	0.42246267199516	-0.88851296901703	73.000000000000	0.0000000000000
0.51999998092651	0.41448104381561	-0.89175713062286	73.000000000000	0.0000000000000
0.52399998903275	0.40646696090698	-0.89491975307465	73.000000000000	0.0000000000000
0.52799999713898	0.39842092990875	-0.89800041913986	73.000000000000	0.0000000000000
0.53200000524521	0.39034381508827	-0.90099835395813	73.000000000000	0.0000000000000
0.53600001335144	0.38223621249199	-0.90391314029694	73.000000000000	0.0000000000000
0.54000002145767	0.37409913539886	-0.90674400329590	73.000000000000	0.0000000000000
0.54400002956390	0.36593323945999	-0.90949040651321	73.000000000000	0.0000000000000
0.54799997806549	0.35773935914040	-0.91215181350708	73.000000000000	0.0000000000000
0.55199998617172	0.34951803088188	-0.91472750902176	73.000000000000	0.0000000000000
0.55599999427795	0.34127041697502	-0.91721695661545	73.000000000000	0.0000000000000
0.56000000238419	0.33299729228020	-0.91961961984634	73.000000000000	0.0000000000000
0.56400001049042	0.32469931244850	-0.92193472385406	73.000000000000	0.0000000000000
0.56800001859665	0.31637766957283	-0.92416191101074	73.000000000000	0.0000000000000
0.57200002670288	0.30803301930428	-0.92630040645599	73.000000000000	0.0000000000000
0.57599997520447	0.29966613650322	-0.92834985256195	73.000000000000	0.0000000000000
0.57999998331070	0.29127818346024	-0.93030929565430	73.000000000000	0.0000000000000
0.58399999141693	0.28287014365196	-0.93217849731445	73.000000000000	0.0000000000000
0.58799999952316	0.27444258332253	-0.93395698070526	73.000000000000	0.0000000000000
0.59200000762939	0.26599714159966	-0.93564385175705	73.000000000000	0.0000000000000
0.59600001573563	0.25753399729729	-0.93723881244659	73.000000000000	0.0000000000000
0.60000002384186	0.24905458092690	-0.93874108791351	73.000000000000	0.0000000000000
0.60399997234344	0.24056001007557	-0.94015043973923	73.000000000000	0.0000000000000
0.60799998044968	0.23205085098743	-0.94146621227264	73.000000000000	0.0000000000000
0.61199998855591	0.22352884709835	-0.94268786907196	73.000000000000	0.0000000000000
0.61599999666214	0.21499446034431	-0.94381499290466	73.000000000000	0.0000000000000
0.62000000476837	0.20644897222519	-0.94484686851501	73.000000000000	0.0000000000000
0.62400001287460	0.19789333641529	-0.94578325748444	73.000000000000	0.0000000000000
0.62800002098083	0.18932908773422	-0.94662356376648	73.000000000000	0.0000000000000
0.63200002908707	0.18075720965862	-0.94736725091934	73.000000000000	0.0000000000000
0.63599997758865	0.17217858135700	-0.94801402091980	73.000000000000	0.0000000000000
0.63999998569489	0.16359464824200	-0.94856351613998	73.000000000000	0.0000000000000
0.64399999380112	0.15500612556934	-0.94901502132416	73.000000000000	0.0000000000000
0.64800000190735	0.14641423523426	-0.94936841726303	73.000000000000	0.0000000000000
0.65200001001358	0.13782109320164	-0.94962298870087	73.000000000000	0.0000000000000
0.65600001811981	0.12922748923302	-0.94977861642838	73.000000000000	0.0000000000000
0.66000002622604	0.12063378095627	-0.94983488321304	73.000000000000	0.0000000000000
0.66399997472763	0.11204253882170	-0.94979137182236	73.000000000000	0.0000000000000
0.66799998283386	0.10345418751240	-0.94964772462845	73.000000000000	0.0000000000000
0.67199999094009	0.094870440661907	-0.94940370321274	73.000000000000	0.0000000000000
0.67599999904633	0.086293049156666	-0.94905900955200	73.000000000000	0.0000000000000
0.68000000715256	0.077721990644932	-0.94861334562302	73.000000000000	0.0000000000000
0.68400001525879	0.069159463047981	-0.94806635379791	73.000000000000	0.0000000000000
0.68800002336502	0.060607273131609	-0.94741785526276	73.000000000000	0.0000000000000
0.69199997186661	0.052065860480070	-0.94666761159897	73.000000000000	0.0000000000000
0.69599997997284	0.043537039309740	-0.94581550359726	73.000000000000	0.0000000000000
0.69999998807907	0.035022180527449	-0.94486123323441	73.000000000000	0.0000000000000
0.70399999618530	0.026523118838668	-0.94380456209183	73.000000000000	0.0000000000000
0.70800000429153	0.018040340393782	-0.94264572858810	73.000000000000	0.0000000000000
0.71200001239777	0.0095757022500038	-0.94138413667679	73.000000000000	0.0000000000000
0.71600002050400	0.0011310655390844	-0.94001996517181	73.000000000000	0.0000000000000
0.72000002861023	-0.0072921495884657	-0.93855297565460	73.000000000000	0.0000000000000
0.72399997711182	-0.015692513436079	-0.93698322772980	73.000000000000	0.0000000000000
0.72799998521805	-0.024069033563137	-0.93531072139740	73.000000000000	0.0000000000000
0.73199999332428	-0.032420262694359	-0.93353539705276	73.000000000000	0.0000000000000
0.73600000143051	-0.040743853896856	-0.93165731430054	73.000000000000	0.0000000000000
0.74000000953674	-0.049038790166378	-0.92967647314072	73.000000000000	0.0000000000000
0.74400001764297	-0.057303603738546	-0.92759287357330	73.000000000000	0.0000000000000
0.74800002574921	-0.065536819398403	-0.92540675401688	73.000000000000	0.0000000000000
0.75199997425079	-0.073736958205700	-0.92311829328537	73.000000000000	0.0000000000000
0.75599998235703	-0.081901215016842	-0.92072761058807	73.000000000000	0.0000000000000
0.75999999046326	-0.090030282735825	-0.91823464632034	73.000000000000	0.0000000000000
0.76399999856949	-0.098120495676994	-0.91563993692398	73.000000000000	0.0000000000000
0.76800000667572	-0.10617122054100	-0.91294354200363	73.000000000000	0.0000000000000
0.77200001478195	-0.11418094485998	-0.91014575958252	73.000000000000	0.0000000000000
0.77600002288818	-0.12214776128531	-0.90724700689316	73.000000000000	0.0000000000000
0.77999997138977	-0.13007013499737	-0.90424734354019	73.000000000000	0.0000000000000
0.78399997949600	-0.13794657588005	-0.90114742517471	73.000000000000	0.0000000000000
0.78799998760223	-0.14577603340149	-0.89794749021530	73.000000000000	0.0000000000000
0.79199999570847	-0.15355566143990	-0.89464801549911	73.000000000000	0.0000000000000
0.79600000381470	-0.16128483414650	-0.89124923944473	73.000000000000	0.0000000000000
0.80000001192093	-0.16896121203899	-0.88775211572647	73.000000000000	0.0000000000000
0.80400002002716	-0.17658412456512	-0.88415670394897	73.000000000000	0.0000000000000
0.80800002813339	-0.18415124714375	-0.88046371936798	73.000000000000	0.0000000000000
0.81199997663498	-0.19166065752506	-0.87667393684387	73.000000000000	0.0000000000000
0.81599998474121	-0.19911168515682	-0.87278765439987	73.000000000000	0.0000000000000
0.81999999284744	-0.20650203526020	-0.86880564689636	73.000000000000	0.0000000000000
0.82400000095367	-0.21383064985275	-0.86472856998444	73.000000000000	0.0000000000000
0.82800000905991	-0.22109603881836	-0.86055707931519	73.000000000000	0.0000000000000
0.83200001716614	-0.22829589247704	-0.85629194974899	73.000000000000	0.0000000000000
0.83600002527237	-0.23542879521847	-0.85193401575089	73.000000000000	0.0000000000000
0.83999997377396	-0.24249328672886	-0.84748417139053	73.000000000000	0.0000000000000
0.84399998188019	-0.24948751926422	-0.84294313192368	73.000000000000	0.0000000000000
0.84799998998642	-0.25641089677811	-0.83831173181534	73.000000000000	0.0000000000000
0.85199999809265	-0.26326078176498	-0.83359104394913	73.000000000000	0.0000000000000
0.85600000619888	-0.27003613114357	-0.82878178358078	73.000000000000	0.0000000000000
0.86000001430511	-0.27673557400703	-0.82388490438461	73.000000000000	0.0000000000000
0.86400002241135	-0.28335699439049	-0.81890177726746	73.000000000000	0.0000000000000
0.86799997091293	-0.28989943861961	-0.81383329629898	73.000000000000	0.0000000000000
0.87199997901917	-0.29636102914810	-0.80868029594421	73.000000000000	0.0000000000000
0.87599998712540	-0.30274057388306	-0.80344402790070	73.000000000000	0.0000000000000
0.87999999523163	-0.30903631448746	-0.79812580347061	73.000000000000	0.0000000000000
0.88400000333786	-0.31524693965912	-0.79272651672363	73.000000000000	0.0000000000000
0.88800001144409	-0.32137119770050	-0.78724753856659	73.000000000000	0.0000000000000
0.89200001955032	-0.32740709185600	-0.78169012069702	73.000000000000	0.0000000000000
0.89600002765656	-0.33335408568382	-0.77605533599854	73.000000000000	0.0000000000000
0.89999997615814	-0.33921024203300	-0.77034461498260	73.000000000000	0.0000000000000
0.90399998426437	-0.34497401118279	-0.76455944776535	73.000000000000	0.0000000000000
0.90799999237061	-0.35064417123795	-0.75870108604431	73.000000000000	0.0000000000000
0.91200000047684	-0.35622000694275	-0.75277078151703	73.000000000000	0.0000000000000
0.91600000858307	-0.36169958114624	-0.74676996469498	73.000000000000	0.0000000000000
0.92000001668930	-0.36708152294159	-0.74070036411285	73.000000000000	0.0000000000000
0.92400002479553	-0.37236499786377	-0.73456317186356	73.000000000000	0.0000000000000
0.92799997329712	-0.37754839658737	-0.72836017608643	73.000000000000	0.0000000000000
0.93199998140335	-0.38263088464737	-0.72209256887436	73.000000000000	0.0000000000000
0.93599998950958	-0.38761088252068	-0.71576231718063	73.000000000000	0.0000000000000
0.93999999761581	-0.39248743653297	-0.70937085151672	73.000000000000	0.0000000000000
0.94400000572205	-0.39725986123085	-0.70291942358017	73.000000000000	0.0000000000000
0.94800001382828	-0.40192633867264	-0.69641023874283	73.000000000000	0.0000000000000
0.95200002193451	-0.40648591518402	-0.68984490633011	73.000000000000	0.0000000000000
0.95599997043610	-0.41093775629997	-0.68322491645813	73.000000000000	0.0000000000000
0.95999997854233	-0.41528069972992	-0.67655199766159	73.000000000000	0.0000000000000
0.96399998664856	-0.41951406002045	-0.66982805728912	73.000000000000	0.0000000000000
0.96799999475479	-0.42363670468330	-0.66305470466614	73.000000000000	0.0000000000000
0.97200000286102	-0.42764759063721	-0.65623390674591	73.000000000000	0.0000000000000
0.97600001096725	-0.43154606223106	-0.64936739206314	73.000000000000	0.0000000000000
0.98000001907349	-0.43533113598824	-0.64245694875717	73.000000000000	0.0000000000000
0.98400002717972	-0.43900197744370	-0.63550472259521	73.000000000000	0.0000000000000
0.98799997568130	-0.44255757331848	-0.62851244211197	73.000000000000	0.0000000000000
0.99199998378754	-0.44599783420563	-0.62148183584213	73.000000000000	0.0000000000000
0.99599999189377	-0.44932165741920	-0.61441493034363	73.000000000000	0.0000000000000
1.0000000000000	-0.45252814888954	-0.60731381177902	73.000000000000	0.0000000000000
1.0039999485016	-0.45561674237251	-0.60018062591553	73.000000000000	0.0000000000000
1.0080000162125	-0.45858725905418	-0.59301668405533	73.000000000000	0.0000000000000
1.0119999647141	-0.46143859624863	-0.58582466840744	73.000000000000	0.0000000000000
1.0160000324249	-0.46417072415352	-0.57860624790192	73.000000000000	0.0000000000000
1.0199999809265	-0.46678301692009	-0.57136327028275	73.000000000000	0.0000000000000
1.0240000486374	-0.46927484869957	-0.56409829854965	73.000000000000	0.0000000000000
1.0279999971390	-0.47164589166641	-0.55681294202805	73.000000000000	0.0000000000000
1.0319999456406	-0.47389581799507	-0.54950934648514	73.000000000000	0.0000000000000
1.0360000133514	-0.47602432966232	-0.54218989610672	73.000000000000	0.0000000000000
1.0399999618530	-0.47803106904030	-0.53485631942749	73.000000000000	0.0000000000000
1.0440000295639	-0.47991570830345	-0.52751076221466	73.000000000000	0.0000000000000
1.0479999780655	-0.48167815804482	-0.52015548944473	73.000000000000	0.0000000000000
1.0520000457764	-0.48331844806671	-0.51279234886169	73.000000000000	0.0000000000000
1.0559999942780	-0.48483645915985	-0.50542360544205	73.000000000000	0.0000000000000
1.0599999427795	-0.48623162508011	-0.49805155396461	73.000000000000	0.0000000000000
1.0640000104904	-0.48750415444374	-0.49067801237106	73.000000000000	0.0000000000000
1.0679999589920	-0.48865434527397	-0.48330518603325	73.000000000000	0.0000000000000
1.0720000267029	-0.48968204855919	-0.47593542933464	73.000000000000	0.0000000000000
1.0759999752045	-0.49058732390404	-0.46857053041458	73.000000000000	0.0000000000000
1.0800000429153	-0.49137035012245	-0.46121269464493	73.000000000000	0.0000000000000
1.0839999914169	-0.49203112721443	-0.45386412739754	73.000000000000	0.0000000000000
1.0880000591278	-0.49257025122643	-0.44652712345123	73.000000000000	0.0000000000000
1.0920000076294	-0.49298775196075	-0.43920347094536	73.000000000000	0.0000000000000
1.0959999561310	-0.49328401684761	-0.43189534544945	73.000000000000	0.0000000000000
1.1000000238419	-0.49345919489861	-0.42460519075394	73.000000000000	0.0000000000000
1.1039999723434	-0.49351409077644	-0.41733473539352	73.000000000000	0.0000000000000
1.1080000400543	-0.49344867467880	-0.41008618474007	73.000000000000	0.0000000000000
1.1119999885559	-0.49326375126839	-0.40286168456078	73.000000000000	0.0000000000000
1.1160000562668	-0.49295994639397	-0.39566326141357	73.000000000000	0.0000000000000
1.1200000047684	-0.49253743886948	-0.38849306106567	73.000000000000	0.0000000000000
1.1239999532700	-0.49199703335762	-0.38135302066803	73.000000000000	0.0000000000000
1.1280000209808	-0.49133956432343	-0.37424525618553	73.000000000000	0.0000000000000
1.1319999694824	-0.49056538939476	-0.36717191338539	73.000000000000	0.0000000000000
1.1360000371933	-0.48967552185059	-0.36013478040695	73.000000000000	0.0000000000000
1.1399999856949	-0.48867043852806	-0.35313603281975	73.000000000000	0.0000000000000
1.1440000534058	-0.48755130171776	-0.34617748856544	73.000000000000	0.0000000000000
1.1480000019073	-0.48631894588470	-0.33926123380661	73.000000000000	0.0000000000000
1.1519999504089	-0.48497384786606	-0.33238941431046	73.000000000000	0.0000000000000
1.1560000181198	-0.48351734876633	-0.32556354999542	73.000000000000	0.0000000000000
1.1599999666214	-0.48195040225983	-0.31878596544266	73.000000000000	0.0000000000000
1.1640000343323	-0.48027378320694	-0.31205826997757	73.000000000000	0.0000000000000
1.1679999828339	-0.47848874330521	-0.30538237094879	73.000000000000	0.0000000000000
1.1720000505447	-0.47659632563591	-0.29876029491425	73.000000000000	0.0000000000000
1.1759999990463	-0.47459769248962	-0.29219353199005	73.000000000000	0.0000000000000
1.1799999475479	-0.47249394655228	-0.28568434715271	73.000000000000	0.0000000000000
1.1840000152588	-0.47028630971909	-0.27923423051834	73.000000000000	0.0000000000000
1.1879999637604	-0.46797606348991	-0.27284485101700	73.000000000000	0.0000000000000
1.1920000314713	-0.46556437015533	-0.26651820540428	73.000000000000	0.0000000000000
1.1959999799728	-0.46305251121521	-0.26025584340096	73.000000000000	0.0000000000000
1.2000000476837	-0.46044212579727	-0.25405925512314	73.000000000000	0.0000000000000
1.2039999961853	-0.45773425698280	-0.24793033301830	73.000000000000	0.0000000000000
1.2079999446869	-0.45493054389954	-0.24187067151070	73.000000000000	0.0000000000000
1.2120000123978	-0.45203226804733	-0.23588161170483	73.000000000000	0.0000000000000
1.2159999608994	-0.44904091954231	-0.22996501624584	73.000000000000	0.0000000000000
1.2200000286102	-0.44595810770988	-0.22412207722664	73.000000000000	0.0000000000000
1.2239999771118	-0.44278508424759	-0.21835464239120	73.000000000000	0.0000000000000
1.2280000448227	-0.43952369689941	-0.21266384422779	73.000000000000	0.0000000000000
1.2319999933243	-0.43617546558380	-0.20705123245716	73.000000000000	0.0000000000000
1.2359999418259	-0.43274191021919	-0.20151813328266	73.000000000000	0.0000000000000
1.2400000095367	-0.42922466993332	-0.19606597721577	73.000000000000	0.0000000000000
1.2439999580383	-0.42562547326088	-0.19069603085518	73.000000000000	0.0000000000000
1.2480000257492	-0.42194595932961	-0.18540948629379	73.000000000000	0.0000000000000
1.2519999742508	-0.41818788647652	-0.18020768463612	73.000000000000	0.0000000000000
1.2560000419617	-0.41435295343399	-0.17509163916111	73.000000000000	0.0000000000000
1.2599999904633	-0.41044288873672	-0.17006273567677	73.000000000000	0.0000000000000
1.2640000581741	-0.40645939111710	-0.16512203216553	73.000000000000	0.0000000000000
1.2680000066757	-0.40240442752838	-0.16027051210403	73.000000000000	0.0000000000000
1.2719999551773	-0.39827978610992	-0.15550933778286	73.000000000000	0.0000000000000
1.2760000228882	-0.39408710598946	-0.15083931386471	73.000000000000	0.0000000000000
1.2799999713898	-0.38982841372490	-0.14626161754131	73.000000000000	0.0000000000000
1.2840000391006	-0.38550549745560	-0.14177711308002	73.000000000000	0.0000000000000
1.2879999876022	-0.38112029433250	-0.13738650083542	73.000000000000	0.0000000000000
1.2920000553131	-0.37667456269264	-0.13309095799923	73.000000000000	0.0000000000000
1.2960000038147	-0.37217035889626	-0.12889097630978	73.000000000000	0.0000000000000
1.2999999523163	-0.36760950088501	-0.12478747218847	73.000000000000	0.0000000000000
1.3040000200272	-0.36299389600754	-0.12078107148409	73.000000000000	0.0000000000000
1.3079999685287	-0.35832560062408	-0.11687254905701	73.000000000000	0.0000000000000
1.3120000362396	-0.35360640287399	-0.11306244134903	73.000000000000	0.0000000000000
1.3159999847412	-0.34883829951286	-0.10935142636299	73.000000000000	0.0000000000000
1.3200000524521	-0.34402328729630	-0.10573986917734	73.000000000000	0.0000000000000
1.3240000009537	-0.33916336297989	-0.10222851485014	73.000000000000	0.0000000000000
1.3279999494553	-0.33426031470299	-0.098817646503448	73.000000000000	0.0000000000000
1.3320000171661	-0.32931637763977	-0.095507800579071	73.000000000000	0.0000000000000
1.3359999656677	-0.32433331012726	-0.092299193143845	73.000000000000	0.0000000000000
1.3400000333786	-0.31931316852570	-0.089192382991314	73.000000000000	0.0000000000000
1.3439999818802	-0.31425791978836	-0.086187429726124	73.000000000000	0.0000000000000
1.3480000495911	-0.30916956067085	-0.083284817636013	73.000000000000	0.0000000000000
1.3519999980927	-0.30405005812645	-0.080484516918659	73.000000000000	0.0000000000000
1.3559999465942	-0.29890128970146	-0.077786825597286	73.000000000000	0.0000000000000
1.3600000143051	-0.29372540116310	-0.075191900134087	73.000000000000	0.0000000000000
1.3639999628067	-0.28852424025536	-0.072699777781963	73.000000000000	0.0000000000000
1.3680000305176	-0.28329974412918	-0.070310503244400	73.000000000000	0.0000000000000
1.3719999790192	-0.27805396914482	-0.068024046719074	73.000000000000	0.0000000000000
1.3760000467300	-0.27278876304626	-0.065840393304825	73.000000000000	0.0000000000000
1.3799999952316	-0.26750606298447	-0.063759565353394	73.000000000000	0.0000000000000
1.3839999437332	-0.26220789551735	-0.061781223863363	73.000000000000	0.0000000000000
1.3880000114441	-0.25689604878426	-0.059905420988798	73.000000000000	0.0000000000000
1.3919999599457	-0.25157254934311	-0.058131795376539	73.000000000000	0.0000000000000
1.3960000276566	-0.24623923003674	-0.056460183113813	73.000000000000	0.0000000000000
1.3999999761581	-0.24089795351028	-0.054890334606171	73.000000000000	0.0000000000000
1.4040000438690	-0.23555062711239	-0.053421903401613	73.000000000000	0.0000000000000
1.4079999923706	-0.23019909858704	-0.052054546773434	73.000000000000	0.0000000000000
1.4119999408722	-0.22484523057938	-0.050787817686796	73.000000000000	0.0000000000000
1.4160000085831	-0.21949079632759	-0.049621377140284	73.000000000000	0.0000000000000
1.4199999570847	-0.21413761377335	-0.048554781824350	73.000000000000	0.0000000000000
1.4240000247955	-0.20878748595715	-0.047587353736162	73.000000000000	0.0000000000000
1.4279999732971	-0.20344218611717	-0.046718783676624	73.000000000000	0.0000000000000
1.4320000410080	-0.19810344278812	-0.045948375016451	73.000000000000	0.0000000000000
1.4359999895096	-0.19277299940586	-0.045275568962097	73.000000000000	0.0000000000000
1.4400000572205	-0.18745259940624	-0.044699754565954	73.000000000000	0.0000000000000
1.4440000057220	-0.18214385211468	-0.044220205396414	73.000000000000	0.0000000000000
1.4479999542236	-0.17684851586819	-0.043836254626513	73.000000000000	0.0000000000000
1.4520000219345	-0.17156814038754	-0.043547187000513	73.000000000000	0.0000000000000
1.4559999704361	-0.16630443930626	-0.043352175503969	73.000000000000	0.0000000000000
1.4600000381470	-0.16105893254280	-0.043250512331724	73.000000000000	0.0000000000000
1.4639999866486	-0.15583324432373	-0.043241322040558	73.000000000000	0.0000000000000
1.4680000543594	-0.15062887966633	-0.043323807418346	73.000000000000	0.0000000000000
1.4720000028610	-0.14544740319252	-0.043497055768967	73.000000000000	0.0000000000000
1.4759999513626	-0.14029024541378	-0.043760139495134	73.000000000000	0.0000000000000
1.4800000190735	-0.13515891134739	-0.044112216681242	73.000000000000	0.0000000000000
1.4839999675751	-0.13005484640598	-0.044552259147167	73.000000000000	0.0000000000000
1.4880000352859	-0.12497947365046	-0.045079287141562	73.000000000000	0.0000000000000
1.4919999837875	-0.11993412673473	-0.045692339539528	73.000000000000	0.0000000000000
1.4960000514984	-0.11492018401623	-0.046390376985073	73.000000000000	0.0000000000000
1.5000000000000	-0.10993899405003	-0.047172337770462	73.000000000000	0.0000000000000
1.5039999485016	-0.10499183833599	-0.048037137836218	73.000000000000	0.0000000000000
1.5080000162125	-0.10007997602224	-0.048983722925186	73.000000000000	0.0000000000000
1.5119999647141	-0.095204629004002	-0.050010986626148	73.000000000000	0.0000000000000
1.5160000324249	-0.090367041528225	-0.051117759197950	73.000000000000	0.0000000000000
1.5199999809265	-0.085568368434906	-0.052302919328213	73.000000000000	0.0000000000000
1.5240000486374	-0.080809719860554	-0.053565308451653	73.000000000000	0.0000000000000
1.5279999971390	-0.076092250645161	-0.054903745651245	73.000000000000	0.0000000000000
1.5319999456406	-0.071417003870010	-0.056317001581192	73.000000000000	0.0000000000000
1.5360000133514	-0.066785074770451	-0.057803906500340	73.000000000000	0.0000000000000
1.5399999618530	-0.062197454273701	-0.059363219887018	73.000000000000	0.0000000000000
1.5440000295639	-0.057655114680529	-0.060993701219559	73.000000000000	0.0000000000000
1.5479999780655	-0.053159032016993	-0.062694102525711	73.000000000000	0.0000000000000
1.5520000457764	-0.048710092902184	-0.064463153481483	73.000000000000	0.0000000000000
1.5559999942780	-0.044309221208096	-0.066299609839916	73.000000000000	0.0000000000000
1.5599999427795	-0.039957232773304	-0.068202167749405	73.000000000000	0.0000000000000
1.5640000104904	-0.035654980689287	-0.070169530808926	73.000000000000	0.0000000000000
1.5679999589920	-0.031403269618750	-0.072200417518616	73.000000000000	0.0000000000000
1.5720000267029	-0.027202805504203	-0.074293516576290	73.000000000000	0.0000000000000
1.5759999752045	-0.023054363206029	-0.076447516679764	73.000000000000	0.0000000000000
1.5800000429153	-0.018958581611514	-0.078661106526852	73.000000000000	0.0000000000000
1.5839999914169	-0.014916186220944	-0.080932952463627	73.000000000000	0.0000000000000
1.5880000591278	-0.010927736759186	-0.083261735737324	73.000000000000	0.0000000000000
1.5920000076294	-0.0069938995875418	-0.085646130144596	73.000000000000	0.0000000000000
1.5959999561310	-0.0031151946168393	-0.088084802031517	73.000000000000	0.0000000000000
1.6000000238419	0.00070787238655612	-0.090576417744160	73.000000000000	0.0000000000000
1.6039999723434	0.0044747381471097	-0.093119643628597	73.000000000000	0.0000000000000
1.6080000400543	0.0081849843263626	-0.095713153481483	73.000000000000	0.0000000000000
1.6119999885559	0.011838129721582	-0.098355628550053	73.000000000000	0.0000000000000
1.6160000562668	0.015433819964528	-0.10104570537806	73.000000000000	0.0000000000000
1.6200000047684	0.018971590325236	-0.10378208011389	73.000000000000	0.0000000000000
1.6239999532700	0.022451184689999	-0.10656341910362	73.000000000000	0.0000000000000
1.6280000209808	0.025872256606817	-0.10938840359449	73.000000000000	0.0000000000000
1.6319999694824	0.029234543442726	-0.11225572228432	73.000000000000	0.0000000000000
1.6360000371933	0.032537702471018	-0.11516405642033	73.000000000000	0.0000000000000
1.6399999856949	0.035781599581242	-0.11811210960150	73.000000000000	0.0000000000000
1.6440000534058	0.038965996354818	-0.12109857052565	73.000000000000	0.0000000000000
1.6480000019073	0.042090725153685	-0.12412215024233	73.000000000000	0.0000000000000
1.6519999504089	0.045155629515648	-0.12718160450459	73.000000000000	0.0000000000000
1.6560000181198	0.048160605132580	-0.13027559220791	73.000000000000	0.0000000000000
1.6599999666214	0.051105581223965	-0.13340289890766	73.000000000000	0.0000000000000
1.6640000343323	0.053990464657545	-0.13656222820282	73.000000000000	0.0000000000000
1.6679999828339	0.056815229356289	-0.13975238800049	73.000000000000	0.0000000000000
1.6720000505447	0.059579893946648	-0.14297209680080	73.000000000000	0.0000000000000
1.6759999990463	0.062284413725138	-0.14622013270855	73.000000000000	0.0000000000000
1.6799999475479	0.064928881824017	-0.14949528872967	73.000000000000	0.0000000000000
1.6840000152588	0.067513361573219	-0.15279640257359	73.000000000000	0.0000000000000
1.6879999637604	0.070037879049778	-0.15612220764160	73.000000000000	0.0000000000000
1.6920000314713	0.072502613067627	-0.15947161614895	73.000000000000	0.0000000000000
1.6959999799728	0.074907667934895	-0.16284340620041	73.000000000000	0.0000000000000
1.7000000476837	0.077253192663193	-0.16623647511005	73.000000000000	0.0000000000000
1.7039999961853	0.079539366066456	-0.16964966058731	73.000000000000	0.0000000000000
1.7079999446869	0.081766404211521	-0.17308187484741	73.000000000000	0.0000000000000
1.7120000123978	0.083934493362904	-0.17653197050095	73.000000000000	0.0000000000000
1.7159999608994	0.086043901741505	-0.17999890446663	73.000000000000	0.0000000000000
1.7200000286102	0.088094845414162	-0.18348158895969	73.000000000000	0.0000000000000
1.7239999771118	0.090087696909904	-0.18697899580002	73.000000000000	0.0000000000000
1.7280000448227	0.092022657394409	-0.19049005210400	73.000000000000	0.0000000000000
1.7319999933243	0.093900009989738	-0.19401374459267	73.000000000000	0.0000000000000
1.7359999418259	0.095720142126083	-0.19754908978939	73.000000000000	0.0000000000000
1.7400000095367	0.097483433783054	-0.20109508931637	73.000000000000	0.0000000000000
1.7439999580383	0.099190212786198	-0.20465077459812	73.000000000000	0.0000000000000
1.7480000257492	0.10084078460932	-0.20821522176266	73.000000000000	0.0000000000000
1.7519999742508	0.10243567824364	-0.21178744733334	73.000000000000	0.0000000000000
1.7560000419617	0.10397514700890	-0.21536658704281	73.000000000000	0.0000000000000
1.7599999904633	0.10545969754457	-0.21895173192024	73.000000000000	0.0000000000000
1.7640000581741	0.10688969492912	-0.22254203259945	73.000000000000	0.0000000000000
1.7680000066757	0.10826572030783	-0.22613653540611	73.000000000000	0.0000000000000
1.7719999551773	0.10958810150623	-0.22973451018333	73.000000000000	0.0000000000000
1.7760000228882	0.11085727065802	-0.23333510756493	73.000000000000	0.0000000000000
1.7799999713898	0.11207379400730	-0.23693749308586	73.000000000000	0.0000000000000
1.7840000391006	0.11323811858892	-0.24054089188576	73.000000000000	0.0000000000000
1.7879999876022	0.11435076594353	-0.24414458870888	73.000000000000	0.0000000000000
1.7920000553131	0.11541225761175	-0.24774777889252	73.000000000000	0.0000000000000
1.7960000038147	0.11642300337553	-0.25134977698326	73.000000000000	0.0000000000000
1.7999999523163	0.11738365143538	-0.25494989752769	73.000000000000	0.0000000000000
1.8040000200272	0.11829461157322	-0.25854733586311	73.000000000000	0.0000000000000
1.8079999685287	0.11915654689074	-0.26214155554771	73.000000000000	0.0000000000000
1.8120000362396	0.11996975541115	-0.26573187112808	73.000000000000	0.0000000000000
1.8159999847412	0.12073507159948	-0.26931759715080	73.000000000000	0.0000000000000
1.8200000524521	0.12145282328129	-0.27289819717407	73.000000000000	0.0000000000000
1.8240000009537	0.12212370336056	-0.27647301554680	73.000000000000	0.0000000000000
1.8279999494553	0.12274812161922	-0.28004151582718	73.000000000000	0.0000000000000
1.8320000171661	0.12332677096128	-0.28360310196877	73.000000000000	0.0000000000000
1.8359999656677	0.12386015802622	-0.28715732693672	73.000000000000	0.0000000000000
1.8400000333786	0.12434884905815	-0.29070359468460	73.000000000000	0.0000000000000
1.8439999818802	0.12479333579540	-0.29424133896828	73.000000000000	0.0000000000000
1.8480000495911	0.12519437074661	-0.29777017235756	73.000000000000	0.0000000000000
1.8519999980927	0.12555238604546	-0.30128958821297	73.000000000000	0.0000000000000
1.8559999465942	0.12586793303490	-0.30479916930199	73.000000000000	0.0000000000000
1.8600000143051	0.12614165246487	-0.30829846858978	73.000000000000	0.0000000000000
1.8639999628067	0.12637393176556	-0.31178703904152	73.000000000000	0.0000000000000
1.8680000305176	0.12656563520432	-0.31526449322701	73.000000000000	0.0000000000000
1.8719999790192	0.12671704590321	-0.31873041391373	73.000000000000	0.0000000000000
1.8760000467300	0.12682896852493	-0.32218453288078	73.000000000000	0.0000000000000
1.8799999952316	0.12690176069736	-0.32562640309334	73.000000000000	0.0000000000000
1.8839999437332	0.12693609297276	-0.32905569672585	73.000000000000	0.0000000000000
1.8880000114441	0.12693244218826	-0.33247208595276	73.000000000000	0.0000000000000
1.8919999599457	0.12689147889614	-0.33587530255318	73.000000000000	0.0000000000000
1.8960000276566	0.12681357562542	-0.33926504850388	73.000000000000	0.0000000000000
1.8999999761581	0.12669949233532	-0.34264099597931	73.000000000000	0.0000000000000
1.9040000438690	0.12654958665371	-0.34600290656090	73.000000000000	0.0000000000000
1.9079999923706	0.12636448442936	-0.34935051202774	73.000000000000	0.0000000000000
1.9119999408722	0.12614467740059	-0.35268360376358	73.000000000000	0.0000000000000
1.9160000085831	0.12589074671268	-0.35600191354752	73.000000000000	0.0000000000000
1.9199999570847	0.12560319900513	-0.35930526256561	73.000000000000	0.0000000000000
1.9240000247955	0.12528243660927	-0.36259347200394	73.000000000000	0.0000000000000
1.9279999732971	0.12492898851633	-0.36586624383926	73.000000000000	0.0000000000000
1.9320000410080	0.12454362213612	-0.36912351846695	73.000000000000	0.0000000000000
1.9359999895096	0.12412652373314	-0.37236505746841	73.000000000000	0.0000000000000
1.9400000572205	0.12367832660675	-0.37559074163437	73.000000000000	0.0000000000000
1.9440000057220	0.12319945544004	-0.37880039215088	73.000000000000	0.0000000000000
1.9479999542236	0.12269043922424	-0.38199386000633	73.000000000000	0.0000000000000
1.9520000219345	0.12215182930231	-0.38517108559608	73.000000000000	0.0000000000000
1.9559999704361	0.12158396840096	-0.38833186030388	73.000000000000	0.0000000000000
1.9600000381470	0.12098726630211	-0.39147612452507	73.000000000000	0.0000000000000
1.9639999866486	0.12036225944757	-0.39460378885269	73.000000000000	0.0000000000000
1.9680000543594	0.11970937997103	-0.39771473407745	73.000000000000	0.0000000000000
1.9720000028610	0.11902908980846	-0.40080887079239	73.000000000000	0.0000000000000
1.9759999513626	0.11832179874182	-0.40388619899750	73.000000000000	0.0000000000000
1.9800000190735	0.11758791655302	-0.40694656968117	73.000000000000	0.0000000000000
1.9839999675751	0.11682783812284	-0.40998989343643	73.000000000000	0.0000000000000
1.9880000352859	0.11604201793671	-0.41301617026329	73.000000000000	0.0000000000000
1.9919999837875	0.11523072421551	-0.41602534055710	73.000000000000	0.0000000000000
1.9960000514984	0.11439464986324	-0.41901740431786	73.000000000000	0.0000000000000
2.0000000000000	0.11353396624327	-0.42199224233627	73.000000000000	0.0000000000000
2.0039999485016	0.11264890432358	-0.42494982481003	73.000000000000	0.0000000000000
2.0079998970032	0.11174013465643	-0.42789018154144	73.000000000000	0.0000000000000
2.0120000839233	0.11080786585808	-0.43081325292587	73.000000000000	0.0000000000000
2.0160000324249	0.10985243320465	-0.43371903896332	73.000000000000	0.0000000000000
2.0199999809265	0.10887426882982	-0.43660753965378	73.000000000000	0.0000000000000
2.0239999294281	0.10787351429462	-0.43947863578796	73.000000000000	0.0000000000000
2.0280001163483	0.10685080289841	-0.44233241677284	73.000000000000	0.0000000000000
2.0320000648499	0.10580629110336	-0.44516891241074	73.000000000000	0.0000000000000
2.0360000133514	0.10474029183388	-0.44798803329468	73.000000000000	0.0000000000000
2.0399999618530	0.10365316271782	-0.45078983902931	73.000000000000	0.0000000000000
2.0439999103546	0.10254520177841	-0.45357424020767	73.000000000000	0.0000000000000
2.0480000972748	0.10141656547785	-0.45634132623672	73.000000000000	0.0000000000000
2.0520000457764	0.10026780515909	-0.45909115672112	73.000000000000	0.0000000000000
2.0559999942780	0.099099136888981	-0.46182358264923	73.000000000000	0.0000000000000
2.0599999427795	0.097910560667515	-0.46453872323036	73.000000000000	0.0000000000000
2.0639998912811	0.096702761948109	-0.46723654866219	73.000000000000	0.0000000000000
2.0680000782013	0.095475733280182	-0.46991708874702	73.000000000000	0.0000000000000
2.0720000267029	0.094229683279991	-0.47258037328720	73.000000000000	0.0000000000000
2.0759999752045	0.092965289950371	-0.47522634267807	73.000000000000	0.0000000000000
2.0799999237061	0.091682225465775	-0.47785511612892	73.000000000000	0.0000000000000
2.0840001106262	0.090381123125553	-0.48046663403511	73.000000000000	0.0000000000000
2.0880000591278	0.089062117040157	-0.48306089639664	73.000000000000	0.0000000000000
2.0920000076294	0.087725505232811	-0.48563793301582	73.000000000000	0.0000000000000
2.0959999561310	0.086371287703514	-0.48819777369499	73.000000000000	0.0000000000000
2.0999999046326	0.085000023245811	-0.49074044823647	73.000000000000	0.0000000000000
2.1040000915527	0.083611659705639	-0.49326589703560	73.000000000000	0.0000000000000
2.1080000400543	0.082206442952156	-0.49577426910400	73.000000000000	0.0000000000000
2.1119999885559	0.080784775316715	-0.49826538562775	73.000000000000	0.0000000000000
2.1159999370575	0.079346641898155	-0.50073933601379	73.000000000000	0.0000000000000
2.1199998855591	0.077892489731312	-0.50319629907608	73.000000000000	0.0000000000000
2.1240000724792	0.076422251760960	-0.50563597679138	73.000000000000	0.0000000000000
2.1280000209808	0.074936248362064	-0.50805848836899	73.000000000000	0.0000000000000
2.1319999694824	0.073434695601463	-0.51046407222748	73.000000000000	0.0000000000000
2.1359999179840	0.071917764842510	-0.51285231113434	73.000000000000	0.0000000000000
2.1400001049042	0.070385664701462	-0.51522356271744	73.000000000000	0.0000000000000
2.1440000534058	0.068838447332382	-0.51757764816284	73.000000000000	0.0000000000000
2.1480000019073	0.067276313900948	-0.51991462707520	73.000000000000	0.0000000000000
2.1519999504089	0.065699689090252	-0.52223438024521	73.000000000000	0.0000000000000
2.1559998989105	0.064108505845070	-0.52453714609146	73.000000000000	0.0000000000000
2.1600000858307	0.062503084540367	-0.52682262659073	73.000000000000	0.0000000000000
2.1640000343323	0.060883477330208	-0.52909111976624	73.000000000000	0.0000000000000
2.1679999828339	0.059249989688396	-0.53134238719940	73.000000000000	0.0000000000000
2.1719999313354	0.057602547109127	-0.53357642889023	73.000000000000	0.0000000000000
2.1760001182556	0.055941585451365	-0.53579330444336	73.000000000000	0.0000000000000
2.1800000667572	0.054267030209303	-0.53799313306808	73.000000000000	0.0000000000000
2.1840000152588	0.052579425275326	-0.54017561674118	73.000000000000	0.0000000000000
2.1879999637604	0.050878580659628	-0.54234087467194	73.000000000000	0.0000000000000
2.1919999122620	0.049164779484272	-0.54448884725571	73.000000000000	0.0000000000000
2.1960000991821	0.047438215464354	-0.54661965370178	73.000000000000	0.0000000000000
2.2000000476837	0.045698918402195	-0.54873311519623	73.000000000000	0.0000000000000
2.2039999961853	0.043947324156761	-0.55082941055298	73.000000000000	0.0000000000000
2.2079999446869	0.042183324694633	-0.55290818214417	73.000000000000	0.0000000000000
2.2119998931885	0.040407244116068	-0.55496966838837	73.000000000000	0.0000000000000
2.2160000801086	0.038619115948677	-0.55701375007629	73.000000000000	0.0000000000000
2.2200000286102	0.036819227039814	-0.55904048681259	73.000000000000	0.0000000000000
2.2239999771118	0.035007759928703	-0.56104975938797	73.000000000000	0.0000000000000
2.2279999256134	0.033184602856636	-0.56304162740707	73.000000000000	0.0000000000000
2.2320001125336	0.031350325793028	-0.56501597166061	73.000000000000	0.0000000000000
2.2360000610352	0.029504830017686	-0.56697279214859	73.000000000000	0.0000000000000
2.2400000095367	0.027648409828544	-0.56891208887100	73.000000000000	0.0000000000000
2.2439999580383	0.025781100615859	-0.57083374261856	73.000000000000	0.0000000000000
2.2479999065399	0.023903338238597	-0.57273787260056	73.000000000000	0.0000000000000
2.2520000934601	0.022015010938048	-0.57462435960770	73.000000000000	0.0000000000000
2.2560000419617	0.020116422325373	-0.57649314403534	73.000000000000	0.0000000000000
2.2599999904633	0.018207591027021	-0.57834416627884	73.000000000000	0.0000000000000
2.2639999389648	0.016288826242089	-0.58017760515213	73.000000000000	0.0000000000000
2.2679998874664	0.014360569417477	-0.58199316263199	73.000000000000	0.0000000000000
2.2720000743866	0.012422421015799	-0.58379101753235	73.000000000000	0.0000000000000
2.2760000228882	0.010474964976311	-0.58557111024857	73.000000000000	0.0000000000000
2.2799999713898	0.0085182217881083	-0.58733332157135	73.000000000000	0.0000000000000
2.2839999198914	0.0065524955280125	-0.58907765150070	73.000000000000	0.0000000000000
2.2880001068115	0.0045778066851199	-0.59080415964127	73.000000000000	0.0000000000000
2.2920000553131	0.0025945981033146	-0.59251272678375	73.000000000000	0.0000000000000
2.2960000038147	0.00060275039868429	-0.59420335292816	73.000000000000	0.0000000000000
2.2999999523163	-0.0013972927117720	-0.59587597846985	73.000000000000	0.0000000000000
2.3039999008179	-0.0034056531731039	-0.59753066301346	73.000000000000	0.0000000000000
2.3080000877380	-0.0054218866862357	-0.59916740655899	73.000000000000	0.0000000000000
2.3120000362396	-0.0074456878937781	-0.60078608989716	73.000000000000	0.0000000000000
2.3159999847412	-0.0094771832227707	-0.60238671302795	73.000000000000	0.0000000000000
2.3199999332428	-0.011516067199409	-0.60396945476532	73.000000000000	0.0000000000000
2.3239998817444	-0.013562035746872	-0.60553401708603	73.000000000000	0.0000000000000
2.3280000686646	-0.015615074895322	-0.60708057880402	73.000000000000	0.0000000000000
2.3320000171661	-0.017674732953310	-0.60860902070999	73.000000000000	0.0000000000000
2.3359999656677	-0.019741140305996	-0.61011946201324	73.000000000000	0.0000000000000
2.3399999141693	-0.021813850849867	-0.61161184310913	73.000000000000	0.0000000000000
2.3440001010895	-0.023892845958471	-0.61308616399765	73.000000000000	0.0000000000000
2.3480000495911	-0.025977680459619	-0.61454242467880	73.000000000000	0.0000000000000
2.3519999980927	-0.028068332001567	-0.61598056554794	73.000000000000	0.0000000000000
2.3559999465942	-0.030164504423738	-0.61740076541901	73.000000000000	0.0000000000000
2.3599998950958	-0.032266188412905	-0.61880290508270	73.000000000000	0.0000000000000
2.3640000820160	-0.034372925758362	-0.62018698453903	73.000000000000	0.0000000000000
2.3680000305176	-0.036484859883785	-0.62155312299728	73.000000000000	0.0000000000000
2.3719999790192	-0.038601238280535	-0.62290126085281	73.000000000000	0.0000000000000
2.3759999275208	-0.040722500532866	-0.62423139810562	73.000000000000	0.0000000000000
2.3800001144409	-0.042847901582718	-0.62554377317429	73.000000000000	0.0000000000000
2.3840000629425	-0.044977430254221	-0.62683820724487	73.000000000000	0.0000000000000
2.3880000114441	-0.047111075371504	-0.62811464071274	73.000000000000	0.0000000000000
2.3919999599457	-0.049248404800892	-0.62937349081039	73.000000000000	0.0000000000000
2.3959999084473	-0.051389247179031	-0.63061451911926	73.000000000000	0.0000000000000
2.4000000953674	-0.053533311933279	-0.63183778524399	73.000000000000	0.0000000000000
2.4040000438690	-0.055680751800537	-0.63304340839386	73.000000000000	0.0000000000000
2.4079999923706	-0.057830940932035	-0.63423132896423	73.000000000000	0.0000000000000
2.4119999408722	-0.059984069317579	-0.63540184497833	73.000000000000	0.0000000000000
2.4159998893738	-0.062139663845301	-0.63655477762222	73.000000000000	0.0000000000000
2.4200000762939	-0.064297586679459	-0.63769036531448	73.000000000000	0.0000000000000
2.4240000247955	-0.066457688808441	-0.63880848884583	73.000000000000	0.0000000000000
2.4279999732971	-0.068619668483734	-0.63990926742554	73.000000000000	0.0000000000000
2.4319999217987	-0.070783540606499	-0.64099293947220	73.000000000000	0.0000000000000
2.4360001087189	-0.072948873043060	-0.64205950498581	73.000000000000	0.0000000000000
2.4400000572205	-0.075115643441677	-0.64310890436172	73.000000000000	0.0000000000000
2.4440000057220	-0.077283598482609	-0.64414143562317	73.000000000000	0.0000000000000
2.4479999542236	-0.079452425241470	-0.64515709877014	73.000000000000	0.0000000000000
2.4519999027252	-0.081622146070004	-0.64615589380264	73.000000000000	0.0000000000000
2.4560000896454	-0.083792626857758	-0.64713799953461	73.000000000000	0.0000000000000
2.4600000381470	-0.085963584482670	-0.64810353517532	73.000000000000	0.0000000000000
2.4639999866486	-0.088134728372097	-0.64905256032944	73.000000000000	0.0000000000000
2.4679999351501	-0.090306080877781	-0.64998525381088	73.000000000000	0.0000000000000
2.4719998836517	-0.092477217316628	-0.65090173482895	73.000000000000	0.0000000000000
2.4760000705719	-0.094648160040379	-0.65180194377899	73.000000000000	0.0000000000000
2.4800000190735	-0.096818931400776	-0.65268617868423	73.000000000000	0.0000000000000
2.4839999675751	-0.098988957703114	-0.65355443954468	73.000000000000	0.0000000000000
2.4879999160767	-0.10115843266249	-0.65440702438354	73.000000000000	0.0000000000000
2.4920001029968	-0.10332690179348	-0.65524381399155	73.000000000000	0.0000000000000
2.4960000514984	-0.10549426823854	-0.65606516599655	73.000000000000	0.0000000000000
2.5000000000000	-0.10766071826220	-0.65687102079391	73.000000000000	0.0000000000000
2.5039999485016	-0.10982583463192	-0.65766161680222	73.000000000000	0.0000000000000
2.5079998970032	-0.11198918521404	-0.65843701362610	73.000000000000	0.0000000000000
2.5120000839233	-0.11415130645037	-0.65919744968414	73.000000000000	0.0000000000000
2.5160000324249	-0.11631161719561	-0.65994304418564	73.000000000000	0.0000000000000
2.5199999809265	-0.11847013980150	-0.66067385673523	73.000000000000	0.0000000000000
2.5239999294281	-0.12062664330006	-0.66139006614685	73.000000000000	0.0000000000000
2.5280001163483	-0.12278088927269	-0.66209197044373	73.000000000000	0.0000000000000
2.5320000648499	-0.12493304163218	-0.66277939081192	73.000000000000	0.0000000000000
2.5360000133514	-0.12708303332329	-0.66345280408859	73.000000000000	0.0000000000000
2.5399999618530	-0.12923046946526	-0.66411221027374	73.000000000000	0.0000000000000
2.5439999103546	-0.13137555122375	-0.66475766897202	73.000000000000	0.0000000000000
2.5480000972748	-0.13351787626743	-0.66538947820663	73.000000000000	0.0000000000000
2.5520000457764	-0.13565751910210	-0.66600775718689	73.000000000000	0.0000000000000
2.5559999942780	-0.13779439032078	-0.66661262512207	73.000000000000	0.0000000000000
2.5599999427795	-0.13992826640606	-0.66720438003540	73.000000000000	0.0000000000000
2.5639998912811	-0.14205937087536	-0.66778296232224	73.000000000000	0.0000000000000
2.5680000782013	-0.14418713748455	-0.66834867000580	73.000000000000	0.0000000000000
2.5720000267029	-0.14631214737892	-0.66890156269073	73.000000000000	0.0000000000000
2.5759999752045	-0.14843381941319	-0.66944181919098	73.000000000000	0.0000000000000
2.5799999237061	-0.15055227279663	-0.66996967792511	73.000000000000	0.0000000000000
2.5840001106262	-0.15266740322113	-0.67048525810242	73.000000000000	0.0000000000000
2.5880000591278	-0.15477919578552	-0.67098867893219	73.000000000000	0.0000000000000
2.5920000076294	-0.15688766539097	-0.67148000001907	73.000000000000	0.0000000000000
2.5959999561310	-0.15899266302586	-0.67195963859558	73.000000000000	0.0000000000000
2.5999999046326	-0.16109424829483	-0.67242747545242	73.000000000000	0.0000000000000
2.6040000915527	-0.16319218277931	-0.67288380861282	73.000000000000	0.0000000000000
2.6080000400543	-0.16528679430485	-0.67332893610001	73.000000000000	0.0000000000000
2.6119999885559	-0.16737779974937	-0.67376261949539	73.000000000000	0.0000000000000
2.6159999370575	-0.16946515440941	-0.67418527603149	73.000000000000	0.0000000000000
2.6199998855591	-0.17154882848263	-0.67459696531296	73.000000000000	0.0000000000000
2.6240000724792	-0.17362907528877	-0.67499792575836	73.000000000000	0.0000000000000
2.6280000209808	-0.17570555210114	-0.67538827657700	73.000000000000	0.0000000000000
2.6319999694824	-0.17777846753597	-0.67576795816422	73.000000000000	0.0000000000000
2.6359999179840	-0.17984798550606	-0.67613732814789	73.000000000000	0.0000000000000
2.6400001049042	-0.18191359937191	-0.67649656534195	73.000000000000	0.0000000000000
2.6440000534058	-0.18397586047649	-0.67684561014175	73.000000000000	0.0000000000000
2.6480000019073	-0.18603442609310	-0.67718470096588	73.000000000000	0.0000000000000
2.6519999504089	-0.18808941543102	-0.67751395702362	73.000000000000	0.0000000000000
2.6559998989105	-0.19014090299606	-0.67783349752426	73.000000000000	0.0000000000000
2.6600000858307	-0.19218893349171	-0.67814338207245	73.000000000000	0.0000000000000
2.6640000343323	-0.19423341751099	-0.67844390869141	73.000000000000	0.0000000000000
2.6679999828339	-0.19627434015274	-0.67873495817184	73.000000000000	0.0000000000000
2.6719999313354	-0.19831196963787	-0.67901682853699	73.000000000000	0.0000000000000
2.6760001182556	-0.20034609735012	-0.67928957939148	73.000000000000	0.0000000000000
2.6800000667572	-0.20237690210342	-0.67955321073532	73.000000000000	0.0000000000000
2.6840000152588	-0.20440447330475	-0.67980802059174	73.000000000000	0.0000000000000
2.6879999637604	-0.20642861723900	-0.68005388975143	73.000000000000	0.0000000000000
2.6919999122620	-0.20844964683056	-0.68029117584229	73.000000000000	0.0000000000000
2.6960000991821	-0.21046769618988	-0.68051975965500	73.000000000000	0.0000000000000
2.7000000476837	-0.21248251199722	-0.68073964118958	73.000000000000	0.0000000000000
2.7039999961853	-0.21449431777000	-0.68095129728317	73.000000000000	0.0000000000000
2.7079999446869	-0.21650281548500	-0.68115442991257	73.000000000000	0.0000000000000
2.7119998931885	-0.21850842237473	-0.68134933710098	73.000000000000	0.0000000000000
2.7160000801086	-0.22051136195660	-0.68153589963913	73.000000000000	0.0000000000000
2.7200000286102	-0.22251161932945	-0.68171429634094	73.000000000000	0.0000000000000
2.7239999771118	-0.22450883686543	-0.68188470602036	73.000000000000	0.0000000000000
2.7279999256134	-0.22650331258774	-0.68204694986343	73.000000000000	0.0000000000000
2.7320001125336	-0.22849532961845	-0.68220120668411	73.000000000000	0.0000000000000
2.7360000610352	-0.23048488795757	-0.68234747648239	73.000000000000	0.0000000000000
2.7400000095367	-0.23247192800045	-0.68248581886292	73.000000000000	0.0000000000000
2.7439999580383	-0.23445649445057	-0.68261647224426	73.000000000000	0.0000000000000
2.7479999065399	-0.23643845319748	-0.68273925781250	73.000000000000	0.0000000000000
2.7520000934601	-0.23841814696789	-0.68285429477692	73.000000000000	0.0000000000000
2.7560000419617	-0.24039591848850	-0.68296146392822	73.000000000000	0.0000000000000
2.7599999904633	-0.24237130582333	-0.68306094408035	73.000000000000	0.0000000000000
2.7639999389648	-0.24434471130371	-0.68315267562866	73.000000000000	0.0000000000000
2.7679998874664	-0.24631571769714	-0.68323683738708	73.000000000000	0.0000000000000
2.7720000743866	-0.24828529357910	-0.68331325054169	73.000000000000	0.0000000000000
2.7760000228882	-0.25025272369385	-0.68338191509247	73.000000000000	0.0000000000000
2.7799999713898	-0.25221836566925	-0.68344306945801	73.000000000000	0.0000000000000
2.7839999198914	-0.25418242812157	-0.68349629640579	73.000000000000	0.0000000000000
2.7880001068115	-0.25614431500435	-0.68354213237762	73.000000000000	0.0000000000000
2.7920000553131	-0.25810489058495	-0.68358016014099	73.000000000000	0.0000000000000
2.7960000038147	-0.26006415486336	-0.68361037969589	73.000000000000	0.0000000000000
2.7999999523163	-0.26202142238617	-0.68363308906555	73.000000000000	0.0000000000000
2.8039999008179	-0.26397758722305	-0.68364787101746	73.000000000000	0.0000000000000
2.8080000877380	-0.26593202352524	-0.68365508317947	73.000000000000	0.0000000000000
2.8120000362396	-0.26788532733917	-0.68365442752838	73.000000000000	0.0000000000000
2.8159999847412	-0.26983708143234	-0.68364608287811	73.000000000000	0.0000000000000
2.8199999332428	-0.27178764343262	-0.68362981081009	73.000000000000	0.0000000000000
2.8239998817444	-0.27373722195625	-0.68360561132431	73.000000000000	0.0000000000000
2.8280000686646	-0.27568551898003	-0.68357360363007	73.000000000000	0.0000000000000
2.8320000171661	-0.27763274312019	-0.68353354930878	73.000000000000	0.0000000000000
2.8359999656677	-0.27957889437675	-0.68348550796509	73.000000000000	0.0000000000000
2.8399999141693	-0.28152391314507	-0.68342941999435	73.000000000000	0.0000000000000
2.8440001010895	-0.28346773982048	-0.68336528539658	73.000000000000	0.0000000000000
2.8480000495911	-0.28541097044945	-0.68329280614853	73.000000000000	0.0000000000000
2.8519999980927	-0.28735291957855	-0.68321222066879	73.000000000000	0.0000000000000
2.8559999465942	-0.28929385542870	-0.68312352895737	73.000000000000	0.0000000000000
2.8599998950958	-0.29123437404633	-0.68302613496780	73.000000000000	0.0000000000000
2.8640000820160	-0.29317343235016	-0.68292063474655	73.000000000000	0.0000000000000
2.8680000305176	-0.29511195421219	-0.68280655145645	73.000000000000	0.0000000000000
2.8719999790192	-0.29704955220222	-0.68268394470215	73.000000000000	0.0000000000000
2.8759999275208	-0.29898616671562	-0.68255275487900	73.000000000000	0.0000000000000
2.8800001144409	-0.30092206597328	-0.68241286277771	73.000000000000	0.0000000000000
2.8840000629425	-0.30285683274269	-0.68226426839828	73.000000000000	0.0000000000000
2.8880000114441	-0.30479112267494	-0.68210673332214	73.000000000000	0.0000000000000
2.8919999599457	-0.30672413110733	-0.68194043636322	73.000000000000	0.0000000000000
2.8959999084473	-0.30865651369095	-0.68176513910294	73.000000000000	0.0000000000000
2.9000000953674	-0.31058782339096	-0.68158084154129	73.000000000000	0.0000000000000
2.9040000438690	-0.31251832842827	-0.68138730525970	73.000000000000	0.0000000000000
2.9079999923706	-0.31444799900055	-0.68118458986282	73.000000000000	0.0000000000000
2.9119999408722	-0.31637638807297	-0.68097269535065	73.000000000000	0.0000000000000
2.9159998893738	-0.31830406188965	-0.68075132369995	73.000000000000	0.0000000000000
2.9200000762939	-0.32023066282272	-0.68052047491074	73.000000000000	0.0000000000000
2.9240000247955	-0.32215580344200	-0.68028050661087	73.000000000000	0.0000000000000
2.9279999732971	-0.32408028841019	-0.68003058433533	73.000000000000	0.0000000000000
2.9319999217987	-0.32600346207619	-0.67977094650269	73.000000000000	0.0000000000000
2.9360001087189	-0.32792526483536	-0.67950183153152	73.000000000000	0.0000000000000
2.9400000572205	-0.32984590530396	-0.67922282218933	73.000000000000	0.0000000000000
2.9440000057220	-0.33176532387733	-0.67893391847610	73.000000000000	0.0000000000000
2.9479999542236	-0.33368337154388	-0.67863494157791	73.000000000000	0.0000000000000
2.9519999027252	-0.33559969067574	-0.67832607030869	73.000000000000	0.0000000000000
2.9560000896454	-0.33751484751701	-0.67800694704056	73.000000000000	0.0000000000000
2.9600000381470	-0.33942809700966	-0.67767786979675	73.000000000000	0.0000000000000
2.9639999866486	-0.34134000539780	-0.67733824253082	73.000000000000	0.0000000000000
2.9679999351501	-0.34325018525124	-0.67698836326599	73.000000000000	0.0000000000000
2.9719998836517	-0.34515818953514	-0.67662835121155	73.000000000000	0.0000000000000
2.9760000705719	-0.34706458449364	-0.67625766992569	73.000000000000	0.0000000000000
2.9800000190735	-0.34896892309189	-0.67587655782700	73.000000000000	0.0000000000000
2.9839999675751	-0.35087123513222	-0.67548489570618	73.000000000000	0.0000000000000
2.9879999160767	-0.35277128219604	-0.67508256435394	73.000000000000	0.0000000000000
2.9920001029968	-0.35466903448105	-0.67466962337494	73.000000000000	0.0000000000000
2.9960000514984	-0.35656446218491	-0.67424601316452	73.000000000000	0.0000000000000
3.0000000000000	-0.35845771431923	-0.67381137609482	73.000000000000	0.0000000000000
3.0039999485016	-0.36034807562828	-0.67336606979370	73.000000000000	0.0000000000000
3.0079998970032	-0.36223611235619	-0.67290979623795	73.000000000000	0.0000000000000
3.0120000839233	-0.36412107944489	-0.67244273424149	73.000000000000	0.0000000000000
3.0160000324249	-0.36600318551064	-0.67196458578110	73.000000000000	0.0000000000000
3.0199999809265	-0.36788240075111	-0.67147558927536	73.000000000000	0.0000000000000
3.0239999294281	-0.36975860595703	-0.67097538709641	73.000000000000	0.0000000000000
3.0280001163483	-0.37163132429123	-0.67046427726746	73.000000000000	0.0000000000000
3.0320000648499	-0.37350085377693	-0.66994202136993	73.000000000000	0.0000000000000
3.0360000133514	-0.37536713480949	-0.66940855979919	73.000000000000	0.0000000000000
3.0399999618530	-0.37722966074944	-0.66886401176453	73.000000000000	0.0000000000000
3.0439999103546	-0.37908840179443	-0.66830843687057	73.000000000000	0.0000000000000
3.0480000972748	-0.38094356656075	-0.66774153709412	73.000000000000	0.0000000000000
3.0520000457764	-0.38279476761818	-0.66716343164444	73.000000000000	0.0000000000000
3.0559999942780	-0.38464158773422	-0.66657435894012	73.000000000000	0.0000000000000
3.0599999427795	-0.38648456335068	-0.66597390174866	73.000000000000	0.0000000000000
3.0639998912811	-0.38832294940948	-0.66536235809326	73.000000000000	0.0000000000000
3.0680000782013	-0.39015707373619	-0.66473960876465	73.000000000000	0.0000000000000
3.0720000267029	-0.39198675751686	-0.66410565376282	73.000000000000	0.0000000000000
3.0759999752045	-0.39381161332130	-0.66346049308777	73.000000000000	0.0000000000000
3.0799999237061	-0.39563161134720	-0.66280424594879	73.000000000000	0.0000000000000
3.0840001106262	-0.39744690060616	-0.66213673353195	73.000000000000	0.0000000000000
3.0880000591278	-0.39925679564476	-0.66145825386047	73.000000000000	0.0000000000000
3.0920000076294	-0.40106189250946	-0.66076844930649	73.000000000000	0.0000000000000
3.0959999561310	-0.40286138653755	-0.66006761789322	73.000000000000	0.0000000000000
3.0999999046326	-0.40465563535690	-0.65935575962067	73.000000000000	0.0000000000000
3.1040000915527	-0.40644448995590	-0.65863281488419	73.000000000000	0.0000000000000
3.1080000400543	-0.40822756290436	-0.65789884328842	73.000000000000	0.0000000000000
3.1119999885559	-0.41000476479530	-0.65715396404266	73.000000000000	0.0000000000000
3.1159999370575	-0.41177603602409	-0.65639811754227	73.000000000000	0.0000000000000
3.1199998855591	-0.41354131698608	-0.65563148260117	73.000000000000	0.0000000000000
3.1240000724792	-0.41530025005341	-0.65485405921936	73.000000000000	0.0000000000000
3.1280000209808	-0.41705331206322	-0.65406566858292	73.000000000000	0.0000000000000
3.1319999694824	-0.41879984736443	-0.65326660871506	73.000000000000	0.0000000000000
3.1359999179840	-0.42053985595703	-0.65245687961578	73.000000000000	0.0000000000000
3.1400001049042	-0.42227342724800	-0.65163642168045	73.000000000000	0.0000000000000
3.1440000534058	-0.42400002479553	-0.65080559253693	73.000000000000	0.0000000000000
3.1480000019073	-0.42572012543678	-0.64996397495270	73.000000000000	0.0000000000000
3.1519999504089	-0.42743310332298	-0.64911216497421	73.000000000000	0.0000000000000
3.1559998989105	-0.42913913726807	-0.64824980497360	73.000000000000	0.0000000000000
3.1600000858307	-0.43083783984184	-0.64737725257874	73.000000000000	0.0000000000000
3.1640000343323	-0.43252962827682	-0.64649432897568	73.000000000000	0.0000000000000
3.1679999828339	-0.43421429395676	-0.64560109376907	73.000000000000	0.0000000000000
3.1719999313354	-0.43589127063751	-0.64469796419144	73.000000000000	0.0000000000000
3.1760001182556	-0.43756064772606	-0.64378470182419	73.000000000000	0.0000000000000
3.1800000667572	-0.43922254443169	-0.64286154508591	73.000000000000	0.0000000000000
3.1840000152588	-0.44087713956833	-0.64192825555801	73.000000000000	0.0000000000000
3.1879999637604	-0.44252347946167	-0.64098542928696	73.000000000000	0.0000000000000
3.1919999122620	-0.44416210055351	-0.64003282785416	73.000000000000	0.0000000000000
3.1960000991821	-0.44579303264618	-0.63907045125961	73.000000000000	0.0000000000000
3.2000000476837	-0.44741585850716	-0.63809853792191	73.000000000000	0.0000000000000
3.2039999961853	-0.44903087615967	-0.63711696863174	73.000000000000	0.0000000000000
3.2079999446869	-0.45063742995262	-0.63612622022629	73.000000000000	0.0000000000000
3.2119998931885	-0.45223599672318	-0.63512587547302	73.000000000000	0.0000000000000
3.2160000801086	-0.45382636785507	-0.63411629199982	73.000000000000	0.0000000000000
3.2200000286102	-0.45540818572044	-0.63309782743454	73.000000000000	0.0000000000000
3.2239999771118	-0.45698192715645	-0.63206988573074	73.000000000000	0.0000000000000
3.2279999256134	-0.45854699611664	-0.63103306293488	73.000000000000	0.0000000000000
3.2320001125336	-0.46010375022888	-0.62998735904694	73.000000000000	0.0000000000000
3.2360000610352	-0.46165168285370	-0.62893289327621	73.000000000000	0.0000000000000
3.2400000095367	-0.46319150924683	-0.62786930799484	73.000000000000	0.0000000000000
3.2439999580383	-0.46472215652466	-0.62679731845856	73.000000000000	0.0000000000000
3.2479999065399	-0.46624466776848	-0.62571644783020	73.000000000000	0.0000000000000
3.2520000934601	-0.46775823831558	-0.62462705373764	73.000000000000	0.0000000000000
3.2560000419617	-0.46926295757294	-0.62352931499481	73.000000000000	0.0000000000000
3.2599999904633	-0.47075912356377	-0.62242311239243	73.000000000000	0.0000000000000
3.2639999389648	-0.47224625945091	-0.62130856513977	73.000000000000	0.0000000000000
3.2679998874664	-0.47372442483902	-0.62018585205078	73.000000000000	0.0000000000000
3.2720000743866	-0.47519385814667	-0.61905485391617	73.000000000000	0.0000000000000
3.2760000228882	-0.47665461897850	-0.61791557073593	73.000000000000	0.0000000000000
3.2799999713898	-0.47810620069504	-0.61676824092865	73.000000000000	0.0000000000000
3.2839999198914	-0.47954878211021	-0.61561310291290	73.000000000000	0.0000000000000
3.2880001068115	-0.48098251223564	-0.61444991827011	73.000000000000	0.0000000000000
3.2920000553131	-0.48240712285042	-0.61327886581421	73.000000000000	0.0000000000000
3.2960000038147	-0.48382246494293	-0.61210006475449	73.000000000000	0.0000000000000
3.2999999523163	-0.48522925376892	-0.61091333627701	73.000000000000	0.0000000000000
3.3039999008179	-0.48662677407265	-0.60971891880035	73.000000000000	0.0000000000000
3.3080000877380	-0.48801505565643	-0.60851693153381	73.000000000000	0.0000000000000
3.3120000362396	-0.48939433693886	-0.60730731487274	73.000000000000	0.0000000000000
3.3159999847412	-0.49076452851295	-0.60608994960785	73.000000000000	0.0000000000000
3.3199999332428	-0.49212536215782	-0.60486531257629	73.000000000000	0.0000000000000
3.3239998817444	-0.49347740411758	-0.60363292694092	73.000000000000	0.0000000000000
3.3280000686646	-0.49481999874115	-0.60239326953888	73.000000000000	0.0000000000000
3.3320000171661	-0.49615338444710	-0.60114622116089	73.000000000000	0.0000000000000
3.3359999656677	-0.49747762084007	-0.59989178180695	73.000000000000	0.0000000000000
3.3399999141693	-0.49879282712936	-0.59862977266312	73.000000000000	0.0000000000000
3.3440001010895	-0.50009852647781	-0.59736067056656	73.000000000000	0.0000000000000
3.3480000495911	-0.50139510631561	-0.59608423709869	73.000000000000	0.0000000000000
3.3519999980927	-0.50268238782883	-0.59480053186417	73.000000000000	0.0000000000000
3.3559999465942	-0.50396049022675	-0.59350943565369	73.000000000000	0.0000000000000
3.3599998950958	-0.50522911548615	-0.59221118688583	73.000000000000	0.0000000000000
3.3640000820160	-0.50648856163025	-0.59090566635132	73.000000000000	0.0000000000000
3.3680000305176	-0.50773870944977	-0.58959287405014	73.000000000000	0.0000000000000
3.3719999790192	-0.50897949934006	-0.58827298879623	73.000000000000	0.0000000000000
3.3759999275208	-0.51021063327789	-0.58694595098495	73.000000000000	0.0000000000000
3.3800001144409	-0.51143234968185	-0.58561176061630	73.000000000000	0.0000000000000
3.3840000629425	-0.51264488697052	-0.58427017927170	73.000000000000	0.0000000000000
3.3880000114441	-0.51384782791138	-0.58292156457901	73.000000000000	0.0000000000000
3.3919999599457	-0.51504147052765	-0.58156543970108	73.000000000000	0.0000000000000
3.3959999084473	-0.51622509956360	-0.58020240068436	73.000000000000	0.0000000000000
3.4000000953674	-0.51739960908890	-0.57883203029633	73.000000000000	0.0000000000000
3.4040000438690	-0.51856422424316	-0.57745444774628	73.000000000000	0.0000000000000
3.4079999923706	-0.51971906423569	-0.57606977224350	73.000000000000	0.0000000000000
3.4119999408722	-0.52086472511292	-0.57467746734619	73.000000000000	0.0000000000000
3.4159998893738	-0.52200013399124	-0.57327818870544	73.000000000000	0.0000000000000
3.4200000762939	-0.52312588691711	-0.57187151908875	73.000000000000	0.0000000000000
3.4240000247955	-0.52424174547195	-0.57045757770538	73.000000000000	0.0000000000000
3.4279999732971	-0.52534770965576	-0.56903642416000	73.000000000000	0.0000000000000
3.4319999217987	-0.52644366025925	-0.56760764122009	73.000000000000	0.0000000000000
3.4360001087189	-0.52752983570099	-0.56617152690887	73.000000000000	0.0000000000000
3.4400000572205	-0.52860546112061	-0.56472808122635	73.000000000000	0.0000000000000
3.4440000057220	-0.52967107295990	-0.56327742338181	73.000000000000	0.0000000000000
3.4479999542236	-0.53072643280029	-0.56181907653809	73.000000000000	0.0000000000000
3.4519999027252	-0.53177148103714	-0.56035327911377	73.000000000000	0.0000000000000
3.4560000896454	-0.53280615806580	-0.55888003110886	73.000000000000	0.0000000000000
3.4600000381470	-0.53383034467697	-0.55739903450012	73.000000000000	0.0000000000000
3.4639999866486	-0.53484362363815	-0.55591076612473	73.000000000000	0.0000000000000
3.4679999351501	-0.53584629297256	-0.55441474914551	73.000000000000	0.0000000000000
3.4719998836517	-0.53683799505234	-0.55291122198105	73.000000000000	0.0000000000000
3.4760000705719	-0.53781884908676	-0.55140012502670	73.000000000000	0.0000000000000
3.4800000190735	-0.53878861665726	-0.54988133907318	73.000000000000	0.0000000000000
3.4839999675751	-0.53974753618240	-0.54835480451584	73.000000000000	0.0000000000000
3.4879999160767	-0.54069483280182	-0.54682046175003	73.000000000000	0.0000000000000
3.4920001029968	-0.54163068532944	-0.54527860879898	73.000000000000	0.0000000000000
3.4960000514984	-0.54255521297455	-0.54372888803482	73.000000000000	0.0000000000000
3.5000000000000	-0.54346781969070	-0.54217135906219	73.000000000000	0.0000000000000
3.5039999485016	-0.54436862468719	-0.54060631990433	73.000000000000	0.0000000000000
3.5079998970032	-0.54525744915009	-0.53903329372406	73.000000000000	0.0000000000000
3.5120000839233	-0.54613423347473	-0.53745245933533	73.000000000000	0.0000000000000
3.5160000324249	-0.54699850082397	-0.53586387634277	73.000000000000	0.0000000000000
3.5199999809265	-0.54785037040710	-0.53426748514175	73.000000000000	0.0000000000000
3.5239999294281	-0.54868984222412	-0.53266334533691	73.000000000000	0.0000000000000
3.5280001163483	-0.54951632022858	-0.53105139732361	73.000000000000	0.0000000000000
3.5320000648499	-0.55032980442047	-0.52943152189255	73.000000000000	0.0000000000000
3.5360000133514	-0.55113005638123	-0.52780401706696	73.000000000000	0.0000000000000
3.5399999618530	-0.55191731452942	-0.52616864442825	73.000000000000	0.0000000000000
3.5439999103546	-0.55269074440002	-0.52452564239502	73.000000000000	0.0000000000000
3.5480000972748	-0.55345058441162	-0.52287471294403	73.000000000000	0.0000000000000
3.5520000457764	-0.55419647693634	-0.52121633291245	73.000000000000	0.0000000000000
3.5559999942780	-0.55492800474167	-0.51955014467239	73.000000000000	0.0000000000000
3.5599999427795	-0.55564558506012	-0.51787620782852	73.000000000000	0.0000000000000
3.5639998912811	-0.55634826421738	-0.51619499921799	73.000000000000	0.0000000000000
3.5680000782013	-0.55703645944595	-0.51450598239899	73.000000000000	0.0000000000000
3.5720000267029	-0.55770951509476	-0.51280969381332	73.000000000000	0.0000000000000
3.5759999752045	-0.55836755037308	-0.51110577583313	73.000000000000	0.0000000000000
3.5799999237061	-0.55901008844376	-0.50939476490021	73.000000000000	0.0000000000000
3.5840001106262	-0.55963689088821	-0.50767624378204	73.000000000000	0.0000000000000
3.5880000591278	-0.56024795770645	-0.50595068931580	73.000000000000	0.0000000000000
3.5920000076294	-0.56084293127060	-0.50421798229218	73.000000000000	0.0000000000000
3.5959999561310	-0.56142133474350	-0.50247830152512	73.000000000000	0.0000000000000
3.5999999046326	-0.56198352575302	-0.50073158740997	73.000000000000	0.0000000000000
3.6040000915527	-0.56252872943878	-0.49897816777229	73.000000000000	0.0000000000000
3.6080000400543	-0.56305676698685	-0.49721813201904	73.000000000000	0.0000000000000
3.6119999885559	-0.56356757879257	-0.49545145034790	73.000000000000	0.0000000000000
3.6159999370575	-0.56406098604202	-0.49367836117744	73.000000000000	0.0000000000000
3.6199998855591	-0.56453651189804	-0.49189913272858	73.000000000000	0.0000000000000
3.6240000724792	-0.56499397754669	-0.49011361598969	73.000000000000	0.0000000000000
3.6280000209808	-0.56543332338333	-0.48832207918167	73.000000000000	0.0000000000000
3.6319999694824	-0.56585395336151	-0.48652487993240	73.000000000000	0.0000000000000
3.6359999179840	-0.56625574827194	-0.48472213745117	73.000000000000	0.0000000000000
3.6400001049042	-0.56663888692856	-0.48291367292404	73.000000000000	0.0000000000000
3.6440000534058	-0.56700253486633	-0.48110014200211	73.000000000000	0.0000000000000
3.6480000019073	-0.56734657287598	-0.47928145527840	73.000000000000	0.0000000000000
3.6519999504089	-0.56767117977142	-0.47745788097382	73.000000000000	0.0000000000000
3.6559998989105	-0.56797558069229	-0.47562983632088	73.000000000000	0.0000000000000
3.6600000858307	-0.56825983524323	-0.47379714250565	73.000000000000	0.0000000000000
3.6640000343323	-0.56852346658707	-0.47196048498154	73.000000000000	0.0000000000000
3.6679999828339	-0.56876653432846	-0.47011974453926	73.000000000000	0.0000000000000
3.6719999313354	-0.56898874044418	-0.46827539801598	73.000000000000	0.0000000000000
3.6760001182556	-0.56918972730637	-0.46642756462097	73.000000000000	0.0000000000000
3.6800000667572	-0.56936913728714	-0.46457660198212	73.000000000000	0.0000000000000
3.6840000152588	-0.56952697038651	-0.46272280812263	73.000000000000	0.0000000000000
3.6879999637604	-0.56966304779053	-0.46086651086807	73.000000000000	0.0000000000000
3.6919999122620	-0.56977719068527	-0.45900776982307	73.000000000000	0.0000000000000
3.6960000991821	-0.56986886262894	-0.45714721083641	73.000000000000	0.0000000000000
3.7000000476837	-0.56993812322617	-0.45528483390808	73.000000000000	0.0000000000000
3.7039999961853	-0.56998491287231	-0.45342120528221	73.000000000000	0.0000000000000
3.7079999446869	-0.57000863552094	-0.45155650377274	73.000000000000	0.0000000000000
3.7119998931885	-0.57000923156738	-0.44969123601913	73.000000000000	0.0000000000000
3.7160000801086	-0.56998664140701	-0.44782567024231	73.000000000000	0.0000000000000
3.7200000286102	-0.56994068622589	-0.44595998525620	73.000000000000	0.0000000000000
3.7239999771118	-0.56987118721008	-0.44409480690956	73.000000000000	0.0000000000000
3.7279999256134	-0.56977790594101	-0.44223031401634	73.000000000000	0.0000000000000
3.7320001125336	-0.56966072320938	-0.44036719202995	73.000000000000	0.0000000000000
3.7360000610352	-0.56951934099197	-0.43850544095039	73.000000000000	0.0000000000000
3.7400000095367	-0.56935387849808	-0.43664577603340	73.000000000000	0.0000000000000
3.7439999580383	-0.56916397809982	-0.43478843569756	73.000000000000	0.0000000000000
3.7479999065399	-0.56894975900650	-0.43293365836143	73.000000000000	0.0000000000000
3.7520000934601	-0.56871092319489	-0.43108218908310	73.000000000000	0.0000000000000
3.7560000419617	-0.56844723224640	-0.42923447489738	73.000000000000	0.0000000000000
3.7599999904633	-0.56815892457962	-0.42739060521126	73.000000000000	0.0000000000000
3.7639999389648	-0.56784576177597	-0.42555117607117	73.000000000000	0.0000000000000
3.7679998874664	-0.56750786304474	-0.42371672391891	73.000000000000	0.0000000000000
3.7720000743866	-0.56714475154877	-0.42188757658005	73.000000000000	0.0000000000000
3.7760000228882	-0.56675654649734	-0.42006433010101	73.000000000000	0.0000000000000
3.7799999713898	-0.56634318828583	-0.41824737191200	73.000000000000	0.0000000000000
3.7839999198914	-0.56590473651886	-0.41643702983856	73.000000000000	0.0000000000000
3.7880001068115	-0.56544131040573	-0.41463401913643	73.000000000000	0.0000000000000
3.7920000553131	-0.56495249271393	-0.41283866763115	73.000000000000	0.0000000000000
3.7960000038147	-0.56443852186203	-0.41105154156685	73.000000000000	0.0000000000000
3.7999999523163	-0.56389939785004	-0.40927287936211	73.000000000000	0.0000000000000
3.8039999008179	-0.56333523988724	-0.40750351548195	73.000000000000	0.0000000000000
3.8080000877380	-0.56274580955505	-0.40574350953102	73.000000000000	0.0000000000000
3.8120000362396	-0.56213134527206	-0.40399396419525	73.000000000000	0.0000000000000
3.8159999847412	-0.56149202585220	-0.40225481987000	73.000000000000	0.0000000000000
3.8199999332428	-0.56082755327225	-0.40052670240402	73.000000000000	0.0000000000000
3.8239998817444	-0.56013834476471	-0.39881005883217	73.000000000000	0.0000000000000
3.8280000686646	-0.55942451953888	-0.39710569381714	73.000000000000	0.0000000000000
3.8320000171661	-0.55868595838547	-0.39541375637054	73.000000000000	0.0000000000000
3.8359999656677	-0.55792295932770	-0.39373496174812	73.000000000000	0.0000000000000
3.8399999141693	-0.55713534355164	-0.39206969738007	73.000000000000	0.0000000000000
3.8440001010895	-0.55632382631302	-0.39041849970818	73.000000000000	0.0000000000000
3.8480000495911	-0.55548810958862	-0.38878175616264	73.000000000000	0.0000000000000
3.8519999980927	-0.55462855100632	-0.38716012239456	73.000000000000	0.0000000000000
3.8559999465942	-0.55374515056610	-0.38555410504341	73.000000000000	0.0000000000000
3.8599998950958	-0.55283844470978	-0.38396397233009	73.000000000000	0.0000000000000
3.8640000820160	-0.55190825462341	-0.38239058852196	73.000000000000	0.0000000000000
3.8680000305176	-0.55095505714417	-0.38083410263062	73.000000000000	0.0000000000000
3.8719999790192	-0.54997920989990	-0.37929487228394	73.000000000000	0.0000000000000
3.8759999275208	-0.54898059368134	-0.37777382135391	73.000000000000	0.0000000000000
3.8800001144409	-0.54795986413956	-0.37627115845680	73.000000000000	0.0000000000000
3.8840000629425	-0.54691714048386	-0.37478733062744	73.000000000000	0.0000000000000
3.8880000114441	-0.54585266113281	-0.37332287430763	73.000000000000	0.0000000000000
3.8919999599457	-0.54476678371429	-0.37187820672989	73.000000000000	0.0000000000000
3.8959999084473	-0.54365986585617	-0.37045392394066	73.000000000000	0.0000000000000
3.9000000953674	-0.54253208637238	-0.36905035376549	73.000000000000	0.0000000000000
3.9040000438690	-0.54138398170471	-0.36766788363457	73.000000000000	0.0000000000000
3.9079999923706	-0.54021567106247	-0.36630702018738	73.000000000000	0.0000000000000
3.9119999408722	-0.53902798891068	-0.36496812105179	73.000000000000	0.0000000000000
3.9159998893738	-0.53782087564468	-0.36365169286728	73.000000000000	0.0000000000000
3.9200000762939	-0.53659474849701	-0.36235815286636	73.000000000000	0.0000000000000
3.9240000247955	-0.53535020351410	-0.36108779907227	73.000000000000	0.0000000000000
3.9279999732971	-0.53408765792847	-0.35984101891518	73.000000000000	0.0000000000000
3.9319999217987	-0.53280735015869	-0.35861840844154	73.000000000000	0.0000000000000
3.9360001087189	-0.53150993585587	-0.35742002725601	73.000000000000	0.0000000000000
3.9400000572205	-0.53019577264786	-0.35624647140503	73.000000000000	0.0000000000000
3.9440000057220	-0.52886515855789	-0.35509806871414	73.000000000000	0.0000000000000
3.9479999542236	-0.52751874923706	-0.35397499799728	73.000000000000	0.0000000000000
3.9519999027252	-0.52615714073181	-0.35287776589394	73.000000000000	0.0000000000000
3.9560000896454	-0.52478039264679	-0.35180664062500	73.000000000000	0.0000000000000
3.9600000381470	-0.52338951826096	-0.35076189041138	73.000000000000	0.0000000000000
3.9639999866486	-0.52198463678360	-0.34974378347397	73.000000000000	0.0000000000000
3.9679999351501	-0.52056634426117	-0.34875279664993	73.000000000000	0.0000000000000
3.9719998836517	-0.51913547515869	-0.34778892993927	73.000000000000	0.0000000000000
3.9760000705719	-0.51769220829010	-0.34685248136520	73.000000000000	0.0000000000000
3.9800000190735	-0.51623708009720	-0.34594389796257	73.000000000000	0.0000000000000
3.9839999675751	-0.51477062702179	-0.34506350755692	73.000000000000	0.0000000000000
3.9879999160767	-0.51329380273819	-0.34421098232269	73.000000000000	0.0000000000000
3.9920001029968	-0.51180660724640	-0.34338694810867	73.000000000000	0.0000000000000
3.9960000514984	-0.51031005382538	-0.34259155392647	73.000000000000	0.0000000000000
4.0000000000000	-0.50880438089371	-0.34182494878769	73.000000000000	0.0000000000000
