#Parameters = {d=100; L=50}
#"Frequency / GHz"	"S1,1 (d=100) [Re]"	"S1,1 (d=100) [Im]"	"Ref.Imp. [Re]"	"Ref.Imp. [Im]"
#-----------------------------------------------------------------------------------------
0.0000000000000	1.0000000000000	-0.0000000000000	73.000000000000	0.0000000000000
0.0040000001899898	0.99995690584183	-0.0089801577851176	73.000000000000	0.0000000000000
0.0080000003799796	0.99982792139053	-0.017959125339985	73.000000000000	0.0000000000000
0.012000000104308	0.99961298704147	-0.026935705915093	73.000000000000	0.0000000000000
0.016000000759959	0.99931228160858	-0.035908717662096	73.000000000000	0.0000000000000
0.019999999552965	0.99892574548721	-0.044876974076033	73.000000000000	0.0000000000000
0.024000000208616	0.99845361709595	-0.053839303553104	73.000000000000	0.0000000000000
0.028000000864267	0.99789625406265	-0.062794536352158	73.000000000000	0.0000000000000
0.032000001519918	0.99725353717804	-0.071741506457329	73.000000000000	0.0000000000000
0.035999998450279	0.99652612209320	-0.080679111182690	73.000000000000	0.0000000000000
0.039999999105930	0.99571394920349	-0.089606180787086	73.000000000000	0.0000000000000
0.043999999761581	0.99481749534607	-0.098521620035172	73.000000000000	0.0000000000000
0.048000000417233	0.99383699893951	-0.10742431133986	73.000000000000	0.0000000000000
0.052000001072884	0.99277299642563	-0.11631319671869	73.000000000000	0.0000000000000
0.056000001728535	0.99162578582764	-0.12518721818924	73.000000000000	0.0000000000000
0.059999998658895	0.99039572477341	-0.13404534757137	73.000000000000	0.0000000000000
0.064000003039837	0.98908334970474	-0.14288651943207	73.000000000000	0.0000000000000
0.068000003695488	0.98768919706345	-0.15170982480049	73.000000000000	0.0000000000000
0.071999996900558	0.98621368408203	-0.16051420569420	73.000000000000	0.0000000000000
0.075999997556210	0.98465740680695	-0.16929881274700	73.000000000000	0.0000000000000
0.079999998211861	0.98302066326141	-0.17806263267994	73.000000000000	0.0000000000000
0.083999998867512	0.98130428791046	-0.18680486083031	73.000000000000	0.0000000000000
0.087999999523163	0.97950863838196	-0.19552461802959	73.000000000000	0.0000000000000
0.092000000178814	0.97763442993164	-0.20422104001045	73.000000000000	0.0000000000000
0.096000000834465	0.97568213939667	-0.21289333701134	73.000000000000	0.0000000000000
0.10000000149012	0.97365254163742	-0.22154079377651	73.000000000000	0.0000000000000
0.10400000214577	0.97154593467712	-0.23016254603863	73.000000000000	0.0000000000000
0.10800000280142	0.96936327219009	-0.23875799775124	73.000000000000	0.0000000000000
0.11200000345707	0.96710515022278	-0.24732644855976	73.000000000000	0.0000000000000
0.11599999666214	0.96477192640305	-0.25586718320847	73.000000000000	0.0000000000000
0.11999999731779	0.96236443519592	-0.26437959074974	73.000000000000	0.0000000000000
0.12399999797344	0.95988333225250	-0.27286311984062	73.000000000000	0.0000000000000
0.12800000607967	0.95732915401459	-0.28131720423698	73.000000000000	0.0000000000000
0.13199999928474	0.95470249652863	-0.28974127769470	73.000000000000	0.0000000000000
0.13600000739098	0.95200407505035	-0.29813483357430	73.000000000000	0.0000000000000
0.14000000059605	0.94923436641693	-0.30649736523628	73.000000000000	0.0000000000000
0.14399999380112	0.94639408588409	-0.31482845544815	73.000000000000	0.0000000000000
0.14800000190735	0.94348371028900	-0.32312768697739	73.000000000000	0.0000000000000
0.15199999511242	0.94050401449203	-0.33139464259148	73.000000000000	0.0000000000000
0.15600000321865	0.93745529651642	-0.33962884545326	73.000000000000	0.0000000000000
0.15999999642372	0.93433833122253	-0.34783005714417	73.000000000000	0.0000000000000
0.16400000452995	0.93115353584290	-0.35599794983864	73.000000000000	0.0000000000000
0.16799999773502	0.92790144681931	-0.36413204669952	73.000000000000	0.0000000000000
0.17200000584126	0.92458254098892	-0.37223213911057	73.000000000000	0.0000000000000
0.17599999904633	0.92119741439819	-0.38029801845551	73.000000000000	0.0000000000000
0.18000000715256	0.91774636507034	-0.38832932710648	73.000000000000	0.0000000000000
0.18400000035763	0.91422998905182	-0.39632582664490	73.000000000000	0.0000000000000
0.18799999356270	0.91064852476120	-0.40428718924522	73.000000000000	0.0000000000000
0.19200000166893	0.90700250864029	-0.41221332550049	73.000000000000	0.0000000000000
0.19599999487400	0.90329229831696	-0.42010393738747	73.000000000000	0.0000000000000
0.20000000298023	0.89951819181442	-0.42795878648758	73.000000000000	0.0000000000000
0.20399999618530	0.89568054676056	-0.43577772378922	73.000000000000	0.0000000000000
0.20800000429153	0.89177960157394	-0.44356042146683	73.000000000000	0.0000000000000
0.21199999749660	0.88781571388245	-0.45130673050880	73.000000000000	0.0000000000000
0.21600000560284	0.88378918170929	-0.45901653170586	73.000000000000	0.0000000000000
0.21999999880791	0.87970018386841	-0.46668949723244	73.000000000000	0.0000000000000
0.22400000691414	0.87554883956909	-0.47432541847229	73.000000000000	0.0000000000000
0.22800000011921	0.87133538722992	-0.48192408680916	73.000000000000	0.0000000000000
0.23199999332428	0.86706006526947	-0.48948535323143	73.000000000000	0.0000000000000
0.23600000143051	0.86272305250168	-0.49700883030891	73.000000000000	0.0000000000000
0.23999999463558	0.85832428932190	-0.50449436903000	73.000000000000	0.0000000000000
0.24400000274181	0.85386401414871	-0.51194173097610	73.000000000000	0.0000000000000
0.24799999594688	0.84934216737747	-0.51935052871704	73.000000000000	0.0000000000000
0.25200000405312	0.84475886821747	-0.52672064304352	73.000000000000	0.0000000000000
0.25600001215935	0.84011441469193	-0.53405153751373	73.000000000000	0.0000000000000
0.25999999046326	0.83540856838226	-0.54134309291840	73.000000000000	0.0000000000000
0.26399999856949	0.83064132928848	-0.54859489202499	73.000000000000	0.0000000000000
0.26800000667572	0.82581281661987	-0.55580651760101	73.000000000000	0.0000000000000
0.27200001478195	0.82092303037643	-0.56297761201859	73.000000000000	0.0000000000000
0.27599999308586	0.81597173213959	-0.57010775804520	73.000000000000	0.0000000000000
0.28000000119209	0.81095921993256	-0.57719653844833	73.000000000000	0.0000000000000
0.28400000929832	0.80588531494141	-0.58424353599548	73.000000000000	0.0000000000000
0.28799998760223	0.80074989795685	-0.59124815464020	73.000000000000	0.0000000000000
0.29199999570847	0.79555296897888	-0.59820997714996	73.000000000000	0.0000000000000
0.29600000381470	0.79029452800751	-0.60512846708298	73.000000000000	0.0000000000000
0.30000001192093	0.78497451543808	-0.61200302839279	73.000000000000	0.0000000000000
0.30399999022484	0.77959281206131	-0.61883294582367	73.000000000000	0.0000000000000
0.30799999833107	0.77414947748184	-0.62561780214310	73.000000000000	0.0000000000000
0.31200000643730	0.76864439249039	-0.63235688209534	73.000000000000	0.0000000000000
0.31600001454353	0.76307761669159	-0.63904947042465	73.000000000000	0.0000000000000
0.31999999284744	0.75744909048080	-0.64569491147995	73.000000000000	0.0000000000000
0.32400000095367	0.75175887346268	-0.65229231119156	73.000000000000	0.0000000000000
0.32800000905991	0.74600678682327	-0.65884113311768	73.000000000000	0.0000000000000
0.33199998736382	0.74019294977188	-0.66534048318863	73.000000000000	0.0000000000000
0.33599999547005	0.73431748151779	-0.67178958654404	73.000000000000	0.0000000000000
0.34000000357628	0.72838020324707	-0.67818754911423	73.000000000000	0.0000000000000
0.34400001168251	0.72238165140152	-0.68453353643417	73.000000000000	0.0000000000000
0.34799998998642	0.71632140874863	-0.69082671403885	73.000000000000	0.0000000000000
0.35199999809265	0.71019971370697	-0.69706612825394	73.000000000000	0.0000000000000
0.35600000619888	0.70401698350906	-0.70325094461441	73.000000000000	0.0000000000000
0.36000001430511	0.69777315855026	-0.70938003063202	73.000000000000	0.0000000000000
0.36399999260902	0.69146859645844	-0.71545249223709	73.000000000000	0.0000000000000
0.36800000071526	0.68510335683823	-0.72146731615067	73.000000000000	0.0000000000000
0.37200000882149	0.67867773771286	-0.72742366790771	73.000000000000	0.0000000000000
0.37599998712540	0.67219221591949	-0.73332041501999	73.000000000000	0.0000000000000
0.37999999523163	0.66564679145813	-0.73915648460388	73.000000000000	0.0000000000000
0.38400000333786	0.65904206037521	-0.74493098258972	73.000000000000	0.0000000000000
0.38800001144409	0.65237849950790	-0.75064271688461	73.000000000000	0.0000000000000
0.39199998974800	0.64565640687943	-0.75629067420959	73.000000000000	0.0000000000000
0.39599999785423	0.63887596130371	-0.76187384128571	73.000000000000	0.0000000000000
0.40000000596046	0.63203817605972	-0.76739114522934	73.000000000000	0.0000000000000
0.40400001406670	0.62514334917068	-0.77284157276154	73.000000000000	0.0000000000000
0.40799999237061	0.61819219589233	-0.77822393178940	73.000000000000	0.0000000000000
0.41200000047684	0.61118501424789	-0.78353720903397	73.000000000000	0.0000000000000
0.41600000858307	0.60412275791168	-0.78878039121628	73.000000000000	0.0000000000000
0.41999998688698	0.59700608253479	-0.79395252466202	73.000000000000	0.0000000000000
0.42399999499321	0.58983564376831	-0.79905241727829	73.000000000000	0.0000000000000
0.42800000309944	0.58261209726334	-0.80407905578613	73.000000000000	0.0000000000000
0.43200001120567	0.57533651590347	-0.80903148651123	73.000000000000	0.0000000000000
0.43599998950958	0.56800949573517	-0.81390863656998	73.000000000000	0.0000000000000
0.43999999761581	0.56063205003738	-0.81870967149734	73.000000000000	0.0000000000000
0.44400000572205	0.55320525169373	-0.82343345880508	73.000000000000	0.0000000000000
0.44800001382828	0.54572969675064	-0.82807922363281	73.000000000000	0.0000000000000
0.45199999213219	0.53820651769638	-0.83264583349228	73.000000000000	0.0000000000000
0.45600000023842	0.53063666820526	-0.83713263273239	73.000000000000	0.0000000000000
0.46000000834465	0.52302139997482	-0.84153860807419	73.000000000000	0.0000000000000
0.46399998664856	0.51536136865616	-0.84586298465729	73.000000000000	0.0000000000000
0.46799999475479	0.50765818357468	-0.85010492801666	73.000000000000	0.0000000000000
0.47200000286102	0.49991258978844	-0.85426360368729	73.000000000000	0.0000000000000
0.47600001096725	0.49212557077408	-0.85833841562271	73.000000000000	0.0000000000000
0.47999998927116	0.48429891467094	-0.86232846975327	73.000000000000	0.0000000000000
0.48399999737740	0.47643345594406	-0.86623317003250	73.000000000000	0.0000000000000
0.48800000548363	0.46853029727936	-0.87005186080933	73.000000000000	0.0000000000000
0.49200001358986	0.46059092879295	-0.87378394603729	73.000000000000	0.0000000000000
0.49599999189377	0.45261627435684	-0.87742877006531	73.000000000000	0.0000000000000
0.50000000000000	0.44460797309875	-0.88098597526550	73.000000000000	0.0000000000000
0.50400000810623	0.43656679987907	-0.88445490598679	73.000000000000	0.0000000000000
0.50800001621246	0.42849430441856	-0.88783532381058	73.000000000000	0.0000000000000
0.51200002431870	0.42039191722870	-0.89112639427185	73.000000000000	0.0000000000000
0.51599997282028	0.41226056218147	-0.89432823657990	73.000000000000	0.0000000000000
0.51999998092651	0.40410196781158	-0.89744013547897	73.000000000000	0.0000000000000
0.52399998903275	0.39591699838638	-0.90046197175980	73.000000000000	0.0000000000000
0.52799999713898	0.38770702481270	-0.90339338779449	73.000000000000	0.0000000000000
0.53200000524521	0.37947332859039	-0.90623420476913	73.000000000000	0.0000000000000
0.53600001335144	0.37121731042862	-0.90898436307907	73.000000000000	0.0000000000000
0.54000002145767	0.36294031143188	-0.91164350509644	73.000000000000	0.0000000000000
0.54400002956390	0.35464319586754	-0.91421151161194	73.000000000000	0.0000000000000
0.54799997806549	0.34632733464241	-0.91668856143951	73.000000000000	0.0000000000000
0.55199998617172	0.33799418807030	-0.91907429695129	73.000000000000	0.0000000000000
0.55599999427795	0.32964497804642	-0.92136883735657	73.000000000000	0.0000000000000
0.56000000238419	0.32128044962883	-0.92357230186462	73.000000000000	0.0000000000000
0.56400001049042	0.31290197372437	-0.92568463087082	73.000000000000	0.0000000000000
0.56800001859665	0.30451089143753	-0.92770576477051	73.000000000000	0.0000000000000
0.57200002670288	0.29610809683800	-0.92963606119156	73.000000000000	0.0000000000000
0.57599997520447	0.28769475221634	-0.93147557973862	73.000000000000	0.0000000000000
0.57999998331070	0.27927193045616	-0.93322432041168	73.000000000000	0.0000000000000
0.58399999141693	0.27084079384804	-0.93488258123398	73.000000000000	0.0000000000000
0.58799999952316	0.26240196824074	-0.93645066022873	73.000000000000	0.0000000000000
0.59200000762939	0.25395700335503	-0.93792831897736	73.000000000000	0.0000000000000
0.59600001573563	0.24550651013851	-0.93931645154953	73.000000000000	0.0000000000000
0.60000002384186	0.23705117404461	-0.94061464071274	73.000000000000	0.0000000000000
0.60399997234344	0.22859202325344	-0.94182354211807	73.000000000000	0.0000000000000
0.60799998044968	0.22013035416603	-0.94294315576553	73.000000000000	0.0000000000000
0.61199998855591	0.21166656911373	-0.94397383928299	73.000000000000	0.0000000000000
0.61599999666214	0.20320147275925	-0.94491589069366	73.000000000000	0.0000000000000
0.62000000476837	0.19473588466644	-0.94576948881149	73.000000000000	0.0000000000000
0.62400001287460	0.18627037107944	-0.94653499126434	73.000000000000	0.0000000000000
0.62800002098083	0.17780594527721	-0.94721239805222	73.000000000000	0.0000000000000
0.63200002908707	0.16934321820736	-0.94780218601227	73.000000000000	0.0000000000000
0.63599997758865	0.16088220477104	-0.94830453395844	73.000000000000	0.0000000000000
0.63999998569489	0.15242439508438	-0.94871944189072	73.000000000000	0.0000000000000
0.64399999380112	0.14396987855434	-0.94904738664627	73.000000000000	0.0000000000000
0.64800000190735	0.13551917672157	-0.94928848743439	73.000000000000	0.0000000000000
0.65200001001358	0.12707327306271	-0.94944262504578	73.000000000000	0.0000000000000
0.65600001811981	0.11863178014755	-0.94951027631760	73.000000000000	0.0000000000000
0.66000002622604	0.11019568145275	-0.94949138164520	73.000000000000	0.0000000000000
0.66399997472763	0.10176546871662	-0.94938611984253	73.000000000000	0.0000000000000
0.66799998283386	0.093342140316963	-0.94919437170029	73.000000000000	0.0000000000000
0.67199999094009	0.084925279021263	-0.94891631603241	73.000000000000	0.0000000000000
0.67599999904633	0.076514974236488	-0.94855189323425	73.000000000000	0.0000000000000
0.68000000715256	0.068112201988697	-0.94810116291046	73.000000000000	0.0000000000000
0.68400001525879	0.059717912226915	-0.94756376743317	73.000000000000	0.0000000000000
0.68800002336502	0.051331315189600	-0.94693982601166	73.000000000000	0.0000000000000
0.69199997186661	0.042953379452229	-0.94622921943665	73.000000000000	0.0000000000000
0.69599997997284	0.034585122019053	-0.94543159008026	73.000000000000	0.0000000000000
0.69999998807907	0.026225293055177	-0.94454669952393	73.000000000000	0.0000000000000
0.70399999618530	0.017875377088785	-0.94357436895370	73.000000000000	0.0000000000000
0.70800000429153	0.0095355100929737	-0.94251435995102	73.000000000000	0.0000000000000
0.71200001239777	0.0012063013855368	-0.94136607646942	73.000000000000	0.0000000000000
0.71600002050400	-0.0071116220206022	-0.94012945890427	73.000000000000	0.0000000000000
0.72000002861023	-0.015418510884047	-0.93880367279053	73.000000000000	0.0000000000000
0.72399997711182	-0.023713245987892	-0.93738842010498	73.000000000000	0.0000000000000
0.72799998521805	-0.031996473670006	-0.93588328361511	73.000000000000	0.0000000000000
0.73199999332428	-0.040266137570143	-0.93428760766983	73.000000000000	0.0000000000000
0.73600000143051	-0.048522822558880	-0.93260073661804	73.000000000000	0.0000000000000
0.74000000953674	-0.056765750050545	-0.93082207441330	73.000000000000	0.0000000000000
0.74400001764297	-0.064994104206562	-0.92895096540451	73.000000000000	0.0000000000000
0.74800002574921	-0.073207050561905	-0.92698663473129	73.000000000000	0.0000000000000
0.75199997425079	-0.081404574215412	-0.92492848634720	73.000000000000	0.0000000000000
0.75599998235703	-0.089585326611996	-0.92277556657791	73.000000000000	0.0000000000000
0.75999999046326	-0.097748793661594	-0.92052716016769	73.000000000000	0.0000000000000
0.76399999856949	-0.10589396208525	-0.91818243265152	73.000000000000	0.0000000000000
0.76800000667572	-0.11401937156916	-0.91574048995972	73.000000000000	0.0000000000000
0.77200001478195	-0.12212522327900	-0.91320031881332	73.000000000000	0.0000000000000
0.77600002288818	-0.13020998239517	-0.91056132316589	73.000000000000	0.0000000000000
0.77999997138977	-0.13827289640903	-0.90782237052917	73.000000000000	0.0000000000000
0.78399997949600	-0.14631141722202	-0.90498256683350	73.000000000000	0.0000000000000
0.78799998760223	-0.15432561933994	-0.90204113721848	73.000000000000	0.0000000000000
0.79199999570847	-0.16231411695480	-0.89899682998657	73.000000000000	0.0000000000000
0.79600000381470	-0.17027559876442	-0.89584892988205	73.000000000000	0.0000000000000
0.80000001192093	-0.17820774018764	-0.89259636402130	73.000000000000	0.0000000000000
0.80400002002716	-0.18610991537571	-0.88923823833466	73.000000000000	0.0000000000000
0.80800002813339	-0.19398021697998	-0.88577359914780	73.000000000000	0.0000000000000
0.81199997663498	-0.20181658864021	-0.88220161199570	73.000000000000	0.0000000000000
0.81599998474121	-0.20961786806583	-0.87852132320404	73.000000000000	0.0000000000000
0.81999999284744	-0.21738147735596	-0.87473195791245	73.000000000000	0.0000000000000
0.82400000095367	-0.22510655224323	-0.87083244323730	73.000000000000	0.0000000000000
0.82800000905991	-0.23278960585594	-0.86682218313217	73.000000000000	0.0000000000000
0.83200001716614	-0.24043007194996	-0.86270034313202	73.000000000000	0.0000000000000
0.83600002527237	-0.24802479147911	-0.85846602916718	73.000000000000	0.0000000000000
0.83999997377396	-0.25557187199593	-0.85411882400513	73.000000000000	0.0000000000000
0.84399998188019	-0.26306888461113	-0.84965801239014	73.000000000000	0.0000000000000
0.84799998998642	-0.27051293849945	-0.84508287906647	73.000000000000	0.0000000000000
0.85199999809265	-0.27790245413780	-0.84039306640625	73.000000000000	0.0000000000000
0.85600000619888	-0.28523397445679	-0.83558809757233	73.000000000000	0.0000000000000
0.86000001430511	-0.29250544309616	-0.83066755533218	73.000000000000	0.0000000000000
0.86400002241135	-0.29971423745155	-0.82563102245331	73.000000000000	0.0000000000000
0.86799997091293	-0.30685687065125	-0.82047861814499	73.000000000000	0.0000000000000
0.87199997901917	-0.31393110752106	-0.81520974636078	73.000000000000	0.0000000000000
0.87599998712540	-0.32093349099159	-0.80982494354248	73.000000000000	0.0000000000000
0.87999999523163	-0.32786121964455	-0.80432385206223	73.000000000000	0.0000000000000
0.88400000333786	-0.33471164107323	-0.79870665073395	73.000000000000	0.0000000000000
0.88800001144409	-0.34148120880127	-0.79297369718552	73.000000000000	0.0000000000000
0.89200001955032	-0.34816709160805	-0.78712522983551	73.000000000000	0.0000000000000
0.89600002765656	-0.35476538538933	-0.78116202354431	73.000000000000	0.0000000000000
0.89999997615814	-0.36127364635468	-0.77508431673050	73.000000000000	0.0000000000000
0.90399998426437	-0.36768838763237	-0.76889294385910	73.000000000000	0.0000000000000
0.90799999237061	-0.37400609254837	-0.76258885860443	73.000000000000	0.0000000000000
0.91200000047684	-0.38022354245186	-0.75617289543152	73.000000000000	0.0000000000000
0.91600000858307	-0.38633754849434	-0.74964594841003	73.000000000000	0.0000000000000
0.92000001668930	-0.39234435558319	-0.74300962686539	73.000000000000	0.0000000000000
0.92400002479553	-0.39824086427689	-0.73626506328583	73.000000000000	0.0000000000000
0.92799997329712	-0.40402355790138	-0.72941362857819	73.000000000000	0.0000000000000
0.93199998140335	-0.40968915820122	-0.72245699167252	73.000000000000	0.0000000000000
0.93599998950958	-0.41523426771164	-0.71539711952209	73.000000000000	0.0000000000000
0.93999999761581	-0.42065525054932	-0.70823574066162	73.000000000000	0.0000000000000
0.94400000572205	-0.42594891786575	-0.70097500085831	73.000000000000	0.0000000000000
0.94800001382828	-0.43111202120781	-0.69361686706543	73.000000000000	0.0000000000000
0.95200002193451	-0.43614119291306	-0.68616378307343	73.000000000000	0.0000000000000
0.95599997043610	-0.44103339314461	-0.67861819267273	73.000000000000	0.0000000000000
0.95999997854233	-0.44578498601913	-0.67098283767700	73.000000000000	0.0000000000000
0.96399998664856	-0.45039311051369	-0.66326022148132	73.000000000000	0.0000000000000
0.96799999475479	-0.45485463738441	-0.65545332431793	73.000000000000	0.0000000000000
0.97200000286102	-0.45916670560837	-0.64756512641907	73.000000000000	0.0000000000000
0.97600001096725	-0.46332594752312	-0.63959890604019	73.000000000000	0.0000000000000
0.98000001907349	-0.46732941269875	-0.63155800104141	73.000000000000	0.0000000000000
0.98400002717972	-0.47117501497269	-0.62344557046890	73.000000000000	0.0000000000000
0.98799997568130	-0.47485965490341	-0.61526525020599	73.000000000000	0.0000000000000
0.99199998378754	-0.47838032245636	-0.60702115297318	73.000000000000	0.0000000000000
0.99599999189377	-0.48173505067825	-0.59871655702591	73.000000000000	0.0000000000000
1.0000000000000	-0.48492118716240	-0.59035569429398	73.000000000000	0.0000000000000
1.0039999485016	-0.48793673515320	-0.58194231987000	73.000000000000	0.0000000000000
1.0080000162125	-0.49077907204628	-0.57348108291626	73.000000000000	0.0000000000000
1.0119999647141	-0.49344685673714	-0.56497561931610	73.000000000000	0.0000000000000
1.0160000324249	-0.49593776464462	-0.55643075704575	73.000000000000	0.0000000000000
1.0199999809265	-0.49825015664101	-0.54785090684891	73.000000000000	0.0000000000000
1.0240000486374	-0.50038218498230	-0.53924065828323	73.000000000000	0.0000000000000
1.0279999971390	-0.50233262777328	-0.53060448169708	73.000000000000	0.0000000000000
1.0319999456406	-0.50410044193268	-0.52194732427597	73.000000000000	0.0000000000000
1.0360000133514	-0.50568401813507	-0.51327395439148	73.000000000000	0.0000000000000
1.0399999618530	-0.50708270072937	-0.50458908081055	73.000000000000	0.0000000000000
1.0440000295639	-0.50829541683197	-0.49589791893959	73.000000000000	0.0000000000000
1.0479999780655	-0.50932204723358	-0.48720511794090	73.000000000000	0.0000000000000
1.0520000457764	-0.51016163825989	-0.47851628065109	73.000000000000	0.0000000000000
1.0559999942780	-0.51081418991089	-0.46983599662781	73.000000000000	0.0000000000000
1.0599999427795	-0.51127928495407	-0.46116954088211	73.000000000000	0.0000000000000
1.0640000104904	-0.51155745983124	-0.45252221822739	73.000000000000	0.0000000000000
1.0679999589920	-0.51164871454239	-0.44389906525612	73.000000000000	0.0000000000000
1.0720000267029	-0.51155364513397	-0.43530526757240	73.000000000000	0.0000000000000
1.0759999752045	-0.51127272844315	-0.42674610018730	73.000000000000	0.0000000000000
1.0800000429153	-0.51080697774887	-0.41822651028633	73.000000000000	0.0000000000000
1.0839999914169	-0.51015734672546	-0.40975207090378	73.000000000000	0.0000000000000
1.0880000591278	-0.50932508707047	-0.40132763981819	73.000000000000	0.0000000000000
1.0920000076294	-0.50831133127213	-0.39295849204063	73.000000000000	0.0000000000000
1.0959999561310	-0.50711816549301	-0.38464957475662	73.000000000000	0.0000000000000
1.1000000238419	-0.50574737787247	-0.37640592455864	73.000000000000	0.0000000000000
1.1039999723434	-0.50420033931732	-0.36823275685310	73.000000000000	0.0000000000000
1.1080000400543	-0.50247967243195	-0.36013466119766	73.000000000000	0.0000000000000
1.1119999885559	-0.50058764219284	-0.35211685299873	73.000000000000	0.0000000000000
1.1160000562668	-0.49852678179741	-0.34418389201164	73.000000000000	0.0000000000000
1.1200000047684	-0.49629977345467	-0.33634051680565	73.000000000000	0.0000000000000
1.1239999532700	-0.49390947818756	-0.32859128713608	73.000000000000	0.0000000000000
1.1280000209808	-0.49135890603065	-0.32094094157219	73.000000000000	0.0000000000000
1.1319999694824	-0.48865148425102	-0.31339359283447	73.000000000000	0.0000000000000
1.1360000371933	-0.48579034209251	-0.30595350265503	73.000000000000	0.0000000000000
1.1399999856949	-0.48277902603149	-0.29862514138222	73.000000000000	0.0000000000000
1.1440000534058	-0.47962126135826	-0.29141220450401	73.000000000000	0.0000000000000
1.1480000019073	-0.47632110118866	-0.28431859612465	73.000000000000	0.0000000000000
1.1519999504089	-0.47288221120834	-0.27734836935997	73.000000000000	0.0000000000000
1.1560000181198	-0.46930882334709	-0.27050483226776	73.000000000000	0.0000000000000
1.1599999666214	-0.46560537815094	-0.26379150152206	73.000000000000	0.0000000000000
1.1640000343323	-0.46177589893341	-0.25721186399460	73.000000000000	0.0000000000000
1.1679999828339	-0.45782518386841	-0.25076857209206	73.000000000000	0.0000000000000
1.1720000505447	-0.45375767350197	-0.24446505308151	73.000000000000	0.0000000000000
1.1759999990463	-0.44957798719406	-0.23830375075340	73.000000000000	0.0000000000000
1.1799999475479	-0.44529113173485	-0.23228748142719	73.000000000000	0.0000000000000
1.1840000152588	-0.44090187549591	-0.22641842067242	73.000000000000	0.0000000000000
1.1879999637604	-0.43641525506973	-0.22069887816906	73.000000000000	0.0000000000000
1.1920000314713	-0.43183624744415	-0.21513098478317	73.000000000000	0.0000000000000
1.1959999799728	-0.42716974020004	-0.20971661806107	73.000000000000	0.0000000000000
1.2000000476837	-0.42242133617401	-0.20445705950260	73.000000000000	0.0000000000000
1.2039999961853	-0.41759586334229	-0.19935402274132	73.000000000000	0.0000000000000
1.2079999446869	-0.41269874572754	-0.19440868496895	73.000000000000	0.0000000000000
1.2120000123978	-0.40773510932922	-0.18962198495865	73.000000000000	0.0000000000000
1.2159999608994	-0.40271037817001	-0.18499495089054	73.000000000000	0.0000000000000
1.2200000286102	-0.39762985706329	-0.18052801489830	73.000000000000	0.0000000000000
1.2239999771118	-0.39249867200851	-0.17622166872025	73.000000000000	0.0000000000000
1.2280000448227	-0.38732233643532	-0.17207607626915	73.000000000000	0.0000000000000
1.2319999933243	-0.38210597634315	-0.16809125244617	73.000000000000	0.0000000000000
1.2359999418259	-0.37685480713844	-0.16426715254784	73.000000000000	0.0000000000000
1.2400000095367	-0.37157419323921	-0.16060316562653	73.000000000000	0.0000000000000
1.2439999580383	-0.36626937985420	-0.15709884464741	73.000000000000	0.0000000000000
1.2480000257492	-0.36094528436661	-0.15375328063965	73.000000000000	0.0000000000000
1.2519999742508	-0.35560715198517	-0.15056550502777	73.000000000000	0.0000000000000
1.2560000419617	-0.35025984048843	-0.14753448963165	73.000000000000	0.0000000000000
1.2599999904633	-0.34490838646889	-0.14465869963169	73.000000000000	0.0000000000000
1.2640000581741	-0.33955767750740	-0.14193652570248	73.000000000000	0.0000000000000
1.2680000066757	-0.33421245217323	-0.13936653733253	73.000000000000	0.0000000000000
1.2719999551773	-0.32887730002403	-0.13694649934769	73.000000000000	0.0000000000000
1.2760000228882	-0.32355690002441	-0.13467456400394	73.000000000000	0.0000000000000
1.2799999713898	-0.31825548410416	-0.13254836201668	73.000000000000	0.0000000000000
1.2840000391006	-0.31297773122787	-0.13056543469429	73.000000000000	0.0000000000000
1.2879999876022	-0.30772754549980	-0.12872335314751	73.000000000000	0.0000000000000
1.2920000553131	-0.30250903964043	-0.12701943516731	73.000000000000	0.0000000000000
1.2960000038147	-0.29732629656792	-0.12545061111450	73.000000000000	0.0000000000000
1.2999999523163	-0.29218301177025	-0.12401404976845	73.000000000000	0.0000000000000
1.3040000200272	-0.28708279132843	-0.12270671129227	73.000000000000	0.0000000000000
1.3079999685287	-0.28202918171883	-0.12152511626482	73.000000000000	0.0000000000000
1.3120000362396	-0.27702552080154	-0.12046605348587	73.000000000000	0.0000000000000
1.3159999847412	-0.27207490801811	-0.11952614039183	73.000000000000	0.0000000000000
1.3200000524521	-0.26718038320541	-0.11870165169239	73.000000000000	0.0000000000000
1.3240000009537	-0.26234471797943	-0.11798907071352	73.000000000000	0.0000000000000
1.3279999494553	-0.25757065415382	-0.11738456040621	73.000000000000	0.0000000000000
1.3320000171661	-0.25286063551903	-0.11688426136971	73.000000000000	0.0000000000000
1.3359999656677	-0.24821689724922	-0.11648443341255	73.000000000000	0.0000000000000
1.3400000333786	-0.24364162981510	-0.11618115007877	73.000000000000	0.0000000000000
1.3439999818802	-0.23913668096066	-0.11597028374672	73.000000000000	0.0000000000000
1.3480000495911	-0.23470386862755	-0.11584790796041	73.000000000000	0.0000000000000
1.3519999980927	-0.23034465312958	-0.11580986529589	73.000000000000	0.0000000000000
1.3559999465942	-0.22606056928635	-0.11585212498903	73.000000000000	0.0000000000000
1.3600000143051	-0.22185266017914	-0.11597057431936	73.000000000000	0.0000000000000
1.3639999628067	-0.21772195398808	-0.11616116762161	73.000000000000	0.0000000000000
1.3680000305176	-0.21366931498051	-0.11641965806484	73.000000000000	0.0000000000000
1.3719999790192	-0.20969530940056	-0.11674202233553	73.000000000000	0.0000000000000
1.3760000467300	-0.20580042898655	-0.11712408810854	73.000000000000	0.0000000000000
1.3799999952316	-0.20198489725590	-0.11756191402674	73.000000000000	0.0000000000000
1.3839999437332	-0.19824880361557	-0.11805140227079	73.000000000000	0.0000000000000
1.3880000114441	-0.19459211826324	-0.11858851462603	73.000000000000	0.0000000000000
1.3919999599457	-0.19101451337337	-0.11916943639517	73.000000000000	0.0000000000000
1.3960000276566	-0.18751558661461	-0.11979015171528	73.000000000000	0.0000000000000
1.3999999761581	-0.18409469723701	-0.12044688314199	73.000000000000	0.0000000000000
1.4040000438690	-0.18075110018253	-0.12113587558270	73.000000000000	0.0000000000000
1.4079999923706	-0.17748390138149	-0.12185351550579	73.000000000000	0.0000000000000
1.4119999408722	-0.17429198324680	-0.12259609997272	73.000000000000	0.0000000000000
1.4160000085831	-0.17117412388325	-0.12336026132107	73.000000000000	0.0000000000000
1.4199999570847	-0.16812905669212	-0.12414249777794	73.000000000000	0.0000000000000
1.4240000247955	-0.16515509784222	-0.12493953853846	73.000000000000	0.0000000000000
1.4279999732971	-0.16225071251392	-0.12574820220470	73.000000000000	0.0000000000000
1.4320000410080	-0.15941418707371	-0.12656542658806	73.000000000000	0.0000000000000
1.4359999895096	-0.15664353966713	-0.12738820910454	73.000000000000	0.0000000000000
1.4400000572205	-0.15393677353859	-0.12821376323700	73.000000000000	0.0000000000000
1.4440000057220	-0.15129186213017	-0.12903937697411	73.000000000000	0.0000000000000
1.4479999542236	-0.14870646595955	-0.12986250221729	73.000000000000	0.0000000000000
1.4520000219345	-0.14617842435837	-0.13068065047264	73.000000000000	0.0000000000000
1.4559999704361	-0.14370520412922	-0.13149160146713	73.000000000000	0.0000000000000
1.4600000381470	-0.14128449559212	-0.13229310512543	73.000000000000	0.0000000000000
1.4639999866486	-0.13891360163689	-0.13308326900005	73.000000000000	0.0000000000000
1.4680000543594	-0.13659004867077	-0.13386011123657	73.000000000000	0.0000000000000
1.4720000028610	-0.13431106507778	-0.13462202250957	73.000000000000	0.0000000000000
1.4759999513626	-0.13207395374775	-0.13536745309830	73.000000000000	0.0000000000000
1.4800000190735	-0.12987603247166	-0.13609486818314	73.000000000000	0.0000000000000
1.4839999675751	-0.12771436572075	-0.13680320978165	73.000000000000	0.0000000000000
1.4880000352859	-0.12558627128601	-0.13749119639397	73.000000000000	0.0000000000000
1.4919999837875	-0.12348888069391	-0.13815797865391	73.000000000000	0.0000000000000
1.4960000514984	-0.12141929566860	-0.13880273699760	73.000000000000	0.0000000000000
1.5000000000000	-0.11937458068132	-0.13942492008209	73.000000000000	0.0000000000000
1.5039999485016	-0.11735203117132	-0.14002393186092	73.000000000000	0.0000000000000
1.5080000162125	-0.11534880846739	-0.14059945940971	73.000000000000	0.0000000000000
1.5119999647141	-0.11336188763380	-0.14115138351917	73.000000000000	0.0000000000000
1.5160000324249	-0.11138856410980	-0.14167962968349	73.000000000000	0.0000000000000
1.5199999809265	-0.10942608863115	-0.14218428730965	73.000000000000	0.0000000000000
1.5240000486374	-0.10747170448303	-0.14266565442085	73.000000000000	0.0000000000000
1.5279999971390	-0.10552264004946	-0.14312408864498	73.000000000000	0.0000000000000
1.5319999456406	-0.10357635468245	-0.14356014132500	73.000000000000	0.0000000000000
1.5360000133514	-0.10163013637066	-0.14397443830967	73.000000000000	0.0000000000000
1.5399999618530	-0.099681466817856	-0.14436784386635	73.000000000000	0.0000000000000
1.5440000295639	-0.097727969288826	-0.14474122226238	73.000000000000	0.0000000000000
1.5479999780655	-0.095767155289650	-0.14509561657906	73.000000000000	0.0000000000000
1.5520000457764	-0.093796811997890	-0.14543217420578	73.000000000000	0.0000000000000
1.5559999942780	-0.091814532876015	-0.14575222134590	73.000000000000	0.0000000000000
1.5599999427795	-0.089818328619003	-0.14605708420277	73.000000000000	0.0000000000000
1.5640000104904	-0.087806008756161	-0.14634826779366	73.000000000000	0.0000000000000
1.5679999589920	-0.085775777697563	-0.14662732183933	73.000000000000	0.0000000000000
1.5720000267029	-0.083725616335869	-0.14689595997334	73.000000000000	0.0000000000000
1.5759999752045	-0.081653937697411	-0.14715588092804	73.000000000000	0.0000000000000
1.5800000429153	-0.079558908939362	-0.14740897715092	73.000000000000	0.0000000000000
1.5839999914169	-0.077439136803150	-0.14765709638596	73.000000000000	0.0000000000000
1.5880000591278	-0.075293101370335	-0.14790228009224	73.000000000000	0.0000000000000
1.5920000076294	-0.073119595646858	-0.14814651012421	73.000000000000	0.0000000000000
1.5959999561310	-0.070917345583439	-0.14839196205139	73.000000000000	0.0000000000000
1.6000000238419	-0.068685263395309	-0.14864070713520	73.000000000000	0.0000000000000
1.6039999723434	-0.066422492265701	-0.14889498054981	73.000000000000	0.0000000000000
1.6080000400543	-0.064128093421459	-0.14915698766708	73.000000000000	0.0000000000000
1.6119999885559	-0.061801470816135	-0.14942902326584	73.000000000000	0.0000000000000
1.6160000562668	-0.059441976249218	-0.14971338212490	73.000000000000	0.0000000000000
1.6200000047684	-0.057049155235291	-0.15001232922077	73.000000000000	0.0000000000000
1.6239999532700	-0.054622668772936	-0.15032818913460	73.000000000000	0.0000000000000
1.6280000209808	-0.052162338048220	-0.15066336095333	73.000000000000	0.0000000000000
1.6319999694824	-0.049668084830046	-0.15102007985115	73.000000000000	0.0000000000000
1.6360000371933	-0.047139879316092	-0.15140071511269	73.000000000000	0.0000000000000
1.6399999856949	-0.044577922672033	-0.15180762112141	73.000000000000	0.0000000000000
1.6440000534058	-0.041982460767031	-0.15224304795265	73.000000000000	0.0000000000000
1.6480000019073	-0.039353866130114	-0.15270930528641	73.000000000000	0.0000000000000
1.6519999504089	-0.036692734807730	-0.15320858359337	73.000000000000	0.0000000000000
1.6560000181198	-0.033999610692263	-0.15374317765236	73.000000000000	0.0000000000000
1.6599999666214	-0.031275220215321	-0.15431523323059	73.000000000000	0.0000000000000
1.6640000343323	-0.028520377352834	-0.15492688119411	73.000000000000	0.0000000000000
1.6679999828339	-0.025736164301634	-0.15558022260666	73.000000000000	0.0000000000000
1.6720000505447	-0.022923436015844	-0.15627728402615	73.000000000000	0.0000000000000
1.6759999990463	-0.020083425566554	-0.15702007710934	73.000000000000	0.0000000000000
1.6799999475479	-0.017217408865690	-0.15781047940254	73.000000000000	0.0000000000000
1.6840000152588	-0.014326668344438	-0.15865036845207	73.000000000000	0.0000000000000
1.6879999637604	-0.011412577703595	-0.15954153239727	73.000000000000	0.0000000000000
1.6920000314713	-0.0084767350926995	-0.16048566997051	73.000000000000	0.0000000000000
1.6959999799728	-0.0055206110700965	-0.16148443520069	73.000000000000	0.0000000000000
1.7000000476837	-0.0025459844619036	-0.16253939270973	73.000000000000	0.0000000000000
1.7039999961853	0.00044560767128132	-0.16365198791027	73.000000000000	0.0000000000000
1.7079999446869	0.0034521832130849	-0.16482365131378	73.000000000000	0.0000000000000
1.7120000123978	0.0064719538204372	-0.16605564951897	73.000000000000	0.0000000000000
1.7159999608994	0.0095031103119254	-0.16734923422337	73.000000000000	0.0000000000000
1.7200000286102	0.012543532997370	-0.16870552301407	73.000000000000	0.0000000000000
1.7239999771118	0.015591334551573	-0.17012552917004	73.000000000000	0.0000000000000
1.7280000448227	0.018644418567419	-0.17161020636559	73.000000000000	0.0000000000000
1.7319999933243	0.021700695157051	-0.17316040396690	73.000000000000	0.0000000000000
1.7359999418259	0.024758078157902	-0.17477688193321	73.000000000000	0.0000000000000
1.7400000095367	0.027814358472824	-0.17646025121212	73.000000000000	0.0000000000000
1.7439999580383	0.030867440626025	-0.17821107804775	73.000000000000	0.0000000000000
1.7480000257492	0.033915087580681	-0.18002985417843	73.000000000000	0.0000000000000
1.7519999742508	0.036955080926418	-0.18191687762737	73.000000000000	0.0000000000000
1.7560000419617	0.039985228329897	-0.18387247622013	73.000000000000	0.0000000000000
1.7599999904633	0.043003335595131	-0.18589675426483	73.000000000000	0.0000000000000
1.7640000581741	0.046007178723812	-0.18798981606960	73.000000000000	0.0000000000000
1.7680000066757	0.048994522541761	-0.19015163183212	73.000000000000	0.0000000000000
1.7719999551773	0.051963187754154	-0.19238205254078	73.000000000000	0.0000000000000
1.7760000228882	0.054910961538553	-0.19468091428280	73.000000000000	0.0000000000000
1.7799999713898	0.057835675776005	-0.19704787433147	73.000000000000	0.0000000000000
1.7840000391006	0.060735207051039	-0.19948256015778	73.000000000000	0.0000000000000
1.7879999876022	0.063607394695282	-0.20198448002338	73.000000000000	0.0000000000000
1.7920000553131	0.066450119018555	-0.20455303788185	73.000000000000	0.0000000000000
1.7960000038147	0.069261409342289	-0.20718766748905	73.000000000000	0.0000000000000
1.7999999523163	0.072039142251015	-0.20988756418228	73.000000000000	0.0000000000000
1.8040000200272	0.074781335890293	-0.21265193820000	73.000000000000	0.0000000000000
1.8079999685287	0.077486164867878	-0.21547992527485	73.000000000000	0.0000000000000
1.8120000362396	0.080151550471783	-0.21837052702904	73.000000000000	0.0000000000000
1.8159999847412	0.082775779068470	-0.22132275998592	73.000000000000	0.0000000000000
1.8200000524521	0.085356928408146	-0.22433547675610	73.000000000000	0.0000000000000
1.8240000009537	0.087893314659595	-0.22740760445595	73.000000000000	0.0000000000000
1.8279999494553	0.090383328497410	-0.23053784668446	73.000000000000	0.0000000000000
1.8320000171661	0.092825166881084	-0.23372496664524	73.000000000000	0.0000000000000
1.8359999656677	0.095217309892178	-0.23696757853031	73.000000000000	0.0000000000000
1.8400000333786	0.097558371722698	-0.24026437103748	73.000000000000	0.0000000000000
1.8439999818802	0.099846713244915	-0.24361385405064	73.000000000000	0.0000000000000
1.8480000495911	0.10208101570606	-0.24701462686062	73.000000000000	0.0000000000000
1.8519999980927	0.10426003485918	-0.25046512484550	73.000000000000	0.0000000000000
1.8559999465942	0.10638247430325	-0.25396376848221	73.000000000000	0.0000000000000
1.8600000143051	0.10844706743956	-0.25750902295113	73.000000000000	0.0000000000000
1.8639999628067	0.11045270413160	-0.26109921932220	73.000000000000	0.0000000000000
1.8680000305176	0.11239840835333	-0.26473277807236	73.000000000000	0.0000000000000
1.8719999790192	0.11428318172693	-0.26840797066689	73.000000000000	0.0000000000000
1.8760000467300	0.11610605567694	-0.27212309837341	73.000000000000	0.0000000000000
1.8799999952316	0.11786621809006	-0.27587652206421	73.000000000000	0.0000000000000
1.8839999437332	0.11956287175417	-0.27966642379761	73.000000000000	0.0000000000000
1.8880000114441	0.12119531631470	-0.28349119424820	73.000000000000	0.0000000000000
1.8919999599457	0.12276290357113	-0.28734901547432	73.000000000000	0.0000000000000
1.8960000276566	0.12426501512527	-0.29123812913895	73.000000000000	0.0000000000000
1.8999999761581	0.12570118904114	-0.29515680670738	73.000000000000	0.0000000000000
1.9040000438690	0.12707100808620	-0.29910334944725	73.000000000000	0.0000000000000
1.9079999923706	0.12837402522564	-0.30307593941689	73.000000000000	0.0000000000000
1.9119999408722	0.12960986793041	-0.30707284808159	73.000000000000	0.0000000000000
1.9160000085831	0.13077837228775	-0.31109240651131	73.000000000000	0.0000000000000
1.9199999570847	0.13187929987907	-0.31513282656670	73.000000000000	0.0000000000000
1.9240000247955	0.13291259109974	-0.31919240951538	73.000000000000	0.0000000000000
1.9279999732971	0.13387802243233	-0.32326951622963	73.000000000000	0.0000000000000
1.9320000410080	0.13477568328381	-0.32736250758171	73.000000000000	0.0000000000000
1.9359999895096	0.13560545444489	-0.33146962523460	73.000000000000	0.0000000000000
1.9400000572205	0.13636760413647	-0.33558931946754	73.000000000000	0.0000000000000
1.9440000057220	0.13706207275391	-0.33972001075745	73.000000000000	0.0000000000000
1.9479999542236	0.13768906891346	-0.34386003017426	73.000000000000	0.0000000000000
1.9520000219345	0.13824890553951	-0.34800782799721	73.000000000000	0.0000000000000
1.9559999704361	0.13874179124832	-0.35216194391251	73.000000000000	0.0000000000000
1.9600000381470	0.13916790485382	-0.35632085800171	73.000000000000	0.0000000000000
1.9639999866486	0.13952782750130	-0.36048313975334	73.000000000000	0.0000000000000
1.9680000543594	0.13982176780701	-0.36464723944664	73.000000000000	0.0000000000000
1.9720000028610	0.14005027711391	-0.36881184577942	73.000000000000	0.0000000000000
1.9759999513626	0.14021359384060	-0.37297561764717	73.000000000000	0.0000000000000
1.9800000190735	0.14031240344048	-0.37713712453842	73.000000000000	0.0000000000000
1.9839999675751	0.14034704864025	-0.38129511475563	73.000000000000	0.0000000000000
1.9880000352859	0.14031828939915	-0.38544830679893	73.000000000000	0.0000000000000
1.9919999837875	0.14022642374039	-0.38959547877312	73.000000000000	0.0000000000000
1.9960000514984	0.14007228612900	-0.39373546838760	73.000000000000	0.0000000000000
2.0000000000000	0.13985621929169	-0.39786702394485	73.000000000000	0.0000000000000
2.0039999485016	0.13957914710045	-0.40198907256126	73.000000000000	0.0000000000000
2.0079998970032	0.13924147188663	-0.40610039234161	73.000000000000	0.0000000000000
2.0120000839233	0.13884399831295	-0.41020008921623	73.000000000000	0.0000000000000
2.0160000324249	0.13838735222816	-0.41428706049919	73.000000000000	0.0000000000000
2.0199999809265	0.13787207007408	-0.41836032271385	73.000000000000	0.0000000000000
2.0239999294281	0.13729923963547	-0.42241889238358	73.000000000000	0.0000000000000
2.0280001163483	0.13666917383671	-0.42646187543869	73.000000000000	0.0000000000000
2.0320000648499	0.13598290085793	-0.43048828840256	73.000000000000	0.0000000000000
2.0360000133514	0.13524088263512	-0.43449732661247	73.000000000000	0.0000000000000
2.0399999618530	0.13444389402866	-0.43848815560341	73.000000000000	0.0000000000000
2.0439999103546	0.13359291851521	-0.44245991110802	73.000000000000	0.0000000000000
2.0480000972748	0.13268843293190	-0.44641190767288	73.000000000000	0.0000000000000
2.0520000457764	0.13173116743565	-0.45034328103065	73.000000000000	0.0000000000000
2.0559999942780	0.13072213530540	-0.45425340533257	73.000000000000	0.0000000000000
2.0599999427795	0.12966172397137	-0.45814144611359	73.000000000000	0.0000000000000
2.0639998912811	0.12855088710785	-0.46200686693192	73.000000000000	0.0000000000000
2.0680000782013	0.12739039957523	-0.46584892272949	73.000000000000	0.0000000000000
2.0720000267029	0.12618090212345	-0.46966701745987	73.000000000000	0.0000000000000
2.0759999752045	0.12492308765650	-0.47346055507660	73.000000000000	0.0000000000000
2.0799999237061	0.12361776083708	-0.47722890973091	73.000000000000	0.0000000000000
2.0840001106262	0.12226568907499	-0.48097154498100	73.000000000000	0.0000000000000
2.0880000591278	0.12086748331785	-0.48468792438507	73.000000000000	0.0000000000000
2.0920000076294	0.11942397803068	-0.48837736248970	73.000000000000	0.0000000000000
2.0959999561310	0.11793585866690	-0.49203971028328	73.000000000000	0.0000000000000
2.0999999046326	0.11640373617411	-0.49567410349846	73.000000000000	0.0000000000000
2.1040000915527	0.11482843756676	-0.49928018450737	73.000000000000	0.0000000000000
2.1080000400543	0.11321052163839	-0.50285744667053	73.000000000000	0.0000000000000
2.1119999885559	0.11155097186565	-0.50640553236008	73.000000000000	0.0000000000000
2.1159999370575	0.10985028743744	-0.50992393493652	73.000000000000	0.0000000000000
2.1199998855591	0.10810907185078	-0.51341217756271	73.000000000000	0.0000000000000
2.1240000724792	0.10632825642824	-0.51687002182007	73.000000000000	0.0000000000000
2.1280000209808	0.10450834780931	-0.52029681205750	73.000000000000	0.0000000000000
2.1319999694824	0.10265003889799	-0.52369236946106	73.000000000000	0.0000000000000
2.1359999179840	0.10075400769711	-0.52705609798431	73.000000000000	0.0000000000000
2.1400001049042	0.098820954561234	-0.53038775920868	73.000000000000	0.0000000000000
2.1440000534058	0.096851751208305	-0.53368699550629	73.000000000000	0.0000000000000
2.1480000019073	0.094846680760384	-0.53695333003998	73.000000000000	0.0000000000000
2.1519999504089	0.092806659638882	-0.54018658399582	73.000000000000	0.0000000000000
2.1559998989105	0.090732529759407	-0.54338616132736	73.000000000000	0.0000000000000
2.1600000858307	0.088624536991119	-0.54655194282532	73.000000000000	0.0000000000000
2.1640000343323	0.086483597755432	-0.54968351125717	73.000000000000	0.0000000000000
2.1679999828339	0.084310315549374	-0.55278056859970	73.000000000000	0.0000000000000
2.1719999313354	0.082105644047260	-0.55584269762039	73.000000000000	0.0000000000000
2.1760001182556	0.079869702458382	-0.55886971950531	73.000000000000	0.0000000000000
2.1800000667572	0.077603682875633	-0.56186121702194	73.000000000000	0.0000000000000
2.1840000152588	0.075307995080948	-0.56481695175171	73.000000000000	0.0000000000000
2.1879999637604	0.072983339428902	-0.56773662567139	73.000000000000	0.0000000000000
2.1919999122620	0.070630669593811	-0.57062005996704	73.000000000000	0.0000000000000
2.1960000991821	0.068250127136707	-0.57346683740616	73.000000000000	0.0000000000000
2.2000000476837	0.065842978656292	-0.57627665996552	73.000000000000	0.0000000000000
2.2039999961853	0.063409663736820	-0.57904940843582	73.000000000000	0.0000000000000
2.2079999446869	0.060950893908739	-0.58178484439850	73.000000000000	0.0000000000000
2.2119998931885	0.058467388153076	-0.58448243141174	73.000000000000	0.0000000000000
2.2160000801086	0.055959887802601	-0.58714228868484	73.000000000000	0.0000000000000
2.2200000286102	0.053428996354342	-0.58976417779922	73.000000000000	0.0000000000000
2.2239999771118	0.050875578075647	-0.59234774112701	73.000000000000	0.0000000000000
2.2279999256134	0.048300258815289	-0.59489274024963	73.000000000000	0.0000000000000
2.2320001125336	0.045703921467066	-0.59739917516708	73.000000000000	0.0000000000000
2.2360000610352	0.043087184429169	-0.59986674785614	73.000000000000	0.0000000000000
2.2400000095367	0.040450807660818	-0.60229533910751	73.000000000000	0.0000000000000
2.2439999580383	0.037795577198267	-0.60468482971191	73.000000000000	0.0000000000000
2.2479999065399	0.035122100263834	-0.60703498125076	73.000000000000	0.0000000000000
2.2520000934601	0.032431449741125	-0.60934579372406	73.000000000000	0.0000000000000
2.2560000419617	0.029723970219493	-0.61161714792252	73.000000000000	0.0000000000000
2.2599999904633	0.027000879868865	-0.61384886503220	73.000000000000	0.0000000000000
2.2639999389648	0.024262527003884	-0.61604094505310	73.000000000000	0.0000000000000
2.2679998874664	0.021509995684028	-0.61819344758987	73.000000000000	0.0000000000000
2.2720000743866	0.018743926659226	-0.62030613422394	73.000000000000	0.0000000000000
2.2760000228882	0.015965260565281	-0.62237912416458	73.000000000000	0.0000000000000
2.2799999713898	0.013174498453736	-0.62441235780716	73.000000000000	0.0000000000000
2.2839999198914	0.010372580960393	-0.62640589475632	73.000000000000	0.0000000000000
2.2880001068115	0.0075603043660522	-0.62835973501205	73.000000000000	0.0000000000000
2.2920000553131	0.0047384668141603	-0.63027387857437	73.000000000000	0.0000000000000
2.2960000038147	0.0019077130127698	-0.63214850425720	73.000000000000	0.0000000000000
2.2999999523163	-0.00093101052334532	-0.63398379087448	73.000000000000	0.0000000000000
2.3039999008179	-0.0037770606577396	-0.63577955961227	73.000000000000	0.0000000000000
2.3080000877380	-0.0066294921562076	-0.63753628730774	73.000000000000	0.0000000000000
2.3120000362396	-0.0094875143840909	-0.63925397396088	73.000000000000	0.0000000000000
2.3159999847412	-0.012350641191006	-0.64093273878098	73.000000000000	0.0000000000000
2.3199999332428	-0.015217783860862	-0.64257287979126	73.000000000000	0.0000000000000
2.3239998817444	-0.018088465556502	-0.64417469501495	73.000000000000	0.0000000000000
2.3280000686646	-0.020961901172996	-0.64573818445206	73.000000000000	0.0000000000000
2.3320000171661	-0.023837324231863	-0.64726382493973	73.000000000000	0.0000000000000
2.3359999656677	-0.026713965460658	-0.64875179529190	73.000000000000	0.0000000000000
2.3399999141693	-0.029591059312224	-0.65020251274109	73.000000000000	0.0000000000000
2.3440001010895	-0.032467842102051	-0.65161615610123	73.000000000000	0.0000000000000
2.3480000495911	-0.035343870520592	-0.65299314260483	73.000000000000	0.0000000000000
2.3519999980927	-0.038218408823013	-0.65433388948441	73.000000000000	0.0000000000000
2.3559999465942	-0.041090548038483	-0.65563863515854	73.000000000000	0.0000000000000
2.3599998950958	-0.043959874659777	-0.65690791606903	73.000000000000	0.0000000000000
2.3640000820160	-0.046825658529997	-0.65814208984375	73.000000000000	0.0000000000000
2.3680000305176	-0.049687501043081	-0.65934163331985	73.000000000000	0.0000000000000
2.3719999790192	-0.052544385194778	-0.66050696372986	73.000000000000	0.0000000000000
2.3759999275208	-0.055396057665348	-0.66163843870163	73.000000000000	0.0000000000000
2.3800001144409	-0.058242015540600	-0.66273671388626	73.000000000000	0.0000000000000
2.3840000629425	-0.061081234365702	-0.66380226612091	73.000000000000	0.0000000000000
2.3880000114441	-0.063913844525814	-0.66483551263809	73.000000000000	0.0000000000000
2.3919999599457	-0.066738873720169	-0.66583698987961	73.000000000000	0.0000000000000
2.3959999084473	-0.069555960595608	-0.66680735349655	73.000000000000	0.0000000000000
2.4000000953674	-0.072364643216133	-0.66774702072144	73.000000000000	0.0000000000000
2.4040000438690	-0.075164757668972	-0.66865652799606	73.000000000000	0.0000000000000
2.4079999923706	-0.077955506742001	-0.66953653097153	73.000000000000	0.0000000000000
2.4119999408722	-0.080736607313156	-0.67038756608963	73.000000000000	0.0000000000000
2.4159998893738	-0.083507776260376	-0.67121022939682	73.000000000000	0.0000000000000
2.4200000762939	-0.086268730461597	-0.67200499773026	73.000000000000	0.0000000000000
2.4240000247955	-0.089019060134888	-0.67277252674103	73.000000000000	0.0000000000000
2.4279999732971	-0.091758333146572	-0.67351347208023	73.000000000000	0.0000000000000
2.4319999217987	-0.094486497342587	-0.67422831058502	73.000000000000	0.0000000000000
2.4360001087189	-0.097203448414803	-0.67491769790649	73.000000000000	0.0000000000000
2.4400000572205	-0.099908493459225	-0.67558217048645	73.000000000000	0.0000000000000
2.4440000057220	-0.10260173678398	-0.67622238397598	73.000000000000	0.0000000000000
2.4479999542236	-0.10528299957514	-0.67683893442154	73.000000000000	0.0000000000000
2.4519999027252	-0.10795205831528	-0.67743217945099	73.000000000000	0.0000000000000
2.4560000896454	-0.11060906946659	-0.67800301313400	73.000000000000	0.0000000000000
2.4600000381470	-0.11325336992741	-0.67855185270309	73.000000000000	0.0000000000000
2.4639999866486	-0.11588528007269	-0.67907917499542	73.000000000000	0.0000000000000
2.4679999351501	-0.11850481480360	-0.67958581447601	73.000000000000	0.0000000000000
2.4719998836517	-0.12111163139343	-0.68007200956345	73.000000000000	0.0000000000000
2.4760000705719	-0.12370594590902	-0.68053835630417	73.000000000000	0.0000000000000
2.4800000190735	-0.12628762423992	-0.68098556995392	73.000000000000	0.0000000000000
2.4839999675751	-0.12885668873787	-0.68141406774521	73.000000000000	0.0000000000000
2.4879999160767	-0.13141316175461	-0.68182414770126	73.000000000000	0.0000000000000
2.4920001029968	-0.13395729660988	-0.68221658468246	73.000000000000	0.0000000000000
2.4960000514984	-0.13648897409439	-0.68259179592133	73.000000000000	0.0000000000000
2.5000000000000	-0.13900856673717	-0.68295001983643	73.000000000000	0.0000000000000
2.5039999485016	-0.14151567220688	-0.68329203128815	73.000000000000	0.0000000000000
2.5079998970032	-0.14401082694530	-0.68361800909042	73.000000000000	0.0000000000000
2.5120000839233	-0.14649395644665	-0.68392837047577	73.000000000000	0.0000000000000
2.5160000324249	-0.14896532893181	-0.68422365188599	73.000000000000	0.0000000000000
2.5199999809265	-0.15142497420311	-0.68450415134430	73.000000000000	0.0000000000000
2.5239999294281	-0.15387335419655	-0.68477010726929	73.000000000000	0.0000000000000
2.5280001163483	-0.15631020069122	-0.68502199649811	73.000000000000	0.0000000000000
2.5320000648499	-0.15873594582081	-0.68526023626328	73.000000000000	0.0000000000000
2.5360000133514	-0.16115084290504	-0.68548488616943	73.000000000000	0.0000000000000
2.5399999618530	-0.16355499625206	-0.68569636344910	73.000000000000	0.0000000000000
2.5439999103546	-0.16594849526882	-0.68589496612549	73.000000000000	0.0000000000000
2.5480000972748	-0.16833160817623	-0.68608081340790	73.000000000000	0.0000000000000
2.5520000457764	-0.17070440948009	-0.68625420331955	73.000000000000	0.0000000000000
2.5559999942780	-0.17306767404079	-0.68641531467438	73.000000000000	0.0000000000000
2.5599999427795	-0.17542083561420	-0.68656438589096	73.000000000000	0.0000000000000
2.5639998912811	-0.17776449024677	-0.68670147657394	73.000000000000	0.0000000000000
2.5680000782013	-0.18009892106056	-0.68682688474655	73.000000000000	0.0000000000000
2.5720000267029	-0.18242402374744	-0.68694061040878	73.000000000000	0.0000000000000
2.5759999752045	-0.18474006652832	-0.68704283237457	73.000000000000	0.0000000000000
2.5799999237061	-0.18704748153687	-0.68713366985321	73.000000000000	0.0000000000000
2.5840001106262	-0.18934614956379	-0.68721312284470	73.000000000000	0.0000000000000
2.5880000591278	-0.19163641333580	-0.68728137016296	73.000000000000	0.0000000000000
2.5920000076294	-0.19391846656799	-0.68733841180801	73.000000000000	0.0000000000000
2.5959999561310	-0.19619220495224	-0.68738430738449	73.000000000000	0.0000000000000
2.5999999046326	-0.19845810532570	-0.68741905689240	73.000000000000	0.0000000000000
2.6040000915527	-0.20071586966515	-0.68744266033173	73.000000000000	0.0000000000000
2.6080000400543	-0.20296624302864	-0.68745511770248	73.000000000000	0.0000000000000
2.6119999885559	-0.20520883798599	-0.68745642900467	73.000000000000	0.0000000000000
2.6159999370575	-0.20744387805462	-0.68744665384293	73.000000000000	0.0000000000000
2.6199998855591	-0.20967140793800	-0.68742573261261	73.000000000000	0.0000000000000
2.6240000724792	-0.21189151704311	-0.68739348649979	73.000000000000	0.0000000000000
2.6280000209808	-0.21410427987576	-0.68735021352768	73.000000000000	0.0000000000000
2.6319999694824	-0.21630989015102	-0.68729549646378	73.000000000000	0.0000000000000
2.6359999179840	-0.21850825846195	-0.68722945451736	73.000000000000	0.0000000000000
2.6400001049042	-0.22069931030273	-0.68715202808380	73.000000000000	0.0000000000000
2.6440000534058	-0.22288325428963	-0.68706315755844	73.000000000000	0.0000000000000
2.6480000019073	-0.22505979239941	-0.68696278333664	73.000000000000	0.0000000000000
2.6519999504089	-0.22722913324833	-0.68685078620911	73.000000000000	0.0000000000000
2.6559998989105	-0.22939087450504	-0.68672728538513	73.000000000000	0.0000000000000
2.6600000858307	-0.23154556751251	-0.68659210205078	73.000000000000	0.0000000000000
2.6640000343323	-0.23369269073009	-0.68644499778748	73.000000000000	0.0000000000000
2.6679999828339	-0.23583222925663	-0.68628633022308	73.000000000000	0.0000000000000
2.6719999313354	-0.23796433210373	-0.68611574172974	73.000000000000	0.0000000000000
2.6760001182556	-0.24008855223656	-0.68593335151672	73.000000000000	0.0000000000000
2.6800000667572	-0.24220514297485	-0.68573892116547	73.000000000000	0.0000000000000
2.6840000152588	-0.24431347846985	-0.68553268909454	73.000000000000	0.0000000000000
2.6879999637604	-0.24641358852386	-0.68531453609467	73.000000000000	0.0000000000000
2.6919999122620	-0.24850551784039	-0.68508434295654	73.000000000000	0.0000000000000
2.6960000991821	-0.25058901309967	-0.68484228849411	73.000000000000	0.0000000000000
2.7000000476837	-0.25266396999359	-0.68458813428879	73.000000000000	0.0000000000000
2.7039999961853	-0.25472992658615	-0.68432223796844	73.000000000000	0.0000000000000
2.7079999446869	-0.25678715109825	-0.68404436111450	73.000000000000	0.0000000000000
2.7119998931885	-0.25883483886719	-0.68375474214554	73.000000000000	0.0000000000000
2.7160000801086	-0.26087322831154	-0.68345326185226	73.000000000000	0.0000000000000
2.7200000286102	-0.26290193200111	-0.68314015865326	73.000000000000	0.0000000000000
2.7239999771118	-0.26492109894753	-0.68281531333923	73.000000000000	0.0000000000000
2.7279999256134	-0.26693007349968	-0.68247896432877	73.000000000000	0.0000000000000
2.7320001125336	-0.26892873644829	-0.68213135004044	73.000000000000	0.0000000000000
2.7360000610352	-0.27091667056084	-0.68177247047424	73.000000000000	0.0000000000000
2.7400000095367	-0.27289417386055	-0.68140238523483	73.000000000000	0.0000000000000
2.7439999580383	-0.27486079931259	-0.68102127313614	73.000000000000	0.0000000000000
2.7479999065399	-0.27681589126587	-0.68062955141068	73.000000000000	0.0000000000000
2.7520000934601	-0.27875995635986	-0.68022698163986	73.000000000000	0.0000000000000
2.7560000419617	-0.28069242835045	-0.67981415987015	73.000000000000	0.0000000000000
2.7599999904633	-0.28261280059814	-0.67939126491547	73.000000000000	0.0000000000000
2.7639999389648	-0.28452146053314	-0.67895829677582	73.000000000000	0.0000000000000
2.7679998874664	-0.28641769289970	-0.67851573228836	73.000000000000	0.0000000000000
2.7720000743866	-0.28830179572105	-0.67806357145309	73.000000000000	0.0000000000000
2.7760000228882	-0.29017314314842	-0.67760241031647	73.000000000000	0.0000000000000
2.7799999713898	-0.29203203320503	-0.67713224887848	73.000000000000	0.0000000000000
2.7839999198914	-0.29387781023979	-0.67665356397629	73.000000000000	0.0000000000000
2.7880001068115	-0.29571053385735	-0.67616677284241	73.000000000000	0.0000000000000
2.7920000553131	-0.29752981662750	-0.67567199468613	73.000000000000	0.0000000000000
2.7960000038147	-0.29933610558510	-0.67516958713531	73.000000000000	0.0000000000000
2.7999999523163	-0.30112904310226	-0.67465984821320	73.000000000000	0.0000000000000
2.8039999008179	-0.30290839076042	-0.67414337396622	73.000000000000	0.0000000000000
2.8080000877380	-0.30467414855957	-0.67362016439438	73.000000000000	0.0000000000000
2.8120000362396	-0.30642613768578	-0.67309099435806	73.000000000000	0.0000000000000
2.8159999847412	-0.30816468596458	-0.67255586385727	73.000000000000	0.0000000000000
2.8199999332428	-0.30988925695419	-0.67201542854309	73.000000000000	0.0000000000000
2.8239998817444	-0.31160023808479	-0.67146986722946	73.000000000000	0.0000000000000
2.8280000686646	-0.31329745054245	-0.67091983556747	73.000000000000	0.0000000000000
2.8320000171661	-0.31498059630394	-0.67036563158035	73.000000000000	0.0000000000000
2.8359999656677	-0.31665045022964	-0.66980737447739	73.000000000000	0.0000000000000
2.8399999141693	-0.31830647587776	-0.66924577951431	73.000000000000	0.0000000000000
2.8440001010895	-0.31994888186455	-0.66868126392365	73.000000000000	0.0000000000000
2.8480000495911	-0.32157766819000	-0.66811406612396	73.000000000000	0.0000000000000
2.8519999980927	-0.32319337129593	-0.66754454374313	73.000000000000	0.0000000000000
2.8559999465942	-0.32479575276375	-0.66697311401367	73.000000000000	0.0000000000000
2.8599998950958	-0.32638499140739	-0.66640031337738	73.000000000000	0.0000000000000
2.8640000820160	-0.32796156406403	-0.66582620143890	73.000000000000	0.0000000000000
2.8680000305176	-0.32952493429184	-0.66525161266327	73.000000000000	0.0000000000000
2.8719999790192	-0.33107593655586	-0.66467660665512	73.000000000000	0.0000000000000
2.8759999275208	-0.33261471986771	-0.66410160064697	73.000000000000	0.0000000000000
2.8800001144409	-0.33414113521576	-0.66352701187134	73.000000000000	0.0000000000000
2.8840000629425	-0.33565598726273	-0.66295301914215	73.000000000000	0.0000000000000
2.8880000114441	-0.33715906739235	-0.66238009929657	73.000000000000	0.0000000000000
2.8919999599457	-0.33865061402321	-0.66180866956711	73.000000000000	0.0000000000000
2.8959999084473	-0.34013140201569	-0.66123872995377	73.000000000000	0.0000000000000
2.9000000953674	-0.34160125255585	-0.66067081689835	73.000000000000	0.0000000000000
2.9040000438690	-0.34306102991104	-0.66010499000549	73.000000000000	0.0000000000000
2.9079999923706	-0.34451019763947	-0.65954184532166	73.000000000000	0.0000000000000
2.9119999408722	-0.34595018625259	-0.65898108482361	73.000000000000	0.0000000000000
2.9159998893738	-0.34738060832024	-0.65842348337173	73.000000000000	0.0000000000000
2.9200000762939	-0.34880191087723	-0.65786910057068	73.000000000000	0.0000000000000
2.9240000247955	-0.35021454095840	-0.65731811523438	73.000000000000	0.0000000000000
2.9279999732971	-0.35161930322647	-0.65677046775818	73.000000000000	0.0000000000000
2.9319999217987	-0.35301601886749	-0.65622657537460	73.000000000000	0.0000000000000
2.9360001087189	-0.35440516471863	-0.65568655729294	73.000000000000	0.0000000000000
2.9400000572205	-0.35578685998917	-0.65515065193176	73.000000000000	0.0000000000000
2.9440000057220	-0.35716256499290	-0.65461850166321	73.000000000000	0.0000000000000
2.9479999542236	-0.35853141546249	-0.65409082174301	73.000000000000	0.0000000000000
2.9519999027252	-0.35989475250244	-0.65356713533401	73.000000000000	0.0000000000000
2.9560000896454	-0.36125251650810	-0.65304780006409	73.000000000000	0.0000000000000
2.9600000381470	-0.36260533332825	-0.65253269672394	73.000000000000	0.0000000000000
2.9639999866486	-0.36395359039307	-0.65202170610428	73.000000000000	0.0000000000000
2.9679999351501	-0.36529725790024	-0.65151530504227	73.000000000000	0.0000000000000
2.9719998836517	-0.36663717031479	-0.65101307630539	73.000000000000	0.0000000000000
2.9760000705719	-0.36797389388084	-0.65051496028900	73.000000000000	0.0000000000000
2.9800000190735	-0.36930733919144	-0.65002101659775	73.000000000000	0.0000000000000
2.9839999675751	-0.37063834071159	-0.64953106641769	73.000000000000	0.0000000000000
2.9879999160767	-0.37196686863899	-0.64904510974884	73.000000000000	0.0000000000000
2.9920001029968	-0.37329369783401	-0.64856296777725	73.000000000000	0.0000000000000
2.9960000514984	-0.37461873888969	-0.64808446168900	73.000000000000	0.0000000000000
3.0000000000000	-0.37594273686409	-0.64760953187943	73.000000000000	0.0000000000000
3.0039999485016	-0.37726575136185	-0.64713799953461	73.000000000000	0.0000000000000
3.0079998970032	-0.37858831882477	-0.64666962623596	73.000000000000	0.0000000000000
3.0120000839233	-0.37991055846214	-0.64620435237885	73.000000000000	0.0000000000000
3.0160000324249	-0.38123330473900	-0.64574152231216	73.000000000000	0.0000000000000
3.0199999809265	-0.38255605101585	-0.64528155326843	73.000000000000	0.0000000000000
3.0239999294281	-0.38387960195541	-0.64482372999191	73.000000000000	0.0000000000000
3.0280001163483	-0.38520428538322	-0.64436799287796	73.000000000000	0.0000000000000
3.0320000648499	-0.38652977347374	-0.64391428232193	73.000000000000	0.0000000000000
3.0360000133514	-0.38785699009895	-0.64346200227737	73.000000000000	0.0000000000000
3.0399999618530	-0.38918605446815	-0.64301079511642	73.000000000000	0.0000000000000
3.0439999103546	-0.39051678776741	-0.64256083965302	73.000000000000	0.0000000000000
3.0480000972748	-0.39184966683388	-0.64211153984070	73.000000000000	0.0000000000000
3.0520000457764	-0.39318457245827	-0.64166277647018	73.000000000000	0.0000000000000
3.0559999942780	-0.39452216029167	-0.64121401309967	73.000000000000	0.0000000000000
3.0599999427795	-0.39586189389229	-0.64076519012451	73.000000000000	0.0000000000000
3.0639998912811	-0.39720448851585	-0.64031600952148	73.000000000000	0.0000000000000
3.0680000782013	-0.39855033159256	-0.63986569643021	73.000000000000	0.0000000000000
3.0720000267029	-0.39989870786667	-0.63941448926926	73.000000000000	0.0000000000000
3.0759999752045	-0.40124985575676	-0.63896203041077	73.000000000000	0.0000000000000
3.0799999237061	-0.40260437130928	-0.63850784301758	73.000000000000	0.0000000000000
3.0840001106262	-0.40396204590797	-0.63805156946182	73.000000000000	0.0000000000000
3.0880000591278	-0.40532270073891	-0.63759303092957	73.000000000000	0.0000000000000
3.0920000076294	-0.40668666362762	-0.63713192939758	73.000000000000	0.0000000000000
3.0959999561310	-0.40805336833000	-0.63666808605194	73.000000000000	0.0000000000000
3.0999999046326	-0.40942376852036	-0.63620084524155	73.000000000000	0.0000000000000
3.1040000915527	-0.41079732775688	-0.63573008775711	73.000000000000	0.0000000000000
3.1080000400543	-0.41217362880707	-0.63525593280792	73.000000000000	0.0000000000000
3.1119999885559	-0.41355311870575	-0.63477772474289	73.000000000000	0.0000000000000
3.1159999370575	-0.41493600606918	-0.63429498672485	73.000000000000	0.0000000000000
3.1199998855591	-0.41632154583931	-0.63380795717239	73.000000000000	0.0000000000000
3.1240000724792	-0.41770991683006	-0.63331615924835	73.000000000000	0.0000000000000
3.1280000209808	-0.41910126805305	-0.63281929492950	73.000000000000	0.0000000000000
3.1319999694824	-0.42049551010132	-0.63231712579727	73.000000000000	0.0000000000000
3.1359999179840	-0.42189213633537	-0.63180965185165	73.000000000000	0.0000000000000
3.1400001049042	-0.42329168319702	-0.63129627704620	73.000000000000	0.0000000000000
3.1440000534058	-0.42469307780266	-0.63077741861343	73.000000000000	0.0000000000000
3.1480000019073	-0.42609715461731	-0.63025224208832	73.000000000000	0.0000000000000
3.1519999504089	-0.42750337719917	-0.62972092628479	73.000000000000	0.0000000000000
3.1559998989105	-0.42891168594360	-0.62918305397034	73.000000000000	0.0000000000000
3.1600000858307	-0.43032202124596	-0.62863868474960	73.000000000000	0.0000000000000
3.1640000343323	-0.43173414468765	-0.62808752059937	73.000000000000	0.0000000000000
3.1679999828339	-0.43314772844315	-0.62752962112427	73.000000000000	0.0000000000000
3.1719999313354	-0.43456318974495	-0.62696456909180	73.000000000000	0.0000000000000
3.1760001182556	-0.43597987294197	-0.62639248371124	73.000000000000	0.0000000000000
3.1800000667572	-0.43739789724350	-0.62581312656403	73.000000000000	0.0000000000000
3.1840000152588	-0.43881729245186	-0.62522625923157	73.000000000000	0.0000000000000
3.1879999637604	-0.44023752212524	-0.62463212013245	73.000000000000	0.0000000000000
3.1919999122620	-0.44165891408920	-0.62403029203415	73.000000000000	0.0000000000000
3.1960000991821	-0.44308090209961	-0.62342083454132	73.000000000000	0.0000000000000
3.2000000476837	-0.44450357556343	-0.62280380725861	73.000000000000	0.0000000000000
3.2039999961853	-0.44592705368996	-0.62217879295349	73.000000000000	0.0000000000000
3.2079999446869	-0.44735094904900	-0.62154597043991	73.000000000000	0.0000000000000
3.2119998931885	-0.44877490401268	-0.62090545892715	73.000000000000	0.0000000000000
3.2160000801086	-0.45019942522049	-0.62025672197342	73.000000000000	0.0000000000000
3.2200000286102	-0.45162415504456	-0.61959993839264	73.000000000000	0.0000000000000
3.2239999771118	-0.45304876565933	-0.61893528699875	73.000000000000	0.0000000000000
3.2279999256134	-0.45447343587875	-0.61826252937317	73.000000000000	0.0000000000000
3.2320001125336	-0.45589843392372	-0.61758130788803	73.000000000000	0.0000000000000
3.2360000610352	-0.45732304453850	-0.61689209938049	73.000000000000	0.0000000000000
3.2400000095367	-0.45874720811844	-0.61619478464127	73.000000000000	0.0000000000000
3.2439999580383	-0.46017187833786	-0.61548870801926	73.000000000000	0.0000000000000
3.2479999065399	-0.46159559488297	-0.61477458477020	73.000000000000	0.0000000000000
3.2520000934601	-0.46301913261414	-0.61405223608017	73.000000000000	0.0000000000000
3.2560000419617	-0.46444261074066	-0.61332118511200	73.000000000000	0.0000000000000
3.2599999904633	-0.46586558222771	-0.61258161067963	73.000000000000	0.0000000000000
3.2639999389648	-0.46728789806366	-0.61183375120163	73.000000000000	0.0000000000000
3.2679998874664	-0.46870991587639	-0.61107712984085	73.000000000000	0.0000000000000
3.2720000743866	-0.47013166546822	-0.61031180620193	73.000000000000	0.0000000000000
3.2760000228882	-0.47155278921127	-0.60953778028488	73.000000000000	0.0000000000000
3.2799999713898	-0.47297382354736	-0.60875475406647	73.000000000000	0.0000000000000
3.2839999198914	-0.47439402341843	-0.60796296596527	73.000000000000	0.0000000000000
3.2880001068115	-0.47581404447556	-0.60716217756271	73.000000000000	0.0000000000000
3.2920000553131	-0.47723370790482	-0.60635203123093	73.000000000000	0.0000000000000
3.2960000038147	-0.47865271568298	-0.60553294420242	73.000000000000	0.0000000000000
3.2999999523163	-0.48007124662399	-0.60470449924469	73.000000000000	0.0000000000000
3.3039999008179	-0.48148971796036	-0.60386627912521	73.000000000000	0.0000000000000
3.3080000877380	-0.48290762305260	-0.60301864147186	73.000000000000	0.0000000000000
3.3120000362396	-0.48432502150536	-0.60216116905212	73.000000000000	0.0000000000000
3.3159999847412	-0.48574191331863	-0.60129398107529	73.000000000000	0.0000000000000
3.3199999332428	-0.48715871572495	-0.60041648149490	73.000000000000	0.0000000000000
3.3239998817444	-0.48857524991035	-0.59952837228775	73.000000000000	0.0000000000000
3.3280000686646	-0.48999086022377	-0.59863024950027	73.000000000000	0.0000000000000
3.3320000171661	-0.49140638113022	-0.59772133827209	73.000000000000	0.0000000000000
3.3359999656677	-0.49282148480415	-0.59680134057999	73.000000000000	0.0000000000000
3.3399999141693	-0.49423614144325	-0.59587019681931	73.000000000000	0.0000000000000
3.3440001010895	-0.49565017223358	-0.59492784738541	73.000000000000	0.0000000000000
3.3480000495911	-0.49706366658211	-0.59397381544113	73.000000000000	0.0000000000000
3.3519999980927	-0.49847650527954	-0.59300798177719	73.000000000000	0.0000000000000
3.3559999465942	-0.49988892674446	-0.59202975034714	73.000000000000	0.0000000000000
3.3599998950958	-0.50130027532578	-0.59103935956955	73.000000000000	0.0000000000000
3.3640000820160	-0.50271087884903	-0.59003627300262	73.000000000000	0.0000000000000
3.3680000305176	-0.50412064790726	-0.58902019262314	73.000000000000	0.0000000000000
3.3719999790192	-0.50552928447723	-0.58799064159393	73.000000000000	0.0000000000000
3.3759999275208	-0.50693655014038	-0.58694773912430	73.000000000000	0.0000000000000
3.3800001144409	-0.50834274291992	-0.58589094877243	73.000000000000	0.0000000000000
3.3840000629425	-0.50974714756012	-0.58481991291046	73.000000000000	0.0000000000000
3.3880000114441	-0.51114988327026	-0.58373433351517	73.000000000000	0.0000000000000
3.3919999599457	-0.51255059242249	-0.58263403177261	73.000000000000	0.0000000000000
3.3959999084473	-0.51394927501678	-0.58151835203171	73.000000000000	0.0000000000000
3.4000000953674	-0.51534533500671	-0.58038729429245	73.000000000000	0.0000000000000
3.4040000438690	-0.51673907041550	-0.57924056053162	73.000000000000	0.0000000000000
3.4079999923706	-0.51812952756882	-0.57807767391205	73.000000000000	0.0000000000000
3.4119999408722	-0.51951682567596	-0.57689833641052	73.000000000000	0.0000000000000
3.4159998893738	-0.52090066671371	-0.57570225000381	73.000000000000	0.0000000000000
3.4200000762939	-0.52228045463562	-0.57448905706406	73.000000000000	0.0000000000000
3.4240000247955	-0.52365607023239	-0.57325869798660	73.000000000000	0.0000000000000
3.4279999732971	-0.52502685785294	-0.57201057672501	73.000000000000	0.0000000000000
3.4319999217987	-0.52639257907867	-0.57074457406998	73.000000000000	0.0000000000000
3.4360001087189	-0.52775299549103	-0.56946027278900	73.000000000000	0.0000000000000
3.4400000572205	-0.52910751104355	-0.56815743446350	73.000000000000	0.0000000000000
3.4440000057220	-0.53045529127121	-0.56683599948883	73.000000000000	0.0000000000000
3.4479999542236	-0.53179639577866	-0.56549543142319	73.000000000000	0.0000000000000
3.4519999027252	-0.53313016891479	-0.56413578987122	73.000000000000	0.0000000000000
3.4560000896454	-0.53445583581924	-0.56275677680969	73.000000000000	0.0000000000000
3.4600000381470	-0.53577297925949	-0.56135803461075	73.000000000000	0.0000000000000
3.4639999866486	-0.53708112239838	-0.55993962287903	73.000000000000	0.0000000000000
3.4679999351501	-0.53837954998016	-0.55850118398666	73.000000000000	0.0000000000000
3.4719998836517	-0.53966790437698	-0.55704271793365	73.000000000000	0.0000000000000
3.4760000705719	-0.54094564914703	-0.55556392669678	73.000000000000	0.0000000000000
3.4800000190735	-0.54221153259277	-0.55406504869461	73.000000000000	0.0000000000000
3.4839999675751	-0.54346561431885	-0.55254554748535	73.000000000000	0.0000000000000
3.4879999160767	-0.54470694065094	-0.55100589990616	73.000000000000	0.0000000000000
3.4920001029968	-0.54593473672867	-0.54944562911987	73.000000000000	0.0000000000000
3.4960000514984	-0.54714846611023	-0.54786515235901	73.000000000000	0.0000000000000
3.5000000000000	-0.54834783077240	-0.54626411199570	73.000000000000	0.0000000000000
3.5039999485016	-0.54953122138977	-0.54464274644852	73.000000000000	0.0000000000000
3.5079998970032	-0.55069893598557	-0.54300117492676	73.000000000000	0.0000000000000
3.5120000839233	-0.55184948444366	-0.54133957624435	73.000000000000	0.0000000000000
3.5160000324249	-0.55298292636871	-0.53965777158737	73.000000000000	0.0000000000000
3.5199999809265	-0.55409777164459	-0.53795647621155	73.000000000000	0.0000000000000
3.5239999294281	-0.55519378185272	-0.53623551130295	73.000000000000	0.0000000000000
3.5280001163483	-0.55627018213272	-0.53449511528015	73.000000000000	0.0000000000000
3.5320000648499	-0.55732613801956	-0.53273558616638	73.000000000000	0.0000000000000
3.5360000133514	-0.55836111307144	-0.53095740079880	73.000000000000	0.0000000000000
3.5399999618530	-0.55937445163727	-0.52916073799133	73.000000000000	0.0000000000000
3.5439999103546	-0.56036531925201	-0.52734583616257	73.000000000000	0.0000000000000
3.5480000972748	-0.56133300065994	-0.52551352977753	73.000000000000	0.0000000000000
3.5520000457764	-0.56227713823318	-0.52366375923157	73.000000000000	0.0000000000000
3.5559999942780	-0.56319665908813	-0.52179700136185	73.000000000000	0.0000000000000
3.5599999427795	-0.56409126520157	-0.51991403102875	73.000000000000	0.0000000000000
3.5639998912811	-0.56496036052704	-0.51801514625549	73.000000000000	0.0000000000000
3.5680000782013	-0.56580269336700	-0.51610112190247	73.000000000000	0.0000000000000
3.5720000267029	-0.56661844253540	-0.51417213678360	73.000000000000	0.0000000000000
3.5759999752045	-0.56740671396255	-0.51222920417786	73.000000000000	0.0000000000000
3.5799999237061	-0.56816691160202	-0.51027256250381	73.000000000000	0.0000000000000
3.5840001106262	-0.56889867782593	-0.50830310583115	73.000000000000	0.0000000000000
3.5880000591278	-0.56960129737854	-0.50632143020630	73.000000000000	0.0000000000000
3.5920000076294	-0.57027447223663	-0.50432813167572	73.000000000000	0.0000000000000
3.5959999561310	-0.57091754674911	-0.50232392549515	73.000000000000	0.0000000000000
3.5999999046326	-0.57153040170670	-0.50030976533890	73.000000000000	0.0000000000000
3.6040000915527	-0.57211214303970	-0.49828621745110	73.000000000000	0.0000000000000
3.6080000400543	-0.57266288995743	-0.49625390768051	73.000000000000	0.0000000000000
3.6119999885559	-0.57318198680878	-0.49421390891075	73.000000000000	0.0000000000000
3.6159999370575	-0.57366949319839	-0.49216687679291	73.000000000000	0.0000000000000
3.6199998855591	-0.57412469387054	-0.49011346697807	73.000000000000	0.0000000000000
3.6240000724792	-0.57454746961594	-0.48805496096611	73.000000000000	0.0000000000000
3.6280000209808	-0.57493758201599	-0.48599162697792	73.000000000000	0.0000000000000
3.6319999694824	-0.57529497146606	-0.48392480611801	73.000000000000	0.0000000000000
3.6359999179840	-0.57561933994293	-0.48185512423515	73.000000000000	0.0000000000000
3.6400001049042	-0.57591074705124	-0.47978335618973	73.000000000000	0.0000000000000
3.6440000534058	-0.57616907358170	-0.47771042585373	73.000000000000	0.0000000000000
3.6480000019073	-0.57639414072037	-0.47563716769218	73.000000000000	0.0000000000000
3.6519999504089	-0.57658594846725	-0.47356465458870	73.000000000000	0.0000000000000
3.6559998989105	-0.57674473524094	-0.47149327397346	73.000000000000	0.0000000000000
3.6600000858307	-0.57687032222748	-0.46942442655563	73.000000000000	0.0000000000000
3.6640000343323	-0.57696276903152	-0.46735876798630	73.000000000000	0.0000000000000
3.6679999828339	-0.57702237367630	-0.46529692411423	73.000000000000	0.0000000000000
3.6719999313354	-0.57704901695251	-0.46323999762535	73.000000000000	0.0000000000000
3.6760001182556	-0.57704317569733	-0.46118873357773	73.000000000000	0.0000000000000
3.6800000667572	-0.57700520753860	-0.45914375782013	73.000000000000	0.0000000000000
3.6840000152588	-0.57693463563919	-0.45710626244545	73.000000000000	0.0000000000000
3.6879999637604	-0.57683265209198	-0.45507657527924	73.000000000000	0.0000000000000
3.6919999122620	-0.57669901847839	-0.45305585861206	73.000000000000	0.0000000000000
3.6960000991821	-0.57653409242630	-0.45104467868805	73.000000000000	0.0000000000000
3.7000000476837	-0.57633858919144	-0.44904381036758	73.000000000000	0.0000000000000
3.7039999961853	-0.57611232995987	-0.44705396890640	73.000000000000	0.0000000000000
3.7079999446869	-0.57585626840591	-0.44507569074631	73.000000000000	0.0000000000000
3.7119998931885	-0.57557046413422	-0.44310989975929	73.000000000000	0.0000000000000
3.7160000801086	-0.57525569200516	-0.44115719199181	73.000000000000	0.0000000000000
3.7200000286102	-0.57491219043732	-0.43921804428101	73.000000000000	0.0000000000000
3.7239999771118	-0.57454067468643	-0.43729311227798	73.000000000000	0.0000000000000
3.7279999256134	-0.57414138317108	-0.43538302183151	73.000000000000	0.0000000000000
3.7320001125336	-0.57371515035629	-0.43348824977875	73.000000000000	0.0000000000000
3.7360000610352	-0.57326245307922	-0.43160918354988	73.000000000000	0.0000000000000
3.7400000095367	-0.57278364896774	-0.42974677681923	73.000000000000	0.0000000000000
3.7439999580383	-0.57227951288223	-0.42790091037750	73.000000000000	0.0000000000000
3.7479999065399	-0.57175064086914	-0.42607235908508	73.000000000000	0.0000000000000
3.7520000934601	-0.57119739055634	-0.42426154017448	73.000000000000	0.0000000000000
3.7560000419617	-0.57062077522278	-0.42246854305267	73.000000000000	0.0000000000000
3.7599999904633	-0.57002139091492	-0.42069372534752	73.000000000000	0.0000000000000
3.7639999389648	-0.56939941644669	-0.41893765330315	73.000000000000	0.0000000000000
3.7679998874664	-0.56875568628311	-0.41720044612885	73.000000000000	0.0000000000000
3.7720000743866	-0.56809085607529	-0.41548231244087	73.000000000000	0.0000000000000
3.7760000228882	-0.56740546226501	-0.41378372907639	73.000000000000	0.0000000000000
3.7799999713898	-0.56670045852661	-0.41210442781448	73.000000000000	0.0000000000000
3.7839999198914	-0.56597572565079	-0.41044512391090	73.000000000000	0.0000000000000
3.7880001068115	-0.56523257493973	-0.40880528092384	73.000000000000	0.0000000000000
3.7920000553131	-0.56447118520737	-0.40718567371368	73.000000000000	0.0000000000000
3.7960000038147	-0.56369233131409	-0.40558582544327	73.000000000000	0.0000000000000
3.7999999523163	-0.56289672851562	-0.40400612354279	73.000000000000	0.0000000000000
3.8039999008179	-0.56208449602127	-0.40244635939598	73.000000000000	0.0000000000000
3.8080000877380	-0.56125634908676	-0.40090689063072	73.000000000000	0.0000000000000
3.8120000362396	-0.56041288375854	-0.39938738942146	73.000000000000	0.0000000000000
3.8159999847412	-0.55955481529236	-0.39788779616356	73.000000000000	0.0000000000000
3.8199999332428	-0.55868244171143	-0.39640811085701	73.000000000000	0.0000000000000
3.8239998817444	-0.55779623985291	-0.39494830369949	73.000000000000	0.0000000000000
3.8280000686646	-0.55689650774002	-0.39350843429565	73.000000000000	0.0000000000000
3.8320000171661	-0.55598378181458	-0.39208796620369	73.000000000000	0.0000000000000
3.8359999656677	-0.55505865812302	-0.39068704843521	73.000000000000	0.0000000000000
3.8399999141693	-0.55412137508392	-0.38930550217628	73.000000000000	0.0000000000000
3.8440001010895	-0.55317264795303	-0.38794291019440	73.000000000000	0.0000000000000
3.8480000495911	-0.55221217870712	-0.38659957051277	73.000000000000	0.0000000000000
3.8519999980927	-0.55124080181122	-0.38527515530586	73.000000000000	0.0000000000000
3.8559999465942	-0.55025839805603	-0.38396930694580	73.000000000000	0.0000000000000
3.8599998950958	-0.54926574230194	-0.38268199563026	73.000000000000	0.0000000000000
3.8640000820160	-0.54826271533966	-0.38141286373138	73.000000000000	0.0000000000000
3.8680000305176	-0.54724985361099	-0.38016173243523	73.000000000000	0.0000000000000
3.8719999790192	-0.54622733592987	-0.37892851233482	73.000000000000	0.0000000000000
3.8759999275208	-0.54519498348236	-0.37771311402321	73.000000000000	0.0000000000000
3.8800001144409	-0.54415309429169	-0.37651517987251	73.000000000000	0.0000000000000
3.8840000629425	-0.54310220479965	-0.37533441185951	73.000000000000	0.0000000000000
3.8880000114441	-0.54204201698303	-0.37417083978653	73.000000000000	0.0000000000000
3.8919999599457	-0.54097288846970	-0.37302416563034	73.000000000000	0.0000000000000
3.8959999084473	-0.53989475965500	-0.37189427018166	73.000000000000	0.0000000000000
3.9000000953674	-0.53880751132965	-0.37078106403351	73.000000000000	0.0000000000000
3.9040000438690	-0.53771150112152	-0.36968427896500	73.000000000000	0.0000000000000
3.9079999923706	-0.53660649061203	-0.36860385537148	73.000000000000	0.0000000000000
3.9119999408722	-0.53549289703369	-0.36753958463669	73.000000000000	0.0000000000000
3.9159998893738	-0.53437018394470	-0.36649152636528	73.000000000000	0.0000000000000
3.9200000762939	-0.53323870897293	-0.36545926332474	73.000000000000	0.0000000000000
3.9240000247955	-0.53209823369980	-0.36444300413132	73.000000000000	0.0000000000000
3.9279999732971	-0.53094863891602	-0.36344289779663	73.000000000000	0.0000000000000
3.9319999217987	-0.52979028224945	-0.36245834827423	73.000000000000	0.0000000000000
3.9360001087189	-0.52862256765366	-0.36148983240128	73.000000000000	0.0000000000000
3.9400000572205	-0.52744567394257	-0.36053705215454	73.000000000000	0.0000000000000
3.9440000057220	-0.52625954151154	-0.35960000753403	73.000000000000	0.0000000000000
3.9479999542236	-0.52506393194199	-0.35867911577225	73.000000000000	0.0000000000000
3.9519999027252	-0.52385884523392	-0.35777419805527	73.000000000000	0.0000000000000
3.9560000896454	-0.52264428138733	-0.35688525438309	73.000000000000	0.0000000000000
3.9600000381470	-0.52142006158829	-0.35601243376732	73.000000000000	0.0000000000000
3.9639999866486	-0.52018600702286	-0.35515603423119	73.000000000000	0.0000000000000
3.9679999351501	-0.51894181966782	-0.35431626439095	73.000000000000	0.0000000000000
3.9719998836517	-0.51768809556961	-0.35349297523499	73.000000000000	0.0000000000000
3.9760000705719	-0.51642405986786	-0.35268655419350	73.000000000000	0.0000000000000
3.9800000190735	-0.51514989137650	-0.35189732909203	73.000000000000	0.0000000000000
3.9839999675751	-0.51386588811874	-0.35112527012825	73.000000000000	0.0000000000000
3.9879999160767	-0.51257133483887	-0.35037085413933	73.000000000000	0.0000000000000
3.9920001029968	-0.51126670837402	-0.34963428974152	73.000000000000	0.0000000000000
3.9960000514984	-0.50995165109634	-0.34891596436501	73.000000000000	0.0000000000000
4.0000000000000	-0.50862634181976	-0.34821614623070	73.000000000000	0.0000000000000
