#Parameters = {d=20; L=50}
#"Frequency / GHz"	"S1,1 (d=20) [Re]"	"S1,1 (d=20) [Im]"	"Ref.Imp. [Re]"	"Ref.Imp. [Im]"
#---------------------------------------------------------------------------------------
0.0000000000000	1.0000000000000	-0.0000000000000	73.000000000000	0.0000000000000
0.0040000001899898	0.99995291233063	-0.0091959061101079	73.000000000000	0.0000000000000
0.0080000003799796	0.99981182813644	-0.018390098586679	73.000000000000	0.0000000000000
0.012000000104308	0.99957674741745	-0.027580870315433	73.000000000000	0.0000000000000
0.016000000759959	0.99924778938293	-0.036766517907381	73.000000000000	0.0000000000000
0.019999999552965	0.99882537126541	-0.045945357531309	73.000000000000	0.0000000000000
0.024000000208616	0.99830967187881	-0.055115725845098	73.000000000000	0.0000000000000
0.028000000864267	0.99770122766495	-0.064275987446308	73.000000000000	0.0000000000000
0.032000001519918	0.99700057506561	-0.073424525558949	73.000000000000	0.0000000000000
0.035999998450279	0.99620795249939	-0.082559756934643	73.000000000000	0.0000000000000
0.039999999105930	0.99532419443130	-0.091680131852627	73.000000000000	0.0000000000000
0.043999999761581	0.99434983730316	-0.10078416764736	73.000000000000	0.0000000000000
0.048000000417233	0.99328571557999	-0.10987039655447	73.000000000000	0.0000000000000
0.052000001072884	0.99213254451752	-0.11893741786480	73.000000000000	0.0000000000000
0.056000001728535	0.99089109897614	-0.12798386812210	73.000000000000	0.0000000000000
0.059999998658895	0.98956227302551	-0.13700847327709	73.000000000000	0.0000000000000
0.064000003039837	0.98814713954926	-0.14600995182991	73.000000000000	0.0000000000000
0.068000003695488	0.98664623498917	-0.15498714148998	73.000000000000	0.0000000000000
0.071999996900558	0.98506098985672	-0.16393893957138	73.000000000000	0.0000000000000
0.075999997556210	0.98339200019836	-0.17286425828934	73.000000000000	0.0000000000000
0.079999998211861	0.98164075613022	-0.18176212906837	73.000000000000	0.0000000000000
0.083999998867512	0.97980803251266	-0.19063161313534	73.000000000000	0.0000000000000
0.087999999523163	0.97789484262466	-0.19947189092636	73.000000000000	0.0000000000000
0.092000000178814	0.97590243816376	-0.20828214287758	73.000000000000	0.0000000000000
0.096000000834465	0.97383189201355	-0.21706163883209	73.000000000000	0.0000000000000
0.10000000149012	0.97168421745300	-0.22580978274345	73.000000000000	0.0000000000000
0.10400000214577	0.96946054697037	-0.23452597856522	73.000000000000	0.0000000000000
0.10800000280142	0.96716189384460	-0.24320967495441	73.000000000000	0.0000000000000
0.11200000345707	0.96478945016861	-0.25186040997505	73.000000000000	0.0000000000000
0.11599999666214	0.96234411001205	-0.26047787070274	73.000000000000	0.0000000000000
0.11999999731779	0.95982700586319	-0.26906168460846	73.000000000000	0.0000000000000
0.12399999797344	0.95723897218704	-0.27761161327362	73.000000000000	0.0000000000000
0.12800000607967	0.95458120107651	-0.28612741827965	73.000000000000	0.0000000000000
0.13199999928474	0.95185452699661	-0.29460901021957	73.000000000000	0.0000000000000
0.13600000739098	0.94905978441238	-0.30305615067482	73.000000000000	0.0000000000000
0.14000000059605	0.94619786739349	-0.31146898865700	73.000000000000	0.0000000000000
0.14399999380112	0.94326955080032	-0.31984734535217	73.000000000000	0.0000000000000
0.14800000190735	0.94027560949326	-0.32819131016731	73.000000000000	0.0000000000000
0.15199999511242	0.93721675872803	-0.33650097250938	73.000000000000	0.0000000000000
0.15600000321865	0.93409365415573	-0.34477642178535	73.000000000000	0.0000000000000
0.15999999642372	0.93090683221817	-0.35301777720451	73.000000000000	0.0000000000000
0.16400000452995	0.92765688896179	-0.36122518777847	73.000000000000	0.0000000000000
0.16799999773502	0.92434430122375	-0.36939886212349	73.000000000000	0.0000000000000
0.17200000584126	0.92096954584122	-0.37753894925117	73.000000000000	0.0000000000000
0.17599999904633	0.91753274202347	-0.38564556837082	73.000000000000	0.0000000000000
0.18000000715256	0.91403442621231	-0.39371904730797	73.000000000000	0.0000000000000
0.18400000035763	0.91047477722168	-0.40175959467888	73.000000000000	0.0000000000000
0.18799999356270	0.90685397386551	-0.40976724028587	73.000000000000	0.0000000000000
0.19200000166893	0.90317213535309	-0.41774228215218	73.000000000000	0.0000000000000
0.19599999487400	0.89942926168442	-0.42568489909172	73.000000000000	0.0000000000000
0.20000000298023	0.89562553167343	-0.43359521031380	73.000000000000	0.0000000000000
0.20399999618530	0.89176070690155	-0.44147333502769	73.000000000000	0.0000000000000
0.20800000429153	0.88783466815948	-0.44931939244270	73.000000000000	0.0000000000000
0.21199999749660	0.88384741544724	-0.45713335275650	73.000000000000	0.0000000000000
0.21600000560284	0.87979859113693	-0.46491539478302	73.000000000000	0.0000000000000
0.21999999880791	0.87568819522858	-0.47266542911530	73.000000000000	0.0000000000000
0.22400000691414	0.87151551246643	-0.48038333654404	73.000000000000	0.0000000000000
0.22800000011921	0.86728072166443	-0.48806908726692	73.000000000000	0.0000000000000
0.23199999332428	0.86298304796219	-0.49572250247002	73.000000000000	0.0000000000000
0.23600000143051	0.85862237215042	-0.50334346294403	73.000000000000	0.0000000000000
0.23999999463558	0.85419797897339	-0.51093149185181	73.000000000000	0.0000000000000
0.24400000274181	0.84970980882645	-0.51848655939102	73.000000000000	0.0000000000000
0.24799999594688	0.84515702724457	-0.52600800991058	73.000000000000	0.0000000000000
0.25200000405312	0.84053939580917	-0.53349548578262	73.000000000000	0.0000000000000
0.25600001215935	0.83585631847382	-0.54094862937927	73.000000000000	0.0000000000000
0.25999999046326	0.83110743761063	-0.54836672544479	73.000000000000	0.0000000000000
0.26399999856949	0.82629221677780	-0.55574911832809	73.000000000000	0.0000000000000
0.26800000667572	0.82141000032425	-0.56309521198273	73.000000000000	0.0000000000000
0.27200001478195	0.81646054983139	-0.57040423154831	73.000000000000	0.0000000000000
0.27599999308586	0.81144338846207	-0.57767528295517	73.000000000000	0.0000000000000
0.28000000119209	0.80635803937912	-0.58490747213364	73.000000000000	0.0000000000000
0.28400000929832	0.80120390653610	-0.59210002422333	73.000000000000	0.0000000000000
0.28799998760223	0.79598093032837	-0.59925174713135	73.000000000000	0.0000000000000
0.29199999570847	0.79068869352341	-0.60636168718338	73.000000000000	0.0000000000000
0.29600000381470	0.78532665967941	-0.61342859268188	73.000000000000	0.0000000000000
0.30000001192093	0.77989482879639	-0.62045156955719	73.000000000000	0.0000000000000
0.30399999022484	0.77439296245575	-0.62742912769318	73.000000000000	0.0000000000000
0.30799999833107	0.76882070302963	-0.63436001539230	73.000000000000	0.0000000000000
0.31200000643730	0.76317816972733	-0.64124315977097	73.000000000000	0.0000000000000
0.31600001454353	0.75746518373489	-0.64807695150375	73.000000000000	0.0000000000000
0.31999999284744	0.75168180465698	-0.65486019849777	73.000000000000	0.0000000000000
0.32400000095367	0.74582809209824	-0.66159117221832	73.000000000000	0.0000000000000
0.32800000905991	0.73990410566330	-0.66826885938644	73.000000000000	0.0000000000000
0.33199998736382	0.73391032218933	-0.67489153146744	73.000000000000	0.0000000000000
0.33599999547005	0.72784656286240	-0.68145775794983	73.000000000000	0.0000000000000
0.34000000357628	0.72171372175217	-0.68796604871750	73.000000000000	0.0000000000000
0.34400001168251	0.71551179885864	-0.69441485404968	73.000000000000	0.0000000000000
0.34799998998642	0.70924139022827	-0.70080274343491	73.000000000000	0.0000000000000
0.35199999809265	0.70290321111679	-0.70712822675705	73.000000000000	0.0000000000000
0.35600000619888	0.69649773836136	-0.71338969469070	73.000000000000	0.0000000000000
0.36000001430511	0.69002550840378	-0.71958571672440	73.000000000000	0.0000000000000
0.36399999260902	0.68348777294159	-0.72571486234665	73.000000000000	0.0000000000000
0.36800000071526	0.67688512802124	-0.73177552223206	73.000000000000	0.0000000000000
0.37200000882149	0.67021828889847	-0.73776644468307	73.000000000000	0.0000000000000
0.37599998712540	0.66348862648010	-0.74368613958359	73.000000000000	0.0000000000000
0.37999999523163	0.65669691562653	-0.74953329563141	73.000000000000	0.0000000000000
0.38400000333786	0.64984440803528	-0.75530654191971	73.000000000000	0.0000000000000
0.38800001144409	0.64293241500854	-0.76100456714630	73.000000000000	0.0000000000000
0.39199998974800	0.63596183061600	-0.76662623882294	73.000000000000	0.0000000000000
0.39599999785423	0.62893420457840	-0.77217036485672	73.000000000000	0.0000000000000
0.40000000596046	0.62185078859329	-0.77763569355011	73.000000000000	0.0000000000000
0.40400001406670	0.61471295356750	-0.78302145004272	73.000000000000	0.0000000000000
0.40799999237061	0.60752207040787	-0.78832614421844	73.000000000000	0.0000000000000
0.41200000047684	0.60028004646301	-0.79354929924011	73.000000000000	0.0000000000000
0.41600000858307	0.59298777580261	-0.79868978261948	73.000000000000	0.0000000000000
0.41999998688698	0.58564704656601	-0.80374687910080	73.000000000000	0.0000000000000
0.42399999499321	0.57825940847397	-0.80871981382370	73.000000000000	0.0000000000000
0.42800000309944	0.57082664966583	-0.81360787153244	73.000000000000	0.0000000000000
0.43200001120567	0.56335008144379	-0.81841045618057	73.000000000000	0.0000000000000
0.43599998950958	0.55583143234253	-0.82312715053558	73.000000000000	0.0000000000000
0.43999999761581	0.54827213287354	-0.82775735855103	73.000000000000	0.0000000000000
0.44400000572205	0.54067409038544	-0.83230078220367	73.000000000000	0.0000000000000
0.44800001382828	0.53303867578506	-0.83675712347031	73.000000000000	0.0000000000000
0.45199999213219	0.52536737918854	-0.84112602472305	73.000000000000	0.0000000000000
0.45600000023842	0.51766210794449	-0.84540736675262	73.000000000000	0.0000000000000
0.46000000834465	0.50992459058762	-0.84960114955902	73.000000000000	0.0000000000000
0.46399998664856	0.50215554237366	-0.85370713472366	73.000000000000	0.0000000000000
0.46799999475479	0.49435725808144	-0.85772544145584	73.000000000000	0.0000000000000
0.47200000286102	0.48653084039688	-0.86165618896484	73.000000000000	0.0000000000000
0.47600001096725	0.47867780923843	-0.86549943685532	73.000000000000	0.0000000000000
0.47999998927116	0.47079968452454	-0.86925548315048	73.000000000000	0.0000000000000
0.48399999737740	0.46289753913879	-0.87292444705963	73.000000000000	0.0000000000000
0.48800000548363	0.45497274398804	-0.87650662660599	73.000000000000	0.0000000000000
0.49200001358986	0.44702699780464	-0.88000243902206	73.000000000000	0.0000000000000
0.49599999189377	0.43906110525131	-0.88341218233109	73.000000000000	0.0000000000000
0.50000000000000	0.43107622861862	-0.88673627376556	73.000000000000	0.0000000000000
0.50400000810623	0.42307335138321	-0.88997513055801	73.000000000000	0.0000000000000
0.50800001621246	0.41505387425423	-0.89312928915024	73.000000000000	0.0000000000000
0.51200002431870	0.40701842308044	-0.89619916677475	73.000000000000	0.0000000000000
0.51599997282028	0.39896818995476	-0.89918529987335	73.000000000000	0.0000000000000
0.51999998092651	0.39090400934219	-0.90208798646927	73.000000000000	0.0000000000000
0.52399998903275	0.38282629847527	-0.90490812063217	73.000000000000	0.0000000000000
0.52799999713898	0.37473610043526	-0.90764582157135	73.000000000000	0.0000000000000
0.53200000524521	0.36663395166397	-0.91030180454254	73.000000000000	0.0000000000000
0.53600001335144	0.35852089524269	-0.91287636756897	73.000000000000	0.0000000000000
0.54000002145767	0.35039702057838	-0.91537034511566	73.000000000000	0.0000000000000
0.54400002956390	0.34226271510124	-0.91778379678726	73.000000000000	0.0000000000000
0.54799997806549	0.33411881327629	-0.92011731863022	73.000000000000	0.0000000000000
0.55199998617172	0.32596540451050	-0.92237138748169	73.000000000000	0.0000000000000
0.55599999427795	0.31780317425728	-0.92454624176025	73.000000000000	0.0000000000000
0.56000000238419	0.30963209271431	-0.92664223909378	73.000000000000	0.0000000000000
0.56400001049042	0.30145272612572	-0.92865961790085	73.000000000000	0.0000000000000
0.56800001859665	0.29326477646828	-0.93059873580933	73.000000000000	0.0000000000000
0.57200002670288	0.28506901860237	-0.93245959281921	73.000000000000	0.0000000000000
0.57599997520447	0.27686530351639	-0.93424254655838	73.000000000000	0.0000000000000
0.57999998331070	0.26865351200104	-0.93594759702682	73.000000000000	0.0000000000000
0.58399999141693	0.26043432950974	-0.93757468461990	73.000000000000	0.0000000000000
0.58799999952316	0.25220760703087	-0.93912386894226	73.000000000000	0.0000000000000
0.59200000762939	0.24397316575050	-0.94059497117996	73.000000000000	0.0000000000000
0.59600001573563	0.23573148250580	-0.94198793172836	73.000000000000	0.0000000000000
0.60000002384186	0.22748211026192	-0.94330245256424	73.000000000000	0.0000000000000
0.60399997234344	0.21922579407692	-0.94453829526901	73.000000000000	0.0000000000000
0.60799998044968	0.21096231043339	-0.94569516181946	73.000000000000	0.0000000000000
0.61199998855591	0.20269164443016	-0.94677245616913	73.000000000000	0.0000000000000
0.61599999666214	0.19441391527653	-0.94776976108551	73.000000000000	0.0000000000000
0.62000000476837	0.18612979352474	-0.94868671894073	73.000000000000	0.0000000000000
0.62400001287460	0.17783887684345	-0.94952267408371	73.000000000000	0.0000000000000
0.62800002098083	0.16954176127911	-0.95027691125870	73.000000000000	0.0000000000000
0.63200002908707	0.16123886406422	-0.95094853639603	73.000000000000	0.0000000000000
0.63599997758865	0.15292967855930	-0.95153707265854	73.000000000000	0.0000000000000
0.63999998569489	0.14461544156075	-0.95204162597656	73.000000000000	0.0000000000000
0.64399999380112	0.13629610836506	-0.95246142148972	73.000000000000	0.0000000000000
0.64800000190735	0.12797339260578	-0.95279538631439	73.000000000000	0.0000000000000
0.65200001001358	0.11964640021324	-0.95304262638092	73.000000000000	0.0000000000000
0.65600001811981	0.11131601780653	-0.95320242643356	73.000000000000	0.0000000000000
0.66000002622604	0.10298316925764	-0.95327359437943	73.000000000000	0.0000000000000
0.66399997472763	0.094648875296116	-0.95325505733490	73.000000000000	0.0000000000000
0.66799998283386	0.086314566433430	-0.95314586162567	73.000000000000	0.0000000000000
0.67199999094009	0.077979914844036	-0.95294499397278	73.000000000000	0.0000000000000
0.67599999904633	0.069646924734116	-0.95265150070190	73.000000000000	0.0000000000000
0.68000000715256	0.061316240578890	-0.95226413011551	73.000000000000	0.0000000000000
0.68400001525879	0.052989486604929	-0.95178204774857	73.000000000000	0.0000000000000
0.68800002336502	0.044667363166809	-0.95120406150818	73.000000000000	0.0000000000000
0.69199997186661	0.036352023482323	-0.95052933692932	73.000000000000	0.0000000000000
0.69599997997284	0.028045166283846	-0.94975674152374	73.000000000000	0.0000000000000
0.69999998807907	0.019747635349631	-0.94888544082642	73.000000000000	0.0000000000000
0.70399999618530	0.011461207643151	-0.94791454076767	73.000000000000	0.0000000000000
0.70800000429153	0.0031881488393992	-0.94684314727783	73.000000000000	0.0000000000000
0.71200001239777	-0.0050701498985291	-0.94567060470581	73.000000000000	0.0000000000000
0.71600002050400	-0.013311365619302	-0.94439595937729	73.000000000000	0.0000000000000
0.72000002861023	-0.021534049883485	-0.94301855564117	73.000000000000	0.0000000000000
0.72399997711182	-0.029735827818513	-0.94153797626495	73.000000000000	0.0000000000000
0.72799998521805	-0.037913408130407	-0.93995368480682	73.000000000000	0.0000000000000
0.73199999332428	-0.046066619455814	-0.93826508522034	73.000000000000	0.0000000000000
0.73600000143051	-0.054192133247852	-0.93647187948227	73.000000000000	0.0000000000000
0.74000000953674	-0.062287062406540	-0.93457394838333	73.000000000000	0.0000000000000
0.74400001764297	-0.070349402725697	-0.93257099390030	73.000000000000	0.0000000000000
0.74800002574921	-0.078376710414886	-0.93046313524246	73.000000000000	0.0000000000000
0.75199997425079	-0.086366951465607	-0.92825019359589	73.000000000000	0.0000000000000
0.75599998235703	-0.094317235052586	-0.92593234777451	73.000000000000	0.0000000000000
0.75999999046326	-0.10222468525171	-0.92351007461548	73.000000000000	0.0000000000000
0.76399999856949	-0.11008641868830	-0.92098373174667	73.000000000000	0.0000000000000
0.76800000667572	-0.11790088564157	-0.91835379600525	73.000000000000	0.0000000000000
0.77200001478195	-0.12566524744034	-0.91562062501907	73.000000000000	0.0000000000000
0.77600002288818	-0.13337585330009	-0.91278553009033	73.000000000000	0.0000000000000
0.77999997138977	-0.14103119075298	-0.90984892845154	73.000000000000	0.0000000000000
0.78399997949600	-0.14862808585167	-0.90681201219559	73.000000000000	0.0000000000000
0.78799998760223	-0.15616427361965	-0.90367597341537	73.000000000000	0.0000000000000
0.79199999570847	-0.16363710165024	-0.90044188499451	73.000000000000	0.0000000000000
0.79600000381470	-0.17104351520538	-0.89711141586304	73.000000000000	0.0000000000000
0.80000001192093	-0.17838221788406	-0.89368557929993	73.000000000000	0.0000000000000
0.80400002002716	-0.18564987182617	-0.89016640186310	73.000000000000	0.0000000000000
0.80800002813339	-0.19284448027611	-0.88655537366867	73.000000000000	0.0000000000000
0.81199997663498	-0.19996321201324	-0.88285464048386	73.000000000000	0.0000000000000
0.81599998474121	-0.20700462162495	-0.87906575202942	73.000000000000	0.0000000000000
0.81999999284744	-0.21396604180336	-0.87519103288651	73.000000000000	0.0000000000000
0.82400000095367	-0.22084574401379	-0.87123239040375	73.000000000000	0.0000000000000
0.82800000905991	-0.22764123976231	-0.86719250679016	73.000000000000	0.0000000000000
0.83200001716614	-0.23435133695602	-0.86307322978973	73.000000000000	0.0000000000000
0.83600002527237	-0.24097369611263	-0.85887730121613	73.000000000000	0.0000000000000
0.83999997377396	-0.24750693142414	-0.85460710525513	73.000000000000	0.0000000000000
0.84399998188019	-0.25394973158836	-0.85026514530182	73.000000000000	0.0000000000000
0.84799998998642	-0.26029995083809	-0.84585422277451	73.000000000000	0.0000000000000
0.85199999809265	-0.26655691862106	-0.84137696027756	73.000000000000	0.0000000000000
0.85600000619888	-0.27271911501884	-0.83683604001999	73.000000000000	0.0000000000000
0.86000001430511	-0.27878558635712	-0.83223438262939	73.000000000000	0.0000000000000
0.86400002241135	-0.28475543856621	-0.82757472991943	73.000000000000	0.0000000000000
0.86799997091293	-0.29062750935555	-0.82286012172699	73.000000000000	0.0000000000000
0.87199997901917	-0.29640179872513	-0.81809306144714	73.000000000000	0.0000000000000
0.87599998712540	-0.30207738280296	-0.81327670812607	73.000000000000	0.0000000000000
0.87999999523163	-0.30765363574028	-0.80841398239136	73.000000000000	0.0000000000000
0.88400000333786	-0.31313094496727	-0.80350762605667	73.000000000000	0.0000000000000
0.88800001144409	-0.31850811839104	-0.79856073856354	73.000000000000	0.0000000000000
0.89200001955032	-0.32378605008125	-0.79357612133026	73.000000000000	0.0000000000000
0.89600002765656	-0.32896450161934	-0.78855645656586	73.000000000000	0.0000000000000
0.89999997615814	-0.33404338359833	-0.78350496292114	73.000000000000	0.0000000000000
0.90399998426437	-0.33902367949486	-0.77842402458191	73.000000000000	0.0000000000000
0.90799999237061	-0.34390580654144	-0.77331638336182	73.000000000000	0.0000000000000
0.91200000047684	-0.34868979454041	-0.76818490028381	73.000000000000	0.0000000000000
0.91600000858307	-0.35337683558464	-0.76303207874298	73.000000000000	0.0000000000000
0.92000001668930	-0.35796719789505	-0.75786077976227	73.000000000000	0.0000000000000
0.92400002479553	-0.36246252059937	-0.75267302989960	73.000000000000	0.0000000000000
0.92799997329712	-0.36686345934868	-0.74747157096863	73.000000000000	0.0000000000000
0.93199998140335	-0.37117099761963	-0.74225872755051	73.000000000000	0.0000000000000
0.93599998950958	-0.37538659572601	-0.73703640699387	73.000000000000	0.0000000000000
0.93999999761581	-0.37951129674911	-0.73180705308914	73.000000000000	0.0000000000000
0.94400000572205	-0.38354626297951	-0.72657293081284	73.000000000000	0.0000000000000
0.94800001382828	-0.38749331235886	-0.72133553028107	73.000000000000	0.0000000000000
0.95200002193451	-0.39135396480560	-0.71609699726105	73.000000000000	0.0000000000000
0.95599997043610	-0.39512899518013	-0.71085923910141	73.000000000000	0.0000000000000
0.95999997854233	-0.39882093667984	-0.70562344789505	73.000000000000	0.0000000000000
0.96399998664856	-0.40243059396744	-0.70039165019989	73.000000000000	0.0000000000000
0.96799999475479	-0.40596011281013	-0.69516503810883	73.000000000000	0.0000000000000
0.97200000286102	-0.40941110253334	-0.68994504213333	73.000000000000	0.0000000000000
0.97600001096725	-0.41278487443924	-0.68473303318024	73.000000000000	0.0000000000000
0.98000001907349	-0.41608333587646	-0.67953008413315	73.000000000000	0.0000000000000
0.98400002717972	-0.41930809617043	-0.67433720827103	73.000000000000	0.0000000000000
0.98799997568130	-0.42246109247208	-0.66915541887283	73.000000000000	0.0000000000000
0.99199998378754	-0.42554378509521	-0.66398543119431	73.000000000000	0.0000000000000
0.99599999189377	-0.42855763435364	-0.65882819890976	73.000000000000	0.0000000000000
1.0000000000000	-0.43150487542152	-0.65368413925171	73.000000000000	0.0000000000000
1.0039999485016	-0.43438655138016	-0.64855426549911	73.000000000000	0.0000000000000
1.0080000162125	-0.43720439076424	-0.64343869686127	73.000000000000	0.0000000000000
1.0119999647141	-0.43996027112007	-0.63833785057068	73.000000000000	0.0000000000000
1.0160000324249	-0.44265535473824	-0.63325226306915	73.000000000000	0.0000000000000
1.0199999809265	-0.44529104232788	-0.62818223237991	73.000000000000	0.0000000000000
1.0240000486374	-0.44786879420280	-0.62312805652618	73.000000000000	0.0000000000000
1.0279999971390	-0.45039045810699	-0.61808943748474	73.000000000000	0.0000000000000
1.0319999456406	-0.45285648107529	-0.61306715011597	73.000000000000	0.0000000000000
1.0360000133514	-0.45526897907257	-0.60806053876877	73.000000000000	0.0000000000000
1.0399999618530	-0.45762866735458	-0.60307031869888	73.000000000000	0.0000000000000
1.0440000295639	-0.45993658900261	-0.59809613227844	73.000000000000	0.0000000000000
1.0479999780655	-0.46219420433044	-0.59313780069351	73.000000000000	0.0000000000000
1.0520000457764	-0.46440243721008	-0.58819562196732	73.000000000000	0.0000000000000
1.0559999942780	-0.46656224131584	-0.58326923847198	73.000000000000	0.0000000000000
1.0599999427795	-0.46867439150810	-0.57835870981216	73.000000000000	0.0000000000000
1.0640000104904	-0.47073966264725	-0.57346415519714	73.000000000000	0.0000000000000
1.0679999589920	-0.47275906801224	-0.56858539581299	73.000000000000	0.0000000000000
1.0720000267029	-0.47473353147507	-0.56372201442719	73.000000000000	0.0000000000000
1.0759999752045	-0.47666344046593	-0.55887430906296	73.000000000000	0.0000000000000
1.0800000429153	-0.47854983806610	-0.55404222011566	73.000000000000	0.0000000000000
1.0839999914169	-0.48039290308952	-0.54922556877136	73.000000000000	0.0000000000000
1.0880000591278	-0.48219352960587	-0.54442453384399	73.000000000000	0.0000000000000
1.0920000076294	-0.48395222425461	-0.53963899612427	73.000000000000	0.0000000000000
1.0959999561310	-0.48566946387291	-0.53486925363541	73.000000000000	0.0000000000000
1.1000000238419	-0.48734617233276	-0.53011506795883	73.000000000000	0.0000000000000
1.1039999723434	-0.48898223042488	-0.52537709474564	73.000000000000	0.0000000000000
1.1080000400543	-0.49057868123055	-0.52065509557724	73.000000000000	0.0000000000000
1.1119999885559	-0.49213597178459	-0.51594948768616	73.000000000000	0.0000000000000
1.1160000562668	-0.49365431070328	-0.51126050949097	73.000000000000	0.0000000000000
1.1200000047684	-0.49513450264931	-0.50658851861954	73.000000000000	0.0000000000000
1.1239999532700	-0.49657738208771	-0.50193375349045	73.000000000000	0.0000000000000
1.1280000209808	-0.49798306822777	-0.49729675054550	73.000000000000	0.0000000000000
1.1319999694824	-0.49935218691826	-0.49267783761024	73.000000000000	0.0000000000000
1.1360000371933	-0.50068581104279	-0.48807758092880	73.000000000000	0.0000000000000
1.1399999856949	-0.50198447704315	-0.48349630832672	73.000000000000	0.0000000000000
1.1440000534058	-0.50324875116348	-0.47893482446671	73.000000000000	0.0000000000000
1.1480000019073	-0.50447982549667	-0.47439345717430	73.000000000000	0.0000000000000
1.1519999504089	-0.50567847490311	-0.46987283229828	73.000000000000	0.0000000000000
1.1560000181198	-0.50684529542923	-0.46537366509438	73.000000000000	0.0000000000000
1.1599999666214	-0.50798195600510	-0.46089640259743	73.000000000000	0.0000000000000
1.1640000343323	-0.50908917188644	-0.45644167065620	73.000000000000	0.0000000000000
1.1679999828339	-0.51016843318939	-0.45201009511948	73.000000000000	0.0000000000000
1.1720000505447	-0.51122087240219	-0.44760218262672	73.000000000000	0.0000000000000
1.1759999990463	-0.51224774122238	-0.44321855902672	73.000000000000	0.0000000000000
1.1799999475479	-0.51325082778931	-0.43885967135429	73.000000000000	0.0000000000000
1.1840000152588	-0.51423174142838	-0.43452596664429	73.000000000000	0.0000000000000
1.1879999637604	-0.51519203186035	-0.43021795153618	73.000000000000	0.0000000000000
1.1920000314713	-0.51613342761993	-0.42593601346016	73.000000000000	0.0000000000000
1.1959999799728	-0.51705813407898	-0.42168045043945	73.000000000000	0.0000000000000
1.2000000476837	-0.51796770095825	-0.41745123267174	73.000000000000	0.0000000000000
1.2039999961853	-0.51886451244354	-0.41324883699417	73.000000000000	0.0000000000000
1.2079999446869	-0.51975083351135	-0.40907299518585	73.000000000000	0.0000000000000
1.2120000123978	-0.52062863111496	-0.40492391586304	73.000000000000	0.0000000000000
1.2159999608994	-0.52150040864944	-0.40080103278160	73.000000000000	0.0000000000000
1.2200000286102	-0.52236878871918	-0.39670413732529	73.000000000000	0.0000000000000
1.2239999771118	-0.52323585748672	-0.39263290166855	73.000000000000	0.0000000000000
1.2280000448227	-0.52410477399826	-0.38858643174171	73.000000000000	0.0000000000000
1.2319999933243	-0.52497756481171	-0.38456425070763	73.000000000000	0.0000000000000
1.2359999418259	-0.52585732936859	-0.38056504726410	73.000000000000	0.0000000000000
1.2400000095367	-0.52674674987793	-0.37658780813217	73.000000000000	0.0000000000000
1.2439999580383	-0.52764856815338	-0.37263110280037	73.000000000000	0.0000000000000
1.2480000257492	-0.52856546640396	-0.36869350075722	73.000000000000	0.0000000000000
1.2519999742508	-0.52950018644333	-0.36477324366570	73.000000000000	0.0000000000000
1.2560000419617	-0.53045582771301	-0.36086833477020	73.000000000000	0.0000000000000
1.2599999904633	-0.53143483400345	-0.35697662830353	73.000000000000	0.0000000000000
1.2640000581741	-0.53244012594223	-0.35309576988220	73.000000000000	0.0000000000000
1.2680000066757	-0.53347438573837	-0.34922292828560	73.000000000000	0.0000000000000
1.2719999551773	-0.53454023599625	-0.34535539150238	73.000000000000	0.0000000000000
1.2760000228882	-0.53564047813416	-0.34149006009102	73.000000000000	0.0000000000000
1.2799999713898	-0.53677695989609	-0.33762368559837	73.000000000000	0.0000000000000
1.2840000391006	-0.53795242309570	-0.33375269174576	73.000000000000	0.0000000000000
1.2879999876022	-0.53916937112808	-0.32987308502197	73.000000000000	0.0000000000000
1.2920000553131	-0.54042947292328	-0.32598108053207	73.000000000000	0.0000000000000
1.2960000038147	-0.54173475503922	-0.32207220792770	73.000000000000	0.0000000000000
1.2999999523163	-0.54308706521988	-0.31814214587212	73.000000000000	0.0000000000000
1.3040000200272	-0.54448777437210	-0.31418630480766	73.000000000000	0.0000000000000
1.3079999685287	-0.54593855142593	-0.31019943952560	73.000000000000	0.0000000000000
1.3120000362396	-0.54744017124176	-0.30617663264275	73.000000000000	0.0000000000000
1.3159999847412	-0.54899358749390	-0.30211278796196	73.000000000000	0.0000000000000
1.3200000524521	-0.55059939622879	-0.29800194501877	73.000000000000	0.0000000000000
1.3240000009537	-0.55225813388824	-0.29383864998817	73.000000000000	0.0000000000000
1.3279999494553	-0.55396950244904	-0.28961697220802	73.000000000000	0.0000000000000
1.3320000171661	-0.55573332309723	-0.28533110022545	73.000000000000	0.0000000000000
1.3359999656677	-0.55754899978638	-0.28097474575043	73.000000000000	0.0000000000000
1.3400000333786	-0.55941551923752	-0.27654182910919	73.000000000000	0.0000000000000
1.3439999818802	-0.56133157014847	-0.27202573418617	73.000000000000	0.0000000000000
1.3480000495911	-0.56329554319382	-0.26742011308670	73.000000000000	0.0000000000000
1.3519999980927	-0.56530517339706	-0.26271867752075	73.000000000000	0.0000000000000
1.3559999465942	-0.56735807657242	-0.25791472196579	73.000000000000	0.0000000000000
1.3600000143051	-0.56945151090622	-0.25300154089928	73.000000000000	0.0000000000000
1.3639999628067	-0.57158201932907	-0.24797286093235	73.000000000000	0.0000000000000
1.3680000305176	-0.57374596595764	-0.24282184243202	73.000000000000	0.0000000000000
1.3719999790192	-0.57593917846680	-0.23754239082336	73.000000000000	0.0000000000000
1.3760000467300	-0.57815706729889	-0.23212774097919	73.000000000000	0.0000000000000
1.3799999952316	-0.58039498329163	-0.22657155990601	73.000000000000	0.0000000000000
1.3839999437332	-0.58264702558517	-0.22086787223816	73.000000000000	0.0000000000000
1.3880000114441	-0.58490765094757	-0.21501040458679	73.000000000000	0.0000000000000
1.3919999599457	-0.58717048168182	-0.20899367332458	73.000000000000	0.0000000000000
1.3960000276566	-0.58942872285843	-0.20281147956848	73.000000000000	0.0000000000000
1.3999999761581	-0.59167528152466	-0.19645862281322	73.000000000000	0.0000000000000
1.4040000438690	-0.59390270709991	-0.18992982804775	73.000000000000	0.0000000000000
1.4079999923706	-0.59610289335251	-0.18322032690048	73.000000000000	0.0000000000000
1.4119999408722	-0.59826743602753	-0.17632555961609	73.000000000000	0.0000000000000
1.4160000085831	-0.60038757324219	-0.16924092173576	73.000000000000	0.0000000000000
1.4199999570847	-0.60245418548584	-0.16196289658546	73.000000000000	0.0000000000000
1.4240000247955	-0.60445779561996	-0.15448780357838	73.000000000000	0.0000000000000
1.4279999732971	-0.60638839006424	-0.14681245386600	73.000000000000	0.0000000000000
1.4320000410080	-0.60823577642441	-0.13893447816372	73.000000000000	0.0000000000000
1.4359999895096	-0.60998958349228	-0.13085153698921	73.000000000000	0.0000000000000
1.4400000572205	-0.61163884401321	-0.12256175279617	73.000000000000	0.0000000000000
1.4440000057220	-0.61317253112793	-0.11406422406435	73.000000000000	0.0000000000000
1.4479999542236	-0.61457943916321	-0.10535812377930	73.000000000000	0.0000000000000
1.4520000219345	-0.61584782600403	-0.096443295478821	73.000000000000	0.0000000000000
1.4559999704361	-0.61696594953537	-0.087320297956467	73.000000000000	0.0000000000000
1.4600000381470	-0.61792206764221	-0.077989995479584	73.000000000000	0.0000000000000
1.4639999866486	-0.61870396137238	-0.068454243242741	73.000000000000	0.0000000000000
1.4680000543594	-0.61929970979691	-0.058715030550957	73.000000000000	0.0000000000000
1.4720000028610	-0.61969679594040	-0.048775471746922	73.000000000000	0.0000000000000
1.4759999513626	-0.61988323926926	-0.038639172911644	73.000000000000	0.0000000000000
1.4800000190735	-0.61984652280807	-0.028310136869550	73.000000000000	0.0000000000000
1.4839999675751	-0.61957454681396	-0.017793048173189	73.000000000000	0.0000000000000
1.4880000352859	-0.61905515193939	-0.0070936363190413	73.000000000000	0.0000000000000
1.4919999837875	-0.61827617883682	0.0037820148281753	73.000000000000	0.0000000000000
1.4960000514984	-0.61722564697266	0.014827167615294	73.000000000000	0.0000000000000
1.5000000000000	-0.61589193344116	0.026034137234092	73.000000000000	0.0000000000000
1.5039999485016	-0.61426335573196	0.037394870072603	73.000000000000	0.0000000000000
1.5080000162125	-0.61232846975327	0.048900645226240	73.000000000000	0.0000000000000
1.5119999647141	-0.61007636785507	0.060542088001966	73.000000000000	0.0000000000000
1.5160000324249	-0.60749638080597	0.072308585047722	73.000000000000	0.0000000000000
1.5199999809265	-0.60457801818848	0.084189891815186	73.000000000000	0.0000000000000
1.5240000486374	-0.60131150484085	0.096174404025078	73.000000000000	0.0000000000000
1.5279999971390	-0.59768694639206	0.10825014114380	73.000000000000	0.0000000000000
1.5319999456406	-0.59369552135468	0.12040472775698	73.000000000000	0.0000000000000
1.5360000133514	-0.58932852745056	0.13262493908405	73.000000000000	0.0000000000000
1.5399999618530	-0.58457797765732	0.14489696919918	73.000000000000	0.0000000000000
1.5440000295639	-0.57943636178970	0.15720677375793	73.000000000000	0.0000000000000
1.5479999780655	-0.57389664649963	0.16953964531422	73.000000000000	0.0000000000000
1.5520000457764	-0.56795275211334	0.18188029527664	73.000000000000	0.0000000000000
1.5559999942780	-0.56159895658493	0.19421319663525	73.000000000000	0.0000000000000
1.5599999427795	-0.55483031272888	0.20652225613594	73.000000000000	0.0000000000000
1.5640000104904	-0.54764264822006	0.21879127621651	73.000000000000	0.0000000000000
1.5679999589920	-0.54003238677979	0.23100310564041	73.000000000000	0.0000000000000
1.5720000267029	-0.53199696540833	0.24314098060131	73.000000000000	0.0000000000000
1.5759999752045	-0.52353429794312	0.25518769025803	73.000000000000	0.0000000000000
1.5800000429153	-0.51464307308197	0.26712542772293	73.000000000000	0.0000000000000
1.5839999914169	-0.50532323122025	0.27893641591072	73.000000000000	0.0000000000000
1.5880000591278	-0.49557498097420	0.29060304164886	73.000000000000	0.0000000000000
1.5920000076294	-0.48539987206459	0.30210697650909	73.000000000000	0.0000000000000
1.5959999561310	-0.47480002045631	0.31343019008636	73.000000000000	0.0000000000000
1.6000000238419	-0.46377816796303	0.32455474138260	73.000000000000	0.0000000000000
1.6039999723434	-0.45233833789825	0.33546245098114	73.000000000000	0.0000000000000
1.6080000400543	-0.44048550724983	0.34613519906998	73.000000000000	0.0000000000000
1.6119999885559	-0.42822510004044	0.35655516386032	73.000000000000	0.0000000000000
1.6160000562668	-0.41556352376938	0.36670452356339	73.000000000000	0.0000000000000
1.6200000047684	-0.40250813961029	0.37656575441360	73.000000000000	0.0000000000000
1.6239999532700	-0.38906708359718	0.38612169027328	73.000000000000	0.0000000000000
1.6280000209808	-0.37524944543839	0.39535495638847	73.000000000000	0.0000000000000
1.6319999694824	-0.36106514930725	0.40424913167953	73.000000000000	0.0000000000000
1.6360000371933	-0.34652483463287	0.41278767585754	73.000000000000	0.0000000000000
1.6399999856949	-0.33164003491402	0.42095479369164	73.000000000000	0.0000000000000
1.6440000534058	-0.31642273068428	0.42873513698578	73.000000000000	0.0000000000000
1.6480000019073	-0.30088630318642	0.43611353635788	73.000000000000	0.0000000000000
1.6519999504089	-0.28504419326782	0.44307583570480	73.000000000000	0.0000000000000
1.6560000181198	-0.26891115307808	0.44960793852806	73.000000000000	0.0000000000000
1.6599999666214	-0.25250220298767	0.45569682121277	73.000000000000	0.0000000000000
1.6640000343323	-0.23583297431469	0.46132990717888	73.000000000000	0.0000000000000
1.6679999828339	-0.21892003715038	0.46649545431137	73.000000000000	0.0000000000000
1.6720000505447	-0.20178042352200	0.47118204832077	73.000000000000	0.0000000000000
1.6759999990463	-0.18443183600903	0.47537949681282	73.000000000000	0.0000000000000
1.6799999475479	-0.16689214110374	0.47907805442810	73.000000000000	0.0000000000000
1.6840000152588	-0.14917956292629	0.48226916790009	73.000000000000	0.0000000000000
1.6879999637604	-0.13131368160248	0.48494458198547	73.000000000000	0.0000000000000
1.6920000314713	-0.11331359297037	0.48709741234779	73.000000000000	0.0000000000000
1.6959999799728	-0.095199123024940	0.48872131109238	73.000000000000	0.0000000000000
1.7000000476837	-0.076990231871605	0.48981097340584	73.000000000000	0.0000000000000
1.7039999961853	-0.058706603944302	0.49036207795143	73.000000000000	0.0000000000000
1.7079999446869	-0.040369804948568	0.49037098884583	73.000000000000	0.0000000000000
1.7120000123978	-0.021999740973115	0.48983511328697	73.000000000000	0.0000000000000
1.7159999608994	-0.0036174808628857	0.48875293135643	73.000000000000	0.0000000000000
1.7200000286102	0.014756372198462	0.48712369799614	73.000000000000	0.0000000000000
1.7239999771118	0.033101003617048	0.48494768142700	73.000000000000	0.0000000000000
1.7280000448227	0.051395304501057	0.48222613334656	73.000000000000	0.0000000000000
1.7319999933243	0.069618545472622	0.47896113991737	73.000000000000	0.0000000000000
1.7359999418259	0.087750390172005	0.47515591979027	73.000000000000	0.0000000000000
1.7400000095367	0.10577009618282	0.47081434726715	73.000000000000	0.0000000000000
1.7439999580383	0.12365762144327	0.46594151854515	73.000000000000	0.0000000000000
1.7480000257492	0.14139296114445	0.46054324507713	73.000000000000	0.0000000000000
1.7519999742508	0.15895633399487	0.45462635159492	73.000000000000	0.0000000000000
1.7560000419617	0.17632858455181	0.44819837808609	73.000000000000	0.0000000000000
1.7599999904633	0.19349077343941	0.44126784801483	73.000000000000	0.0000000000000
1.7640000581741	0.21042431890965	0.43384411931038	73.000000000000	0.0000000000000
1.7680000066757	0.22711136937141	0.42593729496002	73.000000000000	0.0000000000000
1.7719999551773	0.24353459477425	0.41755834221840	73.000000000000	0.0000000000000
1.7760000228882	0.25967675447464	0.40871888399124	73.000000000000	0.0000000000000
1.7799999713898	0.27552172541618	0.39943137764931	73.000000000000	0.0000000000000
1.7840000391006	0.29105392098427	0.38970884680748	73.000000000000	0.0000000000000
1.7879999876022	0.30625823140144	0.37956500053406	73.000000000000	0.0000000000000
1.7920000553131	0.32112035155296	0.36901426315308	73.000000000000	0.0000000000000
1.7960000038147	0.33562666177750	0.35807150602341	73.000000000000	0.0000000000000
1.7999999523163	0.34976434707642	0.34675225615501	73.000000000000	0.0000000000000
1.8040000200272	0.36352136731148	0.33507239818573	73.000000000000	0.0000000000000
1.8079999685287	0.37688645720482	0.32304844260216	73.000000000000	0.0000000000000
1.8120000362396	0.38984903693199	0.31069719791412	73.000000000000	0.0000000000000
1.8159999847412	0.40239945054054	0.29803583025932	73.000000000000	0.0000000000000
1.8200000524521	0.41452905535698	0.28508186340332	73.000000000000	0.0000000000000
1.8240000009537	0.42622983455658	0.27185320854187	73.000000000000	0.0000000000000
1.8279999494553	0.43749478459358	0.25836786627769	73.000000000000	0.0000000000000
1.8320000171661	0.44831758737564	0.24464404582977	73.000000000000	0.0000000000000
1.8359999656677	0.45869296789169	0.23070017993450	73.000000000000	0.0000000000000
1.8400000333786	0.46861645579338	0.21655471622944	73.000000000000	0.0000000000000
1.8439999818802	0.47808444499969	0.20222617685795	73.000000000000	0.0000000000000
1.8480000495911	0.48709434270859	0.18773320317268	73.000000000000	0.0000000000000
1.8519999980927	0.49564418196678	0.17309418320656	73.000000000000	0.0000000000000
1.8559999465942	0.50373303890228	0.15832759439945	73.000000000000	0.0000000000000
1.8600000143051	0.51136082410812	0.14345173537731	73.000000000000	0.0000000000000
1.8639999628067	0.51852816343307	0.12848474085331	73.000000000000	0.0000000000000
1.8680000305176	0.52523660659790	0.11344450712204	73.000000000000	0.0000000000000
1.8719999790192	0.53148853778839	0.098348759114742	73.000000000000	0.0000000000000
1.8760000467300	0.53728693723679	0.083214834332466	73.000000000000	0.0000000000000
1.8799999952316	0.54263573884964	0.068059802055359	73.000000000000	0.0000000000000
1.8839999437332	0.54753953218460	0.052900359034538	73.000000000000	0.0000000000000
1.8880000114441	0.55200350284576	0.037752814590931	73.000000000000	0.0000000000000
1.8919999599457	0.55603396892548	0.022633029147983	73.000000000000	0.0000000000000
1.8960000276566	0.55963718891144	0.0075564044527709	73.000000000000	0.0000000000000
1.8999999761581	0.56282061338425	-0.0074621411040425	73.000000000000	0.0000000000000
1.9040000438690	0.56559216976166	-0.022408211603761	73.000000000000	0.0000000000000
1.9079999923706	0.56796008348465	-0.037267956882715	73.000000000000	0.0000000000000
1.9119999408722	0.56993353366852	-0.052028100937605	73.000000000000	0.0000000000000
1.9160000085831	0.57152175903320	-0.066675923764706	73.000000000000	0.0000000000000
1.9199999570847	0.57273471355438	-0.081199362874031	73.000000000000	0.0000000000000
1.9240000247955	0.57358264923096	-0.095586933195591	73.000000000000	0.0000000000000
1.9279999732971	0.57407629489899	-0.10982782393694	73.000000000000	0.0000000000000
1.9320000410080	0.57422661781311	-0.12391185760498	73.000000000000	0.0000000000000
1.9359999895096	0.57404494285583	-0.13782951235771	73.000000000000	0.0000000000000
1.9400000572205	0.57354301214218	-0.15157197415829	73.000000000000	0.0000000000000
1.9440000057220	0.57273244857788	-0.16513107717037	73.000000000000	0.0000000000000
1.9479999542236	0.57162517309189	-0.17849925160408	73.000000000000	0.0000000000000
1.9520000219345	0.57023346424103	-0.19166979193687	73.000000000000	0.0000000000000
1.9559999704361	0.56856960058212	-0.20463651418686	73.000000000000	0.0000000000000
1.9600000381470	0.56664574146271	-0.21739390492439	73.000000000000	0.0000000000000
1.9639999866486	0.56447446346283	-0.22993728518486	73.000000000000	0.0000000000000
1.9680000543594	0.56206792593002	-0.24226245284081	73.000000000000	0.0000000000000
1.9720000028610	0.55943852663040	-0.25436595082283	73.000000000000	0.0000000000000
1.9759999513626	0.55659842491150	-0.26624497771263	73.000000000000	0.0000000000000
1.9800000190735	0.55355989933014	-0.27789729833603	73.000000000000	0.0000000000000
1.9839999675751	0.55033487081528	-0.28932127356529	73.000000000000	0.0000000000000
1.9880000352859	0.54693514108658	-0.30051594972610	73.000000000000	0.0000000000000
1.9919999837875	0.54337245225906	-0.31148087978363	73.000000000000	0.0000000000000
1.9960000514984	0.53965801000595	-0.32221618294716	73.000000000000	0.0000000000000
2.0000000000000	0.53580331802368	-0.33272263407707	73.000000000000	0.0000000000000
2.0039999485016	0.53181892633438	-0.34300133585930	73.000000000000	0.0000000000000
2.0079998970032	0.52771556377411	-0.35305383801460	73.000000000000	0.0000000000000
2.0120000839233	0.52350336313248	-0.36288255453110	73.000000000000	0.0000000000000
2.0160000324249	0.51919239759445	-0.37248986959457	73.000000000000	0.0000000000000
2.0199999809265	0.51479208469391	-0.38187876343727	73.000000000000	0.0000000000000
2.0239999294281	0.51031166315079	-0.39105263352394	73.000000000000	0.0000000000000
2.0280001163483	0.50575989484787	-0.40001526474953	73.000000000000	0.0000000000000
2.0320000648499	0.50114494562149	-0.40877062082291	73.000000000000	0.0000000000000
2.0360000133514	0.49647510051727	-0.41732317209244	73.000000000000	0.0000000000000
2.0399999618530	0.49175778031349	-0.42567735910416	73.000000000000	0.0000000000000
2.0439999103546	0.48699983954430	-0.43383821845055	73.000000000000	0.0000000000000
2.0480000972748	0.48220825195312	-0.44181066751480	73.000000000000	0.0000000000000
2.0520000457764	0.47738897800446	-0.44960016012192	73.000000000000	0.0000000000000
2.0559999942780	0.47254800796509	-0.45721179246902	73.000000000000	0.0000000000000
2.0599999427795	0.46769046783447	-0.46465140581131	73.000000000000	0.0000000000000
2.0639998912811	0.46282127499580	-0.47192445397377	73.000000000000	0.0000000000000
2.0680000782013	0.45794492959976	-0.47903656959534	73.000000000000	0.0000000000000
2.0720000267029	0.45306542515755	-0.48599368333817	73.000000000000	0.0000000000000
2.0759999752045	0.44818630814552	-0.49280136823654	73.000000000000	0.0000000000000
2.0799999237061	0.44331085681915	-0.49946534633636	73.000000000000	0.0000000000000
2.0840001106262	0.43844163417816	-0.50599133968353	73.000000000000	0.0000000000000
2.0880000591278	0.43358108401299	-0.51238501071930	73.000000000000	0.0000000000000
2.0920000076294	0.42873135209084	-0.51865196228027	73.000000000000	0.0000000000000
2.0959999561310	0.42389369010925	-0.52479743957520	73.000000000000	0.0000000000000
2.0999999046326	0.41906970739365	-0.53082686662674	73.000000000000	0.0000000000000
2.1040000915527	0.41426023840904	-0.53674548864365	73.000000000000	0.0000000000000
2.1080000400543	0.40946570038795	-0.54255813360214	73.000000000000	0.0000000000000
2.1119999885559	0.40468659996986	-0.54826974868774	73.000000000000	0.0000000000000
2.1159999370575	0.39992281794548	-0.55388492345810	73.000000000000	0.0000000000000
2.1199998855591	0.39517423510551	-0.55940812826157	73.000000000000	0.0000000000000
2.1240000724792	0.39044001698494	-0.56484341621399	73.000000000000	0.0000000000000
2.1280000209808	0.38571971654892	-0.57019501924515	73.000000000000	0.0000000000000
2.1319999694824	0.38101252913475	-0.57546651363373	73.000000000000	0.0000000000000
2.1359999179840	0.37631696462631	-0.58066129684448	73.000000000000	0.0000000000000
2.1400001049042	0.37163192033768	-0.58578282594681	73.000000000000	0.0000000000000
2.1440000534058	0.36695614457130	-0.59083390235901	73.000000000000	0.0000000000000
2.1480000019073	0.36228778958321	-0.59581726789474	73.000000000000	0.0000000000000
2.1519999504089	0.35762524604797	-0.60073542594910	73.000000000000	0.0000000000000
2.1559998989105	0.35296717286110	-0.60559070110321	73.000000000000	0.0000000000000
2.1600000858307	0.34831139445305	-0.61038482189178	73.000000000000	0.0000000000000
2.1640000343323	0.34365621209145	-0.61511945724487	73.000000000000	0.0000000000000
2.1679999828339	0.33899971842766	-0.61979609727859	73.000000000000	0.0000000000000
2.1719999313354	0.33434024453163	-0.62441605329514	73.000000000000	0.0000000000000
2.1760001182556	0.32967576384544	-0.62897992134094	73.000000000000	0.0000000000000
2.1800000667572	0.32500469684601	-0.63348865509033	73.000000000000	0.0000000000000
2.1840000152588	0.32032531499863	-0.63794267177582	73.000000000000	0.0000000000000
2.1879999637604	0.31563565135002	-0.64234215021133	73.000000000000	0.0000000000000
2.1919999122620	0.31093436479568	-0.64668720960617	73.000000000000	0.0000000000000
2.1960000991821	0.30622017383575	-0.65097755193710	73.000000000000	0.0000000000000
2.2000000476837	0.30149143934250	-0.65521305799484	73.000000000000	0.0000000000000
2.2039999961853	0.29674670100212	-0.65939307212830	73.000000000000	0.0000000000000
2.2079999446869	0.29198536276817	-0.66351693868637	73.000000000000	0.0000000000000
2.2119998931885	0.28720590472221	-0.66758376359940	73.000000000000	0.0000000000000
2.2160000801086	0.28240811824799	-0.67159289121628	73.000000000000	0.0000000000000
2.2200000286102	0.27759075164795	-0.67554295063019	73.000000000000	0.0000000000000
2.2239999771118	0.27275362610817	-0.67943280935287	73.000000000000	0.0000000000000
2.2279999256134	0.26789659261703	-0.68326145410538	73.000000000000	0.0000000000000
2.2320001125336	0.26301878690720	-0.68702751398087	73.000000000000	0.0000000000000
2.2360000610352	0.25812092423439	-0.69072955846786	73.000000000000	0.0000000000000
2.2400000095367	0.25320294499397	-0.69436621665955	73.000000000000	0.0000000000000
2.2439999580383	0.24826517701149	-0.69793611764908	73.000000000000	0.0000000000000
2.2479999065399	0.24330812692642	-0.70143783092499	73.000000000000	0.0000000000000
2.2520000934601	0.23833285272121	-0.70486992597580	73.000000000000	0.0000000000000
2.2560000419617	0.23333968222141	-0.70823109149933	73.000000000000	0.0000000000000
2.2599999904633	0.22832994163036	-0.71151995658875	73.000000000000	0.0000000000000
2.2639999389648	0.22330524027348	-0.71473509073257	73.000000000000	0.0000000000000
2.2679998874664	0.21826617419720	-0.71787554025650	73.000000000000	0.0000000000000
2.2720000743866	0.21321484446526	-0.72093993425369	73.000000000000	0.0000000000000
2.2760000228882	0.20815266668797	-0.72392737865448	73.000000000000	0.0000000000000
2.2799999713898	0.20308159291744	-0.72683680057526	73.000000000000	0.0000000000000
2.2839999198914	0.19800332188606	-0.72966730594635	73.000000000000	0.0000000000000
2.2880001068115	0.19291996955872	-0.73241847753525	73.000000000000	0.0000000000000
2.2920000553131	0.18783368170261	-0.73508942127228	73.000000000000	0.0000000000000
2.2960000038147	0.18274660408497	-0.73767971992493	73.000000000000	0.0000000000000
2.2999999523163	0.17766113579273	-0.74018907546997	73.000000000000	0.0000000000000
2.3039999008179	0.17257957160473	-0.74261754751205	73.000000000000	0.0000000000000
2.3080000877380	0.16750431060791	-0.74496483802795	73.000000000000	0.0000000000000
2.3120000362396	0.16243766248226	-0.74723118543625	73.000000000000	0.0000000000000
2.3159999847412	0.15738248825073	-0.74941700696945	73.000000000000	0.0000000000000
2.3199999332428	0.15234078466892	-0.75152266025543	73.000000000000	0.0000000000000
2.3239998817444	0.14731536805630	-0.75354874134064	73.000000000000	0.0000000000000
2.3280000686646	0.14230880141258	-0.75549620389938	73.000000000000	0.0000000000000
2.3320000171661	0.13732318580151	-0.75736588239670	73.000000000000	0.0000000000000
2.3359999656677	0.13236109912395	-0.75915896892548	73.000000000000	0.0000000000000
2.3399999141693	0.12742495536804	-0.76087677478790	73.000000000000	0.0000000000000
2.3440001010895	0.12251689285040	-0.76252061128616	73.000000000000	0.0000000000000
2.3480000495911	0.11763972789049	-0.76409214735031	73.000000000000	0.0000000000000
2.3519999980927	0.11279476433992	-0.76559311151505	73.000000000000	0.0000000000000
2.3559999465942	0.10798438638449	-0.76702541112900	73.000000000000	0.0000000000000
2.3599998950958	0.10321095585823	-0.76839095354080	73.000000000000	0.0000000000000
2.3640000820160	0.098475664854050	-0.76969188451767	73.000000000000	0.0000000000000
2.3680000305176	0.093780770897865	-0.77093040943146	73.000000000000	0.0000000000000
2.3719999790192	0.089127391576767	-0.77210879325867	73.000000000000	0.0000000000000
2.3759999275208	0.084517322480679	-0.77322965860367	73.000000000000	0.0000000000000
2.3800001144409	0.079951755702496	-0.77429538965225	73.000000000000	0.0000000000000
2.3840000629425	0.075431823730469	-0.77530854940414	73.000000000000	0.0000000000000
2.3880000114441	0.070958226919174	-0.77627176046371	73.000000000000	0.0000000000000
2.3919999599457	0.066532365977764	-0.77718776464462	73.000000000000	0.0000000000000
2.3959999084473	0.062154464423656	-0.77805930376053	73.000000000000	0.0000000000000
2.4000000953674	0.057825047522783	-0.77888917922974	73.000000000000	0.0000000000000
2.4040000438690	0.053544592112303	-0.77968001365662	73.000000000000	0.0000000000000
2.4079999923706	0.049313146620989	-0.78043472766876	73.000000000000	0.0000000000000
2.4119999408722	0.045130692422390	-0.78115594387054	73.000000000000	0.0000000000000
2.4159998893738	0.040997158735991	-0.78184652328491	73.000000000000	0.0000000000000
2.4200000762939	0.036912240087986	-0.78250920772552	73.000000000000	0.0000000000000
2.4240000247955	0.032875195145607	-0.78314644098282	73.000000000000	0.0000000000000
2.4279999732971	0.028885610401630	-0.78376108407974	73.000000000000	0.0000000000000
2.4319999217987	0.024942267686129	-0.78435564041138	73.000000000000	0.0000000000000
2.4360001087189	0.021044651046395	-0.78493237495422	73.000000000000	0.0000000000000
2.4400000572205	0.017191460356116	-0.78549396991730	73.000000000000	0.0000000000000
2.4440000057220	0.013381531462073	-0.78604251146317	73.000000000000	0.0000000000000
2.4479999542236	0.0096132839098573	-0.78658020496368	73.000000000000	0.0000000000000
2.4519999027252	0.0058852909132838	-0.78710907697678	73.000000000000	0.0000000000000
2.4560000896454	0.0021959049627185	-0.78763115406036	73.000000000000	0.0000000000000
2.4600000381470	-0.0014563667355105	-0.78814822435379	73.000000000000	0.0000000000000
2.4639999866486	-0.0050737974233925	-0.78866195678711	73.000000000000	0.0000000000000
2.4679999351501	-0.0086575578898191	-0.78917390108109	73.000000000000	0.0000000000000
2.4719998836517	-0.012210342101753	-0.78968524932861	73.000000000000	0.0000000000000
2.4760000705719	-0.015733929350972	-0.79019761085510	73.000000000000	0.0000000000000
2.4800000190735	-0.019230108708143	-0.79071170091629	73.000000000000	0.0000000000000
2.4839999675751	-0.022701630368829	-0.79122865200043	73.000000000000	0.0000000000000
2.4879999160767	-0.026150120422244	-0.79174906015396	73.000000000000	0.0000000000000
2.4920001029968	-0.029577972367406	-0.79227370023727	73.000000000000	0.0000000000000
2.4960000514984	-0.032987199723721	-0.79280281066895	73.000000000000	0.0000000000000
2.5000000000000	-0.036380399018526	-0.79333698749542	73.000000000000	0.0000000000000
2.5039999485016	-0.039759200066328	-0.79387593269348	73.000000000000	0.0000000000000
2.5079998970032	-0.043126005679369	-0.79441994428635	73.000000000000	0.0000000000000
2.5120000839233	-0.046482823789120	-0.79496854543686	73.000000000000	0.0000000000000
2.5160000324249	-0.049832046031952	-0.79552167654037	73.000000000000	0.0000000000000
2.5199999809265	-0.053175285458565	-0.79607856273651	73.000000000000	0.0000000000000
2.5239999294281	-0.056514527648687	-0.79663878679276	73.000000000000	0.0000000000000
2.5280001163483	-0.059851355850697	-0.79720139503479	73.000000000000	0.0000000000000
2.5320000648499	-0.063188120722771	-0.79776579141617	73.000000000000	0.0000000000000
2.5360000133514	-0.066525980830193	-0.79833066463470	73.000000000000	0.0000000000000
2.5399999618530	-0.069866873323917	-0.79889500141144	73.000000000000	0.0000000000000
2.5439999103546	-0.073211923241615	-0.79945749044418	73.000000000000	0.0000000000000
2.5480000972748	-0.076562628149986	-0.80001699924469	73.000000000000	0.0000000000000
2.5520000457764	-0.079920284450054	-0.80057197809219	73.000000000000	0.0000000000000
2.5559999942780	-0.083285741508007	-0.80112087726593	73.000000000000	0.0000000000000
2.5599999427795	-0.086659871041775	-0.80166226625443	73.000000000000	0.0000000000000
2.5639998912811	-0.090043865144253	-0.80219441652298	73.000000000000	0.0000000000000
2.5680000782013	-0.093437969684601	-0.80271571874619	73.000000000000	0.0000000000000
2.5720000267029	-0.096842728555202	-0.80322444438934	73.000000000000	0.0000000000000
2.5759999752045	-0.10025890916586	-0.80371886491776	73.000000000000	0.0000000000000
2.5799999237061	-0.10368645191193	-0.80419725179672	73.000000000000	0.0000000000000
2.5840001106262	-0.10712526738644	-0.80465793609619	73.000000000000	0.0000000000000
2.5880000591278	-0.11057564616203	-0.80509912967682	73.000000000000	0.0000000000000
2.5920000076294	-0.11403726041317	-0.80551898479462	73.000000000000	0.0000000000000
2.5959999561310	-0.11750973761082	-0.80591595172882	73.000000000000	0.0000000000000
2.5999999046326	-0.12099254131317	-0.80628842115402	73.000000000000	0.0000000000000
2.6040000915527	-0.12448504567146	-0.80663460493088	73.000000000000	0.0000000000000
2.6080000400543	-0.12798665463924	-0.80695319175720	73.000000000000	0.0000000000000
2.6119999885559	-0.13149614632130	-0.80724245309830	73.000000000000	0.0000000000000
2.6159999370575	-0.13501287996769	-0.80750119686127	73.000000000000	0.0000000000000
2.6199998855591	-0.13853578269482	-0.80772787332535	73.000000000000	0.0000000000000
2.6240000724792	-0.14206339418888	-0.80792146921158	73.000000000000	0.0000000000000
2.6280000209808	-0.14559446275234	-0.80808079242706	73.000000000000	0.0000000000000
2.6319999694824	-0.14912751317024	-0.80820477008820	73.000000000000	0.0000000000000
2.6359999179840	-0.15266142785549	-0.80829256772995	73.000000000000	0.0000000000000
2.6400001049042	-0.15619395673275	-0.80834329128265	73.000000000000	0.0000000000000
2.6440000534058	-0.15972436964512	-0.80835616588593	73.000000000000	0.0000000000000
2.6480000019073	-0.16325026750565	-0.80833095312119	73.000000000000	0.0000000000000
2.6519999504089	-0.16677033901215	-0.80826711654663	73.000000000000	0.0000000000000
2.6559998989105	-0.17028291523457	-0.80816406011581	73.000000000000	0.0000000000000
2.6600000858307	-0.17378561198711	-0.80802220106125	73.000000000000	0.0000000000000
2.6640000343323	-0.17727713286877	-0.80784106254578	73.000000000000	0.0000000000000
2.6679999828339	-0.18075554072857	-0.80762100219727	73.000000000000	0.0000000000000
2.6719999313354	-0.18421921133995	-0.80736219882965	73.000000000000	0.0000000000000
2.6760001182556	-0.18766622245312	-0.80706501007080	73.000000000000	0.0000000000000
2.6800000667572	-0.19109483063221	-0.80673009157181	73.000000000000	0.0000000000000
2.6840000152588	-0.19450335204601	-0.80635786056519	73.000000000000	0.0000000000000
2.6879999637604	-0.19789011776447	-0.80594927072525	73.000000000000	0.0000000000000
2.6919999122620	-0.20125335454941	-0.80550521612167	73.000000000000	0.0000000000000
2.6960000991821	-0.20459179580212	-0.80502665042877	73.000000000000	0.0000000000000
2.7000000476837	-0.20790356397629	-0.80451482534409	73.000000000000	0.0000000000000
2.7039999961853	-0.21118773519993	-0.80397081375122	73.000000000000	0.0000000000000
2.7079999446869	-0.21444286406040	-0.80339616537094	73.000000000000	0.0000000000000
2.7119998931885	-0.21766752004623	-0.80279219150543	73.000000000000	0.0000000000000
2.7160000801086	-0.22086070477962	-0.80216032266617	73.000000000000	0.0000000000000
2.7200000286102	-0.22402131557465	-0.80150246620178	73.000000000000	0.0000000000000
2.7239999771118	-0.22714869678020	-0.80081999301910	73.000000000000	0.0000000000000
2.7279999256134	-0.23024216294289	-0.80011475086212	73.000000000000	0.0000000000000
2.7320001125336	-0.23330070078373	-0.79938852787018	73.000000000000	0.0000000000000
2.7360000610352	-0.23632378876209	-0.79864329099655	73.000000000000	0.0000000000000
2.7400000095367	-0.23931132256985	-0.79788070917130	73.000000000000	0.0000000000000
2.7439999580383	-0.24226316809654	-0.79710274934769	73.000000000000	0.0000000000000
2.7479999065399	-0.24517852067947	-0.79631137847900	73.000000000000	0.0000000000000
2.7520000934601	-0.24805812537670	-0.79550838470459	73.000000000000	0.0000000000000
2.7560000419617	-0.25090125203133	-0.79469591379166	73.000000000000	0.0000000000000
2.7599999904633	-0.25370907783508	-0.79387557506561	73.000000000000	0.0000000000000
2.7639999389648	-0.25648137927055	-0.79304951429367	73.000000000000	0.0000000000000
2.7679998874664	-0.25921896100044	-0.79221951961517	73.000000000000	0.0000000000000
2.7720000743866	-0.26192271709442	-0.79138714075089	73.000000000000	0.0000000000000
2.7760000228882	-0.26459285616875	-0.79055446386337	73.000000000000	0.0000000000000
2.7799999713898	-0.26723027229309	-0.78972303867340	73.000000000000	0.0000000000000
2.7839999198914	-0.26983666419983	-0.78889435529709	73.000000000000	0.0000000000000
2.7880001068115	-0.27241259813309	-0.78807008266449	73.000000000000	0.0000000000000
2.7920000553131	-0.27495944499969	-0.78725171089172	73.000000000000	0.0000000000000
2.7960000038147	-0.27747848629951	-0.78644061088562	73.000000000000	0.0000000000000
2.7999999523163	-0.27997115254402	-0.78563803434372	73.000000000000	0.0000000000000
2.8039999008179	-0.28243863582611	-0.78484523296356	73.000000000000	0.0000000000000
2.8080000877380	-0.28488272428513	-0.78406322002411	73.000000000000	0.0000000000000
2.8120000362396	-0.28730541467667	-0.78329265117645	73.000000000000	0.0000000000000
2.8159999847412	-0.28970801830292	-0.78253471851349	73.000000000000	0.0000000000000
2.8199999332428	-0.29209217429161	-0.78179007768631	73.000000000000	0.0000000000000
2.8239998817444	-0.29445946216583	-0.78105920553207	73.000000000000	0.0000000000000
2.8280000686646	-0.29681259393692	-0.78034251928329	73.000000000000	0.0000000000000
2.8320000171661	-0.29915234446526	-0.77964043617249	73.000000000000	0.0000000000000
2.8359999656677	-0.30148106813431	-0.77895313501358	73.000000000000	0.0000000000000
2.8399999141693	-0.30380052328110	-0.77828061580658	73.000000000000	0.0000000000000
2.8440001010895	-0.30611255764961	-0.77762281894684	73.000000000000	0.0000000000000
2.8480000495911	-0.30841928720474	-0.77697932720184	73.000000000000	0.0000000000000
2.8519999980927	-0.31072175502777	-0.77635025978088	73.000000000000	0.0000000000000
2.8559999465942	-0.31302195787430	-0.77573496103287	73.000000000000	0.0000000000000
2.8599998950958	-0.31532233953476	-0.77513259649277	73.000000000000	0.0000000000000
2.8640000820160	-0.31762364506721	-0.77454274892807	73.000000000000	0.0000000000000
2.8680000305176	-0.31992787122726	-0.77396452426910	73.000000000000	0.0000000000000
2.8719999790192	-0.32223612070084	-0.77339714765549	73.000000000000	0.0000000000000
2.8759999275208	-0.32455053925514	-0.77283924818039	73.000000000000	0.0000000000000
2.8800001144409	-0.32687184214592	-0.77228987216949	73.000000000000	0.0000000000000
2.8840000629425	-0.32920172810555	-0.77174782752991	73.000000000000	0.0000000000000
2.8880000114441	-0.33154103159904	-0.77121180295944	73.000000000000	0.0000000000000
2.8919999599457	-0.33389112353325	-0.77068036794662	73.000000000000	0.0000000000000
2.8959999084473	-0.33625239133835	-0.77015221118927	73.000000000000	0.0000000000000
2.9000000953674	-0.33862638473511	-0.76962554454803	73.000000000000	0.0000000000000
2.9040000438690	-0.34101346135139	-0.76909905672073	73.000000000000	0.0000000000000
2.9079999923706	-0.34341427683830	-0.76857089996338	73.000000000000	0.0000000000000
2.9119999408722	-0.34582954645157	-0.76803958415985	73.000000000000	0.0000000000000
2.9159998893738	-0.34825867414474	-0.76750361919403	73.000000000000	0.0000000000000
2.9200000762939	-0.35070347785950	-0.76696074008942	73.000000000000	0.0000000000000
2.9240000247955	-0.35316252708435	-0.76640993356705	73.000000000000	0.0000000000000
2.9279999732971	-0.35563674569130	-0.76584899425507	73.000000000000	0.0000000000000
2.9319999217987	-0.35812544822693	-0.76527649164200	73.000000000000	0.0000000000000
2.9360001087189	-0.36062839627266	-0.76469081640244	73.000000000000	0.0000000000000
2.9400000572205	-0.36314561963081	-0.76409012079239	73.000000000000	0.0000000000000
2.9440000057220	-0.36567631363869	-0.76347273588181	73.000000000000	0.0000000000000
2.9479999542236	-0.36821985244751	-0.76283735036850	73.000000000000	0.0000000000000
2.9519999027252	-0.37077507376671	-0.76218253374100	73.000000000000	0.0000000000000
2.9560000896454	-0.37334200739861	-0.76150667667389	73.000000000000	0.0000000000000
2.9600000381470	-0.37591868638992	-0.76080852746964	73.000000000000	0.0000000000000
2.9639999866486	-0.37850514054298	-0.76008653640747	73.000000000000	0.0000000000000
2.9679999351501	-0.38109868764877	-0.75934010744095	73.000000000000	0.0000000000000
2.9719998836517	-0.38369971513748	-0.75856739282608	73.000000000000	0.0000000000000
2.9760000705719	-0.38630595803261	-0.75776779651642	73.000000000000	0.0000000000000
2.9800000190735	-0.38891595602036	-0.75694060325623	73.000000000000	0.0000000000000
2.9839999675751	-0.39152887463570	-0.75608462095261	73.000000000000	0.0000000000000
2.9879999160767	-0.39414262771606	-0.75519943237305	73.000000000000	0.0000000000000
2.9920001029968	-0.39675605297089	-0.75428426265717	73.000000000000	0.0000000000000
2.9960000514984	-0.39936706423759	-0.75333899259567	73.000000000000	0.0000000000000
3.0000000000000	-0.40197464823723	-0.75236302614212	73.000000000000	0.0000000000000
3.0039999485016	-0.40457668900490	-0.75135624408722	73.000000000000	0.0000000000000
3.0079998970032	-0.40717154741287	-0.75031870603561	73.000000000000	0.0000000000000
3.0120000839233	-0.40975752472878	-0.74925029277802	73.000000000000	0.0000000000000
3.0160000324249	-0.41233384609222	-0.74815106391907	73.000000000000	0.0000000000000
3.0199999809265	-0.41489785909653	-0.74702161550522	73.000000000000	0.0000000000000
3.0239999294281	-0.41744834184647	-0.74586212635040	73.000000000000	0.0000000000000
3.0280001163483	-0.41998329758644	-0.74467366933823	73.000000000000	0.0000000000000
3.0320000648499	-0.42250195145607	-0.74345612525940	73.000000000000	0.0000000000000
3.0360000133514	-0.42500263452530	-0.74221056699753	73.000000000000	0.0000000000000
3.0399999618530	-0.42748373746872	-0.74093794822693	73.000000000000	0.0000000000000
3.0439999103546	-0.42994371056557	-0.73963934183121	73.000000000000	0.0000000000000
3.0480000972748	-0.43238180875778	-0.73831558227539	73.000000000000	0.0000000000000
3.0520000457764	-0.43479648232460	-0.73696798086166	73.000000000000	0.0000000000000
3.0559999942780	-0.43718692660332	-0.73559778928757	73.000000000000	0.0000000000000
3.0599999427795	-0.43955197930336	-0.73420619964600	73.000000000000	0.0000000000000
3.0639998912811	-0.44189050793648	-0.73279488086700	73.000000000000	0.0000000000000
3.0680000782013	-0.44420212507248	-0.73136502504349	73.000000000000	0.0000000000000
3.0720000267029	-0.44648629426956	-0.72991818189621	73.000000000000	0.0000000000000
3.0759999752045	-0.44874176383018	-0.72845625877380	73.000000000000	0.0000000000000
3.0799999237061	-0.45096895098686	-0.72698038816452	73.000000000000	0.0000000000000
3.0840001106262	-0.45316684246063	-0.72549247741699	73.000000000000	0.0000000000000
3.0880000591278	-0.45533576607704	-0.72399413585663	73.000000000000	0.0000000000000
3.0920000076294	-0.45747518539429	-0.72248709201813	73.000000000000	0.0000000000000
3.0959999561310	-0.45958575606346	-0.72097265720367	73.000000000000	0.0000000000000
3.0999999046326	-0.46166682243347	-0.71945303678513	73.000000000000	0.0000000000000
3.1040000915527	-0.46371909976006	-0.71792966127396	73.000000000000	0.0000000000000
3.1080000400543	-0.46574336290359	-0.71640390157700	73.000000000000	0.0000000000000
3.1119999885559	-0.46774008870125	-0.71487742662430	73.000000000000	0.0000000000000
3.1159999370575	-0.46970948576927	-0.71335202455521	73.000000000000	0.0000000000000
3.1199998855591	-0.47165232896805	-0.71182924509048	73.000000000000	0.0000000000000
3.1240000724792	-0.47357025742531	-0.71030998229980	73.000000000000	0.0000000000000
3.1280000209808	-0.47546344995499	-0.70879608392715	73.000000000000	0.0000000000000
3.1319999694824	-0.47733387351036	-0.70728820562363	73.000000000000	0.0000000000000
3.1359999179840	-0.47918173670769	-0.70578837394714	73.000000000000	0.0000000000000
3.1400001049042	-0.48100870847702	-0.70429736375809	73.000000000000	0.0000000000000
3.1440000534058	-0.48281595110893	-0.70281630754471	73.000000000000	0.0000000000000
3.1480000019073	-0.48460575938225	-0.70134538412094	73.000000000000	0.0000000000000
3.1519999504089	-0.48637866973877	-0.69988626241684	73.000000000000	0.0000000000000
3.1559998989105	-0.48813661932945	-0.69843935966492	73.000000000000	0.0000000000000
3.1600000858307	-0.48988139629364	-0.69700509309769	73.000000000000	0.0000000000000
3.1640000343323	-0.49161443114281	-0.69558387994766	73.000000000000	0.0000000000000
3.1679999828339	-0.49333721399307	-0.69417637586594	73.000000000000	0.0000000000000
3.1719999313354	-0.49505186080933	-0.69278252124786	73.000000000000	0.0000000000000
3.1760001182556	-0.49676030874252	-0.69140207767487	73.000000000000	0.0000000000000
3.1800000667572	-0.49846348166466	-0.69003564119339	73.000000000000	0.0000000000000
3.1840000152588	-0.50016373395920	-0.68868261575699	73.000000000000	0.0000000000000
3.1879999637604	-0.50186252593994	-0.68734288215637	73.000000000000	0.0000000000000
3.1919999122620	-0.50356155633926	-0.68601590394974	73.000000000000	0.0000000000000
3.1960000991821	-0.50526261329651	-0.68470108509064	73.000000000000	0.0000000000000
3.2000000476837	-0.50696730613708	-0.68339759111404	73.000000000000	0.0000000000000
3.2039999961853	-0.50867682695389	-0.68210506439209	73.000000000000	0.0000000000000
3.2079999446869	-0.51039338111877	-0.68082195520401	73.000000000000	0.0000000000000
3.2119998931885	-0.51211774349213	-0.67954790592194	73.000000000000	0.0000000000000
3.2160000801086	-0.51385188102722	-0.67828112840652	73.000000000000	0.0000000000000
3.2200000286102	-0.51559668779373	-0.67702066898346	73.000000000000	0.0000000000000
3.2239999771118	-0.51735371351242	-0.67576509714127	73.000000000000	0.0000000000000
3.2279999256134	-0.51912373304367	-0.67451316118240	73.000000000000	0.0000000000000
3.2320001125336	-0.52090770006180	-0.67326325178146	73.000000000000	0.0000000000000
3.2360000610352	-0.52270662784576	-0.67201381921768	73.000000000000	0.0000000000000
3.2400000095367	-0.52452135086060	-0.67076319456100	73.000000000000	0.0000000000000
3.2439999580383	-0.52635258436203	-0.66950947046280	73.000000000000	0.0000000000000
3.2479999065399	-0.52820074558258	-0.66825109720230	73.000000000000	0.0000000000000
3.2520000934601	-0.53006619215012	-0.66698628664017	73.000000000000	0.0000000000000
3.2560000419617	-0.53194940090179	-0.66571307182312	73.000000000000	0.0000000000000
3.2599999904633	-0.53385066986084	-0.66442954540253	73.000000000000	0.0000000000000
3.2639999389648	-0.53576970100403	-0.66313409805298	73.000000000000	0.0000000000000
3.2679998874664	-0.53770613670349	-0.66182488203049	73.000000000000	0.0000000000000
3.2720000743866	-0.53966039419174	-0.66049963235855	73.000000000000	0.0000000000000
3.2760000228882	-0.54163205623627	-0.65915662050247	73.000000000000	0.0000000000000
3.2799999713898	-0.54362034797668	-0.65779411792755	73.000000000000	0.0000000000000
3.2839999198914	-0.54562443494797	-0.65641057491302	73.000000000000	0.0000000000000
3.2880001068115	-0.54764413833618	-0.65500378608704	73.000000000000	0.0000000000000
3.2920000553131	-0.54967790842056	-0.65357255935669	73.000000000000	0.0000000000000
3.2960000038147	-0.55172574520111	-0.65211445093155	73.000000000000	0.0000000000000
3.2999999523163	-0.55378550291061	-0.65062874555588	73.000000000000	0.0000000000000
3.3039999008179	-0.55585682392120	-0.64911335706711	73.000000000000	0.0000000000000
3.3080000877380	-0.55793780088425	-0.64756745100021	73.000000000000	0.0000000000000
3.3120000362396	-0.56002730131149	-0.64598923921585	73.000000000000	0.0000000000000
3.3159999847412	-0.56212371587753	-0.64437752962112	73.000000000000	0.0000000000000
3.3199999332428	-0.56422585248947	-0.64273130893707	73.000000000000	0.0000000000000
3.3239998817444	-0.56633192300797	-0.64104944467545	73.000000000000	0.0000000000000
3.3280000686646	-0.56843948364258	-0.63933151960373	73.000000000000	0.0000000000000
3.3320000171661	-0.57054781913757	-0.63757610321045	73.000000000000	0.0000000000000
3.3359999656677	-0.57265472412109	-0.63578277826309	73.000000000000	0.0000000000000
3.3399999141693	-0.57475829124451	-0.63395112752914	73.000000000000	0.0000000000000
3.3440001010895	-0.57685679197311	-0.63208055496216	73.000000000000	0.0000000000000
3.3480000495911	-0.57894837856293	-0.63017094135284	73.000000000000	0.0000000000000
3.3519999980927	-0.58103066682816	-0.62822228670120	73.000000000000	0.0000000000000
3.3559999465942	-0.58310228586197	-0.62623411417007	73.000000000000	0.0000000000000
3.3599998950958	-0.58516097068787	-0.62420684099197	73.000000000000	0.0000000000000
3.3640000820160	-0.58720517158508	-0.62214070558548	73.000000000000	0.0000000000000
3.3680000305176	-0.58923310041428	-0.62003582715988	73.000000000000	0.0000000000000
3.3719999790192	-0.59124225378036	-0.61789321899414	73.000000000000	0.0000000000000
3.3759999275208	-0.59323179721832	-0.61571288108826	73.000000000000	0.0000000000000
3.3800001144409	-0.59519952535629	-0.61349582672119	73.000000000000	0.0000000000000
3.3840000629425	-0.59714394807816	-0.61124289035797	73.000000000000	0.0000000000000
3.3880000114441	-0.59906303882599	-0.60895514488220	73.000000000000	0.0000000000000
3.3919999599457	-0.60095584392548	-0.60663330554962	73.000000000000	0.0000000000000
3.3959999084473	-0.60282087326050	-0.60427868366241	73.000000000000	0.0000000000000
3.4000000953674	-0.60465687513351	-0.60189229249954	73.000000000000	0.0000000000000
3.4040000438690	-0.60646188259125	-0.59947603940964	73.000000000000	0.0000000000000
3.4079999923706	-0.60823583602905	-0.59703063964844	73.000000000000	0.0000000000000
3.4119999408722	-0.60997712612152	-0.59455794095993	73.000000000000	0.0000000000000
3.4159998893738	-0.61168515682220	-0.59205919504166	73.000000000000	0.0000000000000
3.4200000762939	-0.61335867643356	-0.58953624963760	73.000000000000	0.0000000000000
3.4240000247955	-0.61499744653702	-0.58699023723602	73.000000000000	0.0000000000000
3.4279999732971	-0.61660093069077	-0.58442318439484	73.000000000000	0.0000000000000
3.4319999217987	-0.61816865205765	-0.58183664083481	73.000000000000	0.0000000000000
3.4360001087189	-0.61970019340515	-0.57923215627670	73.000000000000	0.0000000000000
3.4400000572205	-0.62119555473328	-0.57661122083664	73.000000000000	0.0000000000000
3.4440000057220	-0.62265503406525	-0.57397556304932	73.000000000000	0.0000000000000
3.4479999542236	-0.62407803535461	-0.57132703065872	73.000000000000	0.0000000000000
3.4519999027252	-0.62546551227570	-0.56866693496704	73.000000000000	0.0000000000000
3.4560000896454	-0.62681734561920	-0.56599700450897	73.000000000000	0.0000000000000
3.4600000381470	-0.62813425064087	-0.56331849098206	73.000000000000	0.0000000000000
3.4639999866486	-0.62941658496857	-0.56063300371170	73.000000000000	0.0000000000000
3.4679999351501	-0.63066536188126	-0.55794185400009	73.000000000000	0.0000000000000
3.4719998836517	-0.63188099861145	-0.55524635314941	73.000000000000	0.0000000000000
3.4760000705719	-0.63306456804276	-0.55254787206650	73.000000000000	0.0000000000000
3.4800000190735	-0.63421738147736	-0.54984706640244	73.000000000000	0.0000000000000
3.4839999675751	-0.63534009456635	-0.54714530706406	73.000000000000	0.0000000000000
3.4879999160767	-0.63643407821655	-0.54444342851639	73.000000000000	0.0000000000000
3.4920001029968	-0.63750040531158	-0.54174220561981	73.000000000000	0.0000000000000
3.4960000514984	-0.63854062557220	-0.53904241323471	73.000000000000	0.0000000000000
3.5000000000000	-0.63955587148666	-0.53634434938431	73.000000000000	0.0000000000000
3.5039999485016	-0.64054739475250	-0.53364878892899	73.000000000000	0.0000000000000
3.5079998970032	-0.64151704311371	-0.53095579147339	73.000000000000	0.0000000000000
3.5120000839233	-0.64246571063995	-0.52826571464539	73.000000000000	0.0000000000000
3.5160000324249	-0.64339518547058	-0.52557832002640	73.000000000000	0.0000000000000
3.5199999809265	-0.64430713653564	-0.52289360761642	73.000000000000	0.0000000000000
3.5239999294281	-0.64520269632339	-0.52021151781082	73.000000000000	0.0000000000000
3.5280001163483	-0.64608335494995	-0.51753139495850	73.000000000000	0.0000000000000
3.5320000648499	-0.64695006608963	-0.51485317945480	73.000000000000	0.0000000000000
3.5360000133514	-0.64780521392822	-0.51217555999756	73.000000000000	0.0000000000000
3.5399999618530	-0.64864921569824	-0.50949817895889	73.000000000000	0.0000000000000
3.5439999103546	-0.64948362112045	-0.50682026147842	73.000000000000	0.0000000000000
3.5480000972748	-0.65030968189240	-0.50414019823074	73.000000000000	0.0000000000000
3.5520000457764	-0.65112829208374	-0.50145757198334	73.000000000000	0.0000000000000
3.5559999942780	-0.65194082260132	-0.49877047538757	73.000000000000	0.0000000000000
3.5599999427795	-0.65274775028229	-0.49607786536217	73.000000000000	0.0000000000000
3.5639998912811	-0.65355032682419	-0.49337804317474	73.000000000000	0.0000000000000
3.5680000782013	-0.65434855222702	-0.49066990613937	73.000000000000	0.0000000000000
3.5720000267029	-0.65514379739761	-0.48795107007027	73.000000000000	0.0000000000000
3.5759999752045	-0.65593606233597	-0.48522037267685	73.000000000000	0.0000000000000
3.5799999237061	-0.65672564506531	-0.48247566819191	73.000000000000	0.0000000000000
3.5840001106262	-0.65751254558563	-0.47971534729004	73.000000000000	0.0000000000000
3.5880000591278	-0.65829718112946	-0.47693717479706	73.000000000000	0.0000000000000
3.5920000076294	-0.65907931327820	-0.47413927316666	73.000000000000	0.0000000000000
3.5959999561310	-0.65985828638077	-0.47132012248039	73.000000000000	0.0000000000000
3.5999999046326	-0.66063380241394	-0.46847689151764	73.000000000000	0.0000000000000
3.6040000915527	-0.66140526533127	-0.46560823917389	73.000000000000	0.0000000000000
3.6080000400543	-0.66217213869095	-0.46271166205406	73.000000000000	0.0000000000000
3.6119999885559	-0.66293305158615	-0.45978561043739	73.000000000000	0.0000000000000
3.6159999370575	-0.66368710994720	-0.45682764053345	73.000000000000	0.0000000000000
3.6199998855591	-0.66443276405334	-0.45383632183075	73.000000000000	0.0000000000000
3.6240000724792	-0.66516876220703	-0.45080938935280	73.000000000000	0.0000000000000
3.6280000209808	-0.66589361429214	-0.44774502515793	73.000000000000	0.0000000000000
3.6319999694824	-0.66660523414612	-0.44464188814163	73.000000000000	0.0000000000000
3.6359999179840	-0.66730201244354	-0.44149792194366	73.000000000000	0.0000000000000
3.6400001049042	-0.66798186302185	-0.43831154704094	73.000000000000	0.0000000000000
3.6440000534058	-0.66864198446274	-0.43508180975914	73.000000000000	0.0000000000000
3.6480000019073	-0.66928076744080	-0.43180662393570	73.000000000000	0.0000000000000
3.6519999504089	-0.66989552974701	-0.42848533391953	73.000000000000	0.0000000000000
3.6559998989105	-0.67048341035843	-0.42511674761772	73.000000000000	0.0000000000000
3.6600000858307	-0.67104202508926	-0.42169979214668	73.000000000000	0.0000000000000
3.6640000343323	-0.67156827449799	-0.41823372244835	73.000000000000	0.0000000000000
3.6679999828339	-0.67205953598022	-0.41471806168556	73.000000000000	0.0000000000000
3.6719999313354	-0.67251241207123	-0.41115221381187	73.000000000000	0.0000000000000
3.6760001182556	-0.67292416095734	-0.40753605961800	73.000000000000	0.0000000000000
3.6800000667572	-0.67329156398773	-0.40386950969696	73.000000000000	0.0000000000000
3.6840000152588	-0.67361134290695	-0.40015238523483	73.000000000000	0.0000000000000
3.6879999637604	-0.67388051748276	-0.39638516306877	73.000000000000	0.0000000000000
3.6919999122620	-0.67409551143646	-0.39256808161736	73.000000000000	0.0000000000000
3.6960000991821	-0.67425340414047	-0.38870215415955	73.000000000000	0.0000000000000
3.7000000476837	-0.67435044050217	-0.38478821516037	73.000000000000	0.0000000000000
3.7039999961853	-0.67438381910324	-0.38082700967789	73.000000000000	0.0000000000000
3.7079999446869	-0.67435002326965	-0.37682008743286	73.000000000000	0.0000000000000
3.7119998931885	-0.67424601316452	-0.37276867032051	73.000000000000	0.0000000000000
3.7160000801086	-0.67406862974167	-0.36867445707321	73.000000000000	0.0000000000000
3.7200000286102	-0.67381441593170	-0.36453947424889	73.000000000000	0.0000000000000
3.7239999771118	-0.67348092794418	-0.36036553978920	73.000000000000	0.0000000000000
3.7279999256134	-0.67306458950043	-0.35615500807762	73.000000000000	0.0000000000000
3.7320001125336	-0.67256301641464	-0.35191023349762	73.000000000000	0.0000000000000
3.7360000610352	-0.67197310924530	-0.34763365983963	73.000000000000	0.0000000000000
3.7400000095367	-0.67129260301590	-0.34332811832428	73.000000000000	0.0000000000000
3.7439999580383	-0.67051845788956	-0.33899655938148	73.000000000000	0.0000000000000
3.7479999065399	-0.66964870691299	-0.33464208245277	73.000000000000	0.0000000000000
3.7520000934601	-0.66868108510971	-0.33026769757271	73.000000000000	0.0000000000000
3.7560000419617	-0.66761344671249	-0.32587674260139	73.000000000000	0.0000000000000
3.7599999904633	-0.66644394397736	-0.32147294282913	73.000000000000	0.0000000000000
3.7639999389648	-0.66517072916031	-0.31705954670906	73.000000000000	0.0000000000000
3.7679998874664	-0.66379213333130	-0.31264036893845	73.000000000000	0.0000000000000
3.7720000743866	-0.66230708360672	-0.30821931362152	73.000000000000	0.0000000000000
3.7760000228882	-0.66071408987045	-0.30380001664162	73.000000000000	0.0000000000000
3.7799999713898	-0.65901225805283	-0.29938670992851	73.000000000000	0.0000000000000
3.7839999198914	-0.65720081329346	-0.29498320817947	73.000000000000	0.0000000000000
3.7880001068115	-0.65527927875519	-0.29059332609177	73.000000000000	0.0000000000000
3.7920000553131	-0.65324699878693	-0.28622165322304	73.000000000000	0.0000000000000
3.7960000038147	-0.65110385417938	-0.28187176585197	73.000000000000	0.0000000000000
3.7999999523163	-0.64884990453720	-0.27754828333855	73.000000000000	0.0000000000000
3.8039999008179	-0.64648526906967	-0.27325510978699	73.000000000000	0.0000000000000
3.8080000877380	-0.64401048421860	-0.26899632811546	73.000000000000	0.0000000000000
3.8120000362396	-0.64142608642578	-0.26477596163750	73.000000000000	0.0000000000000
3.8159999847412	-0.63873308897018	-0.26059791445732	73.000000000000	0.0000000000000
3.8199999332428	-0.63593196868896	-0.25646674633026	73.000000000000	0.0000000000000
3.8239998817444	-0.63302451372147	-0.25238612294197	73.000000000000	0.0000000000000
3.8280000686646	-0.63001179695129	-0.24835973978043	73.000000000000	0.0000000000000
3.8320000171661	-0.62689536809921	-0.24439160525799	73.000000000000	0.0000000000000
3.8359999656677	-0.62367713451385	-0.24048522114754	73.000000000000	0.0000000000000
3.8399999141693	-0.62035906314850	-0.23664438724518	73.000000000000	0.0000000000000
3.8440001010895	-0.61694282293320	-0.23287256062031	73.000000000000	0.0000000000000
3.8480000495911	-0.61343109607697	-0.22917315363884	73.000000000000	0.0000000000000
3.8519999980927	-0.60982596874237	-0.22554957866669	73.000000000000	0.0000000000000
3.8559999465942	-0.60613000392914	-0.22200460731983	73.000000000000	0.0000000000000
3.8599998950958	-0.60234582424164	-0.21854133903980	73.000000000000	0.0000000000000
3.8640000820160	-0.59847629070282	-0.21516276896000	73.000000000000	0.0000000000000
3.8680000305176	-0.59452426433563	-0.21187165379524	73.000000000000	0.0000000000000
3.8719999790192	-0.59049254655838	-0.20867045223713	73.000000000000	0.0000000000000
3.8759999275208	-0.58638429641724	-0.20556129515171	73.000000000000	0.0000000000000
3.8800001144409	-0.58220255374908	-0.20254671573639	73.000000000000	0.0000000000000
3.8840000629425	-0.57795059680939	-0.19962859153748	73.000000000000	0.0000000000000
3.8880000114441	-0.57363140583038	-0.19680908322334	73.000000000000	0.0000000000000
3.8919999599457	-0.56924855709076	-0.19408985972404	73.000000000000	0.0000000000000
3.8959999084473	-0.56480532884598	-0.19147238135338	73.000000000000	0.0000000000000
3.9000000953674	-0.56030488014221	-0.18895815312862	73.000000000000	0.0000000000000
3.9040000438690	-0.55575078725815	-0.18654823303223	73.000000000000	0.0000000000000
3.9079999923706	-0.55114632844925	-0.18424396216869	73.000000000000	0.0000000000000
3.9119999408722	-0.54649490118027	-0.18204610049725	73.000000000000	0.0000000000000
3.9159998893738	-0.54179954528809	-0.17995564639568	73.000000000000	0.0000000000000
3.9200000762939	-0.53706413507462	-0.17797301709652	73.000000000000	0.0000000000000
3.9240000247955	-0.53229147195816	-0.17609880864620	73.000000000000	0.0000000000000
3.9279999732971	-0.52748501300812	-0.17433331906796	73.000000000000	0.0000000000000
3.9319999217987	-0.52264791727066	-0.17267675697803	73.000000000000	0.0000000000000
3.9360001087189	-0.51778340339661	-0.17112913727760	73.000000000000	0.0000000000000
3.9400000572205	-0.51289451122284	-0.16969062387943	73.000000000000	0.0000000000000
3.9440000057220	-0.50798416137695	-0.16836091876030	73.000000000000	0.0000000000000
3.9479999542236	-0.50305533409119	-0.16713973879814	73.000000000000	0.0000000000000
3.9519999027252	-0.49811112880707	-0.16602675616741	73.000000000000	0.0000000000000
3.9560000896454	-0.49315404891968	-0.16502167284489	73.000000000000	0.0000000000000
3.9600000381470	-0.48818692564964	-0.16412378847599	73.000000000000	0.0000000000000
3.9639999866486	-0.48321247100830	-0.16333243250847	73.000000000000	0.0000000000000
3.9679999351501	-0.47823300957680	-0.16264714300632	73.000000000000	0.0000000000000
3.9719998836517	-0.47325116395950	-0.16206690669060	73.000000000000	0.0000000000000
3.9760000705719	-0.46826913952827	-0.16159132122993	73.000000000000	0.0000000000000
3.9800000190735	-0.46328938007355	-0.16121898591518	73.000000000000	0.0000000000000
3.9839999675751	-0.45831394195557	-0.16094951331615	73.000000000000	0.0000000000000
3.9879999160767	-0.45334488153458	-0.16078194975853	73.000000000000	0.0000000000000
3.9920001029968	-0.44838434457779	-0.16071510314941	73.000000000000	0.0000000000000
3.9960000514984	-0.44343408942223	-0.16074834764004	73.000000000000	0.0000000000000
4.0000000000000	-0.43849608302116	-0.16088049113750	73.000000000000	0.0000000000000
