#Parameters = {d=200; L=50}
#"Frequency / GHz"	"S1,1 (d=200) [Re]"	"S1,1 (d=200) [Im]"	"Ref.Imp. [Re]"	"Ref.Imp. [Im]"
#-----------------------------------------------------------------------------------------
0.0000000000000	0.99660187959671	-0.0000000000000	73.000000000000	0.0000000000000
0.0040000001899898	0.99656677246094	-0.0087380995973945	73.000000000000	0.0000000000000
0.0080000003799796	0.99646180868149	-0.017476053908467	73.000000000000	0.0000000000000
0.012000000104308	0.99628669023514	-0.026213718578219	73.000000000000	0.0000000000000
0.016000000759959	0.99604141712189	-0.034950930625200	73.000000000000	0.0000000000000
0.019999999552965	0.99572575092316	-0.043687552213669	73.000000000000	0.0000000000000
0.024000000208616	0.99533975124359	-0.052423391491175	73.000000000000	0.0000000000000
0.028000000864267	0.99488317966461	-0.061158280819654	73.000000000000	0.0000000000000
0.032000001519918	0.99435573816299	-0.069892004132271	73.000000000000	0.0000000000000
0.035999998450279	0.99375724792480	-0.078624352812767	73.000000000000	0.0000000000000
0.039999999105930	0.99308735132217	-0.087355084717274	73.000000000000	0.0000000000000
0.043999999761581	0.99234586954117	-0.096083946526051	73.000000000000	0.0000000000000
0.048000000417233	0.99153244495392	-0.10481065511703	73.000000000000	0.0000000000000
0.052000001072884	0.99064660072327	-0.11353489011526	73.000000000000	0.0000000000000
0.056000001728535	0.98968821763992	-0.12225631624460	73.000000000000	0.0000000000000
0.059999998658895	0.98865669965744	-0.13097454607487	73.000000000000	0.0000000000000
0.064000003039837	0.98755174875259	-0.13968922197819	73.000000000000	0.0000000000000
0.068000003695488	0.98637294769287	-0.14839985966682	73.000000000000	0.0000000000000
0.071999996900558	0.98511976003647	-0.15710599720478	73.000000000000	0.0000000000000
0.075999997556210	0.98379188776016	-0.16580717265606	73.000000000000	0.0000000000000
0.079999998211861	0.98238873481750	-0.17450277507305	73.000000000000	0.0000000000000
0.083999998867512	0.98091000318527	-0.18319226801395	73.000000000000	0.0000000000000
0.087999999523163	0.97935515642166	-0.19187501072884	73.000000000000	0.0000000000000
0.092000000178814	0.97772359848022	-0.20055036246777	73.000000000000	0.0000000000000
0.096000000834465	0.97601526975632	-0.20921762287617	73.000000000000	0.0000000000000
0.10000000149012	0.97422921657562	-0.21787601709366	73.000000000000	0.0000000000000
0.10400000214577	0.97236526012421	-0.22652484476566	73.000000000000	0.0000000000000
0.10800000280142	0.97042304277420	-0.23516318202019	73.000000000000	0.0000000000000
0.11200000345707	0.96840202808380	-0.24379026889801	73.000000000000	0.0000000000000
0.11599999666214	0.96630179882050	-0.25240519642830	73.000000000000	0.0000000000000
0.11999999731779	0.96412205696106	-0.26100695133209	73.000000000000	0.0000000000000
0.12399999797344	0.96186220645905	-0.26959466934204	73.000000000000	0.0000000000000
0.12800000607967	0.95952248573303	-0.27816730737686	73.000000000000	0.0000000000000
0.13199999928474	0.95710194110870	-0.28672388195992	73.000000000000	0.0000000000000
0.13600000739098	0.95460057258606	-0.29526320099831	73.000000000000	0.0000000000000
0.14000000059605	0.95201814174652	-0.30378431081772	73.000000000000	0.0000000000000
0.14399999380112	0.94935435056686	-0.31228595972061	73.000000000000	0.0000000000000
0.14800000190735	0.94660907983780	-0.32076713442802	73.000000000000	0.0000000000000
0.15199999511242	0.94378226995468	-0.32922652363777	73.000000000000	0.0000000000000
0.15600000321865	0.94087344408035	-0.33766293525696	73.000000000000	0.0000000000000
0.15999999642372	0.93788307905197	-0.34607526659966	73.000000000000	0.0000000000000
0.16400000452995	0.93481081724167	-0.35446217656136	73.000000000000	0.0000000000000
0.16799999773502	0.93165659904480	-0.36282241344452	73.000000000000	0.0000000000000
0.17200000584126	0.92842060327530	-0.37115475535393	73.000000000000	0.0000000000000
0.17599999904633	0.92510300874710	-0.37945783138275	73.000000000000	0.0000000000000
0.18000000715256	0.92170387506485	-0.38773050904274	73.000000000000	0.0000000000000
0.18400000035763	0.91822350025177	-0.39597135782242	73.000000000000	0.0000000000000
0.18799999356270	0.91466194391251	-0.40417906641960	73.000000000000	0.0000000000000
0.19200000166893	0.91101980209351	-0.41235250234604	73.000000000000	0.0000000000000
0.19599999487400	0.90729701519012	-0.42049023509026	73.000000000000	0.0000000000000
0.20000000298023	0.90349417924881	-0.42859095335007	73.000000000000	0.0000000000000
0.20399999618530	0.89961189031601	-0.43665361404419	73.000000000000	0.0000000000000
0.20800000429153	0.89565038681030	-0.44467669725418	73.000000000000	0.0000000000000
0.21199999749660	0.89161020517349	-0.45265907049179	73.000000000000	0.0000000000000
0.21600000560284	0.88749206066132	-0.46059951186180	73.000000000000	0.0000000000000
0.21999999880791	0.88329643011093	-0.46849671006203	73.000000000000	0.0000000000000
0.22400000691414	0.87902384996414	-0.47634953260422	73.000000000000	0.0000000000000
0.22800000011921	0.87467545270920	-0.48415693640709	73.000000000000	0.0000000000000
0.23199999332428	0.87025153636932	-0.49191758036613	73.000000000000	0.0000000000000
0.23600000143051	0.86575299501419	-0.49963054060936	73.000000000000	0.0000000000000
0.23999999463558	0.86118072271347	-0.50729465484619	73.000000000000	0.0000000000000
0.24400000274181	0.85653537511826	-0.51490885019302	73.000000000000	0.0000000000000
0.24799999594688	0.85181802511215	-0.52247208356857	73.000000000000	0.0000000000000
0.25200000405312	0.84702944755554	-0.52998358011246	73.000000000000	0.0000000000000
0.25600001215935	0.84217065572739	-0.53744226694107	73.000000000000	0.0000000000000
0.25999999046326	0.83724254369736	-0.54484724998474	73.000000000000	0.0000000000000
0.26399999856949	0.83224594593048	-0.55219775438309	73.000000000000	0.0000000000000
0.26800000667572	0.82718199491501	-0.55949288606644	73.000000000000	0.0000000000000
0.27200001478195	0.82205170392990	-0.56673210859299	73.000000000000	0.0000000000000
0.27599999308586	0.81685602664948	-0.57391434907913	73.000000000000	0.0000000000000
0.28000000119209	0.81159615516663	-0.58103913068771	73.000000000000	0.0000000000000
0.28400000929832	0.80627274513245	-0.58810585737228	73.000000000000	0.0000000000000
0.28799998760223	0.80088716745377	-0.59511387348175	73.000000000000	0.0000000000000
0.29199999570847	0.79544037580490	-0.60206270217896	73.000000000000	0.0000000000000
0.29600000381470	0.78993326425552	-0.60895186662674	73.000000000000	0.0000000000000
0.30000001192093	0.78436708450317	-0.61578083038330	73.000000000000	0.0000000000000
0.30399999022484	0.77874279022217	-0.62254923582077	73.000000000000	0.0000000000000
0.30799999833107	0.77306127548218	-0.62925672531128	73.000000000000	0.0000000000000
0.31200000643730	0.76732361316681	-0.63590306043625	73.000000000000	0.0000000000000
0.31600001454353	0.76153075695038	-0.64248782396317	73.000000000000	0.0000000000000
0.31999999284744	0.75568377971649	-0.64901071786880	73.000000000000	0.0000000000000
0.32400000095367	0.74978345632553	-0.65547180175781	73.000000000000	0.0000000000000
0.32800000905991	0.74383080005646	-0.66187071800232	73.000000000000	0.0000000000000
0.33199998736382	0.73782670497894	-0.66820740699768	73.000000000000	0.0000000000000
0.33599999547005	0.73177200555801	-0.67448168992996	73.000000000000	0.0000000000000
0.34000000357628	0.72566759586334	-0.68069368600845	73.000000000000	0.0000000000000
0.34400001168251	0.71951413154602	-0.68684303760529	73.000000000000	0.0000000000000
0.34799998998642	0.71331274509430	-0.69292992353439	73.000000000000	0.0000000000000
0.35199999809265	0.70706361532211	-0.69895440340042	73.000000000000	0.0000000000000
0.35600000619888	0.70076799392700	-0.70491635799408	73.000000000000	0.0000000000000
0.36000001430511	0.69442600011826	-0.71081584692001	73.000000000000	0.0000000000000
0.36399999260902	0.68803882598877	-0.71665304899216	73.000000000000	0.0000000000000
0.36800000071526	0.68160665035248	-0.72242784500122	73.000000000000	0.0000000000000
0.37200000882149	0.67513012886047	-0.72814047336578	73.000000000000	0.0000000000000
0.37599998712540	0.66860973834991	-0.73379081487656	73.000000000000	0.0000000000000
0.37999999523163	0.66204619407654	-0.73937910795212	73.000000000000	0.0000000000000
0.38400000333786	0.65543949604034	-0.74490535259247	73.000000000000	0.0000000000000
0.38800001144409	0.64879029989243	-0.75036960840225	73.000000000000	0.0000000000000
0.39199998974800	0.64209902286530	-0.75577199459076	73.000000000000	0.0000000000000
0.39599999785423	0.63536566495895	-0.76111239194870	73.000000000000	0.0000000000000
0.40000000596046	0.62859070301056	-0.76639109849930	73.000000000000	0.0000000000000
0.40400001406670	0.62177449464798	-0.77160781621933	73.000000000000	0.0000000000000
0.40799999237061	0.61491692066193	-0.77676278352737	73.000000000000	0.0000000000000
0.41200000047684	0.60801821947098	-0.78185600042343	73.000000000000	0.0000000000000
0.41600000858307	0.60107880830765	-0.78688716888428	73.000000000000	0.0000000000000
0.41999998688698	0.59409838914871	-0.79185634851456	73.000000000000	0.0000000000000
0.42399999499321	0.58707726001740	-0.79676330089569	73.000000000000	0.0000000000000
0.42800000309944	0.58001542091370	-0.80160814523697	73.000000000000	0.0000000000000
0.43200001120567	0.57291293144226	-0.80639046430588	73.000000000000	0.0000000000000
0.43599998950958	0.56576979160309	-0.81111019849777	73.000000000000	0.0000000000000
0.43999999761581	0.55858600139618	-0.81576681137085	73.000000000000	0.0000000000000
0.44400000572205	0.55136144161224	-0.82036024332047	73.000000000000	0.0000000000000
0.44800001382828	0.54409611225128	-0.82489013671875	73.000000000000	0.0000000000000
0.45199999213219	0.53678989410400	-0.82935595512390	73.000000000000	0.0000000000000
0.45600000023842	0.52944278717041	-0.83375746011734	73.000000000000	0.0000000000000
0.46000000834465	0.52205491065979	-0.83809399604797	73.000000000000	0.0000000000000
0.46399998664856	0.51462584733963	-0.84236502647400	73.000000000000	0.0000000000000
0.46799999475479	0.50715595483780	-0.84657001495361	73.000000000000	0.0000000000000
0.47200000286102	0.49964481592178	-0.85070842504501	73.000000000000	0.0000000000000
0.47600001096725	0.49209254980087	-0.85477954149246	73.000000000000	0.0000000000000
0.47999998927116	0.48449900746346	-0.85878258943558	73.000000000000	0.0000000000000
0.48399999737740	0.47686457633972	-0.86271673440933	73.000000000000	0.0000000000000
0.48800000548363	0.46918883919716	-0.86658126115799	73.000000000000	0.0000000000000
0.49200001358986	0.46147188544273	-0.87037527561188	73.000000000000	0.0000000000000
0.49599999189377	0.45371419191360	-0.87409788370132	73.000000000000	0.0000000000000
0.50000000000000	0.44591554999352	-0.87774819135666	73.000000000000	0.0000000000000
0.50400000810623	0.43807595968246	-0.88132512569427	73.000000000000	0.0000000000000
0.50800001621246	0.43019583821297	-0.88482755422592	73.000000000000	0.0000000000000
0.51200002431870	0.42227545380592	-0.88825464248657	73.000000000000	0.0000000000000
0.51599997282028	0.41431501507759	-0.89160495996475	73.000000000000	0.0000000000000
0.51999998092651	0.40631502866745	-0.89487767219543	73.000000000000	0.0000000000000
0.52399998903275	0.39827522635460	-0.89807152748108	73.000000000000	0.0000000000000
0.52799999713898	0.39019668102264	-0.90118527412415	73.000000000000	0.0000000000000
0.53200000524521	0.38207963109016	-0.90421772003174	73.000000000000	0.0000000000000
0.53600001335144	0.37392467260361	-0.90716761350632	73.000000000000	0.0000000000000
0.54000002145767	0.36573240160942	-0.91003370285034	73.000000000000	0.0000000000000
0.54400002956390	0.35750350356102	-0.91281461715698	73.000000000000	0.0000000000000
0.54799997806549	0.34923845529556	-0.91550916433334	73.000000000000	0.0000000000000
0.55199998617172	0.34093844890594	-0.91811609268188	73.000000000000	0.0000000000000
0.55599999427795	0.33260428905487	-0.92063385248184	73.000000000000	0.0000000000000
0.56000000238419	0.32423648238182	-0.92306143045425	73.000000000000	0.0000000000000
0.56400001049042	0.31583622097969	-0.92539745569229	73.000000000000	0.0000000000000
0.56800001859665	0.30740472674370	-0.92764055728912	73.000000000000	0.0000000000000
0.57200002670288	0.29894322156906	-0.92978954315186	73.000000000000	0.0000000000000
0.57599997520447	0.29045256972313	-0.93184310197830	73.000000000000	0.0000000000000
0.57999998331070	0.28193441033363	-0.93380016088486	73.000000000000	0.0000000000000
0.58399999141693	0.27338957786560	-0.93565911054611	73.000000000000	0.0000000000000
0.58799999952316	0.26481994986534	-0.93741911649704	73.000000000000	0.0000000000000
0.59200000762939	0.25622665882111	-0.93907916545868	73.000000000000	0.0000000000000
0.59600001573563	0.24761123955250	-0.94063758850098	73.000000000000	0.0000000000000
0.60000002384186	0.23897559940815	-0.94209390878677	73.000000000000	0.0000000000000
0.60399997234344	0.23032119870186	-0.94344669580460	73.000000000000	0.0000000000000
0.60799998044968	0.22164975106716	-0.94469511508942	73.000000000000	0.0000000000000
0.61199998855591	0.21296301484108	-0.94583821296692	73.000000000000	0.0000000000000
0.61599999666214	0.20426298677921	-0.94687521457672	73.000000000000	0.0000000000000
0.62000000476837	0.19555105268955	-0.94780522584915	73.000000000000	0.0000000000000
0.62400001287460	0.18682971596718	-0.94862753152847	73.000000000000	0.0000000000000
0.62800002098083	0.17810061573982	-0.94934147596359	73.000000000000	0.0000000000000
0.63200002908707	0.16936592757702	-0.94994622468948	73.000000000000	0.0000000000000
0.63599997758865	0.16062749922276	-0.95044147968292	73.000000000000	0.0000000000000
0.63999998569489	0.15188731253147	-0.95082670450211	73.000000000000	0.0000000000000
0.64399999380112	0.14314776659012	-0.95110148191452	73.000000000000	0.0000000000000
0.64800000190735	0.13441041111946	-0.95126551389694	73.000000000000	0.0000000000000
0.65200001001358	0.12567812204361	-0.95131856203079	73.000000000000	0.0000000000000
0.65600001811981	0.11695290356874	-0.95126020908356	73.000000000000	0.0000000000000
0.66000002622604	0.10823632776737	-0.95109093189240	73.000000000000	0.0000000000000
0.66399997472763	0.099531777203083	-0.95081013441086	73.000000000000	0.0000000000000
0.66799998283386	0.090839900076389	-0.95041823387146	73.000000000000	0.0000000000000
0.67199999094009	0.082164540886879	-0.94991528987885	73.000000000000	0.0000000000000
0.67599999904633	0.073506802320480	-0.94930154085159	73.000000000000	0.0000000000000
0.68000000715256	0.064868718385696	-0.94857740402222	73.000000000000	0.0000000000000
0.68400001525879	0.056252744048834	-0.94774317741394	73.000000000000	0.0000000000000
0.68800002336502	0.047660872340202	-0.94679933786392	73.000000000000	0.0000000000000
0.69199997186661	0.039096005260944	-0.94574654102325	73.000000000000	0.0000000000000
0.69599997997284	0.030559210106730	-0.94458538293839	73.000000000000	0.0000000000000
0.69999998807907	0.022052887827158	-0.94331645965576	73.000000000000	0.0000000000000
0.70399999618530	0.013579430058599	-0.94194072484970	73.000000000000	0.0000000000000
0.70800000429153	0.0051403013058007	-0.94045889377594	73.000000000000	0.0000000000000
0.71200001239777	-0.0032630546484143	-0.93887203931808	73.000000000000	0.0000000000000
0.71600002050400	-0.011627874337137	-0.93718105554581	73.000000000000	0.0000000000000
0.72000002861023	-0.019951876252890	-0.93538695573807	73.000000000000	0.0000000000000
0.72399997711182	-0.028235038742423	-0.93349099159241	73.000000000000	0.0000000000000
0.72799998521805	-0.036474239081144	-0.93149405717850	73.000000000000	0.0000000000000
0.73199999332428	-0.044668186455965	-0.92939770221710	73.000000000000	0.0000000000000
0.73600000143051	-0.052815608680248	-0.92720299959183	73.000000000000	0.0000000000000
0.74000000953674	-0.060914829373360	-0.92491120100021	73.000000000000	0.0000000000000
0.74400001764297	-0.068964198231697	-0.92252385616302	73.000000000000	0.0000000000000
0.74800002574921	-0.076962560415268	-0.92004203796387	73.000000000000	0.0000000000000
0.75199997425079	-0.084908336400986	-0.91746747493744	73.000000000000	0.0000000000000
0.75599998235703	-0.092801310122013	-0.91480135917664	73.000000000000	0.0000000000000
0.75999999046326	-0.10063911229372	-0.91204524040222	73.000000000000	0.0000000000000
0.76399999856949	-0.10842160135508	-0.90920060873032	73.000000000000	0.0000000000000
0.76800000667572	-0.11614689230919	-0.90626877546310	73.000000000000	0.0000000000000
0.77200001478195	-0.12381491810083	-0.90325134992599	73.000000000000	0.0000000000000
0.77600002288818	-0.13142389059067	-0.90015000104904	73.000000000000	0.0000000000000
0.77999997138977	-0.13897421956062	-0.89696568250656	73.000000000000	0.0000000000000
0.78399997949600	-0.14646461606026	-0.89370030164719	73.000000000000	0.0000000000000
0.78799998760223	-0.15389464795589	-0.89035511016846	73.000000000000	0.0000000000000
0.79199999570847	-0.16126355528831	-0.88693147897720	73.000000000000	0.0000000000000
0.79600000381470	-0.16857098042965	-0.88343101739883	73.000000000000	0.0000000000000
0.80000001192093	-0.17581659555435	-0.87985491752625	73.000000000000	0.0000000000000
0.80400002002716	-0.18299967050552	-0.87620460987091	73.000000000000	0.0000000000000
0.80800002813339	-0.19012035429478	-0.87248140573502	73.000000000000	0.0000000000000
0.81199997663498	-0.19717879593372	-0.86868631839752	73.000000000000	0.0000000000000
0.81599998474121	-0.20417389273643	-0.86482089757919	73.000000000000	0.0000000000000
0.81999999284744	-0.21110665798187	-0.86088603734970	73.000000000000	0.0000000000000
0.82400000095367	-0.21797603368759	-0.85688298940659	73.000000000000	0.0000000000000
0.82800000905991	-0.22478258609772	-0.85281276702881	73.000000000000	0.0000000000000
0.83200001716614	-0.23152610659599	-0.84867620468140	73.000000000000	0.0000000000000
0.83600002527237	-0.23820680379868	-0.84447449445724	73.000000000000	0.0000000000000
0.83999997377396	-0.24482479691505	-0.84020817279816	73.000000000000	0.0000000000000
0.84399998188019	-0.25138026475906	-0.83587825298309	73.000000000000	0.0000000000000
0.84799998998642	-0.25787296891212	-0.83148533105850	73.000000000000	0.0000000000000
0.85199999809265	-0.26430344581604	-0.82703018188477	73.000000000000	0.0000000000000
0.85600000619888	-0.27067178487778	-0.82251328229904	73.000000000000	0.0000000000000
0.86000001430511	-0.27697810530663	-0.81793510913849	73.000000000000	0.0000000000000
0.86400002241135	-0.28322282433510	-0.81329602003098	73.000000000000	0.0000000000000
0.86799997091293	-0.28940561413765	-0.80859667062759	73.000000000000	0.0000000000000
0.87199997901917	-0.29552689194679	-0.80383700132370	73.000000000000	0.0000000000000
0.87599998712540	-0.30158692598343	-0.79901725053787	73.000000000000	0.0000000000000
0.87999999523163	-0.30758577585220	-0.79413771629333	73.000000000000	0.0000000000000
0.88400000333786	-0.31352317333221	-0.78919845819473	73.000000000000	0.0000000000000
0.88800001144409	-0.31939983367920	-0.78419923782349	73.000000000000	0.0000000000000
0.89200001955032	-0.32521516084671	-0.77914023399353	73.000000000000	0.0000000000000
0.89600002765656	-0.33096918463707	-0.77402120828629	73.000000000000	0.0000000000000
0.89999997615814	-0.33666199445724	-0.76884186267853	73.000000000000	0.0000000000000
0.90399998426437	-0.34229364991188	-0.76360195875168	73.000000000000	0.0000000000000
0.90799999237061	-0.34786289930344	-0.75830155611038	73.000000000000	0.0000000000000
0.91200000047684	-0.35337039828300	-0.75293987989426	73.000000000000	0.0000000000000
0.91600000858307	-0.35881593823433	-0.74751651287079	73.000000000000	0.0000000000000
0.92000001668930	-0.36419817805290	-0.74203133583069	73.000000000000	0.0000000000000
0.92400002479553	-0.36951750516891	-0.73648351430893	73.000000000000	0.0000000000000
0.92799997329712	-0.37477284669876	-0.73087275028229	73.000000000000	0.0000000000000
0.93199998140335	-0.37996330857277	-0.72519856691360	73.000000000000	0.0000000000000
0.93599998950958	-0.38508844375610	-0.71946036815643	73.000000000000	0.0000000000000
0.93999999761581	-0.39014714956284	-0.71365749835968	73.000000000000	0.0000000000000
0.94400000572205	-0.39513856172562	-0.70778948068619	73.000000000000	0.0000000000000
0.94800001382828	-0.40006178617477	-0.70185559988022	73.000000000000	0.0000000000000
0.95200002193451	-0.40491536259651	-0.69585537910461	73.000000000000	0.0000000000000
0.95599997043610	-0.40969806909561	-0.68978846073151	73.000000000000	0.0000000000000
0.95999997854233	-0.41440853476524	-0.68365401029587	73.000000000000	0.0000000000000
0.96399998664856	-0.41904541850090	-0.67745167016983	73.000000000000	0.0000000000000
0.96799999475479	-0.42360696196556	-0.67118096351624	73.000000000000	0.0000000000000
0.97200000286102	-0.42809128761292	-0.66484165191650	73.000000000000	0.0000000000000
0.97600001096725	-0.43249717354774	-0.65843296051025	73.000000000000	0.0000000000000
0.98000001907349	-0.43682199716568	-0.65195512771606	73.000000000000	0.0000000000000
0.98400002717972	-0.44106474518776	-0.64540719985962	73.000000000000	0.0000000000000
0.98799997568130	-0.44522237777710	-0.63878971338272	73.000000000000	0.0000000000000
0.99199998378754	-0.44929280877113	-0.63210237026215	73.000000000000	0.0000000000000
0.99599999189377	-0.45327448844910	-0.62534475326538	73.000000000000	0.0000000000000
1.0000000000000	-0.45716434717178	-0.61851757764816	73.000000000000	0.0000000000000
1.0039999485016	-0.46096044778824	-0.61162048578262	73.000000000000	0.0000000000000
1.0080000162125	-0.46465989947319	-0.60465407371521	73.000000000000	0.0000000000000
1.0119999647141	-0.46826025843620	-0.59761881828308	73.000000000000	0.0000000000000
1.0160000324249	-0.47175902128220	-0.59051483869553	73.000000000000	0.0000000000000
1.0199999809265	-0.47515341639519	-0.58334302902222	73.000000000000	0.0000000000000
1.0240000486374	-0.47844022512436	-0.57610452175140	73.000000000000	0.0000000000000
1.0279999971390	-0.48161718249321	-0.56879979372025	73.000000000000	0.0000000000000
1.0319999456406	-0.48468133807182	-0.56142985820770	73.000000000000	0.0000000000000
1.0360000133514	-0.48762989044189	-0.55399614572525	73.000000000000	0.0000000000000
1.0399999618530	-0.49045941233635	-0.54649990797043	73.000000000000	0.0000000000000
1.0440000295639	-0.49316737055779	-0.53894281387329	73.000000000000	0.0000000000000
1.0479999780655	-0.49575102329254	-0.53132623434067	73.000000000000	0.0000000000000
1.0520000457764	-0.49820682406425	-0.52365219593048	73.000000000000	0.0000000000000
1.0559999942780	-0.50053244829178	-0.51592260599136	73.000000000000	0.0000000000000
1.0599999427795	-0.50272470712662	-0.50813955068588	73.000000000000	0.0000000000000
1.0640000104904	-0.50478053092957	-0.50030541419983	73.000000000000	0.0000000000000
1.0679999589920	-0.50669765472412	-0.49242261052132	73.000000000000	0.0000000000000
1.0720000267029	-0.50847250223160	-0.48449385166168	73.000000000000	0.0000000000000
1.0759999752045	-0.51010274887085	-0.47652190923691	73.000000000000	0.0000000000000
1.0800000429153	-0.51158565282822	-0.46850967407227	73.000000000000	0.0000000000000
1.0839999914169	-0.51291853189468	-0.46046039462090	73.000000000000	0.0000000000000
1.0880000591278	-0.51409870386124	-0.45237725973129	73.000000000000	0.0000000000000
1.0920000076294	-0.51512402296066	-0.44426378607750	73.000000000000	0.0000000000000
1.0959999561310	-0.51599198579788	-0.43612352013588	73.000000000000	0.0000000000000
1.1000000238419	-0.51670038700104	-0.42796018719673	73.000000000000	0.0000000000000
1.1039999723434	-0.51724684238434	-0.41977778077126	73.000000000000	0.0000000000000
1.1080000400543	-0.51762968301773	-0.41158038377762	73.000000000000	0.0000000000000
1.1119999885559	-0.51784712076187	-0.40337193012238	73.000000000000	0.0000000000000
1.1160000562668	-0.51789706945419	-0.39515694975853	73.000000000000	0.0000000000000
1.1200000047684	-0.51777821779251	-0.38693976402283	73.000000000000	0.0000000000000
1.1239999532700	-0.51748913526535	-0.37872520089149	73.000000000000	0.0000000000000
1.1280000209808	-0.51702851057053	-0.37051764130592	73.000000000000	0.0000000000000
1.1319999694824	-0.51639533042908	-0.36232191324234	73.000000000000	0.0000000000000
1.1360000371933	-0.51558905839920	-0.35414284467697	73.000000000000	0.0000000000000
1.1399999856949	-0.51460826396942	-0.34598556160927	73.000000000000	0.0000000000000
1.1440000534058	-0.51345306634903	-0.33785507082939	73.000000000000	0.0000000000000
1.1480000019073	-0.51212310791016	-0.32975628972054	73.000000000000	0.0000000000000
1.1519999504089	-0.51061832904816	-0.32169455289841	73.000000000000	0.0000000000000
1.1560000181198	-0.50893855094910	-0.31367525458336	73.000000000000	0.0000000000000
1.1599999666214	-0.50708436965942	-0.30570334196091	73.000000000000	0.0000000000000
1.1640000343323	-0.50505638122559	-0.29778420925140	73.000000000000	0.0000000000000
1.1679999828339	-0.50285530090332	-0.28992322087288	73.000000000000	0.0000000000000
1.1720000505447	-0.50048208236694	-0.28212571144104	73.000000000000	0.0000000000000
1.1759999990463	-0.49793824553490	-0.27439683675766	73.000000000000	0.0000000000000
1.1799999475479	-0.49522486329079	-0.26674202084541	73.000000000000	0.0000000000000
1.1840000152588	-0.49234402179718	-0.25916650891304	73.000000000000	0.0000000000000
1.1879999637604	-0.48929747939110	-0.25167560577393	73.000000000000	0.0000000000000
1.1920000314713	-0.48608726263046	-0.24427440762520	73.000000000000	0.0000000000000
1.1959999799728	-0.48271584510803	-0.23696810007095	73.000000000000	0.0000000000000
1.2000000476837	-0.47918593883514	-0.22976173460484	73.000000000000	0.0000000000000
1.2039999961853	-0.47550022602081	-0.22266024351120	73.000000000000	0.0000000000000
1.2079999446869	-0.47166195511818	-0.21566833555698	73.000000000000	0.0000000000000
1.2120000123978	-0.46767419576645	-0.20879107713699	73.000000000000	0.0000000000000
1.2159999608994	-0.46354046463966	-0.20203305780888	73.000000000000	0.0000000000000
1.2200000286102	-0.45926445722580	-0.19539840519428	73.000000000000	0.0000000000000
1.2239999771118	-0.45485001802444	-0.18889212608337	73.000000000000	0.0000000000000
1.2280000448227	-0.45030122995377	-0.18251803517342	73.000000000000	0.0000000000000
1.2319999933243	-0.44562244415283	-0.17628020048141	73.000000000000	0.0000000000000
1.2359999418259	-0.44081795215607	-0.17018267512321	73.000000000000	0.0000000000000
1.2400000095367	-0.43589246273041	-0.16422902047634	73.000000000000	0.0000000000000
1.2439999580383	-0.43085068464279	-0.15842287242413	73.000000000000	0.0000000000000
1.2480000257492	-0.42569756507874	-0.15276753902435	73.000000000000	0.0000000000000
1.2519999742508	-0.42043820023537	-0.14726632833481	73.000000000000	0.0000000000000
1.2560000419617	-0.41507774591446	-0.14192174375057	73.000000000000	0.0000000000000
1.2599999904633	-0.40962153673172	-0.13673682510853	73.000000000000	0.0000000000000
1.2640000581741	-0.40407499670982	-0.13171395659447	73.000000000000	0.0000000000000
1.2680000066757	-0.39844372868538	-0.12685525417328	73.000000000000	0.0000000000000
1.2719999551773	-0.39273339509964	-0.12216283380985	73.000000000000	0.0000000000000
1.2760000228882	-0.38694959878922	-0.11763846129179	73.000000000000	0.0000000000000
1.2799999713898	-0.38109824061394	-0.11328344792128	73.000000000000	0.0000000000000
1.2840000391006	-0.37518504261971	-0.10909941792488	73.000000000000	0.0000000000000
1.2879999876022	-0.36921596527100	-0.10508690029383	73.000000000000	0.0000000000000
1.2920000553131	-0.36319687962532	-0.10124713182449	73.000000000000	0.0000000000000
1.2960000038147	-0.35713368654251	-0.097580209374428	73.000000000000	0.0000000000000
1.2999999523163	-0.35103240609169	-0.094086602330208	73.000000000000	0.0000000000000
1.3040000200272	-0.34489884972572	-0.090766258537769	73.000000000000	0.0000000000000
1.3079999685287	-0.33873897790909	-0.087618894875050	73.000000000000	0.0000000000000
1.3120000362396	-0.33255860209465	-0.084643892943859	73.000000000000	0.0000000000000
1.3159999847412	-0.32636371254921	-0.081840373575687	73.000000000000	0.0000000000000
1.3200000524521	-0.32015994191170	-0.079207532107830	73.000000000000	0.0000000000000
1.3240000009537	-0.31395289301872	-0.076744049787521	73.000000000000	0.0000000000000
1.3279999494553	-0.30774831771851	-0.074448309838772	73.000000000000	0.0000000000000
1.3320000171661	-0.30155161023140	-0.072318434715271	73.000000000000	0.0000000000000
1.3359999656677	-0.29536822438240	-0.070352539420128	73.000000000000	0.0000000000000
1.3400000333786	-0.28920343518257	-0.068548500537872	73.000000000000	0.0000000000000
1.3439999818802	-0.28306239843369	-0.066903561353683	73.000000000000	0.0000000000000
1.3480000495911	-0.27695006132126	-0.065415367484093	73.000000000000	0.0000000000000
1.3519999980927	-0.27087134122849	-0.064080767333508	73.000000000000	0.0000000000000
1.3559999465942	-0.26483076810837	-0.062896952033043	73.000000000000	0.0000000000000
1.3600000143051	-0.25883302092552	-0.061860393732786	73.000000000000	0.0000000000000
1.3639999628067	-0.25288242101669	-0.060967784374952	73.000000000000	0.0000000000000
1.3680000305176	-0.24698302149773	-0.060215465724468	73.000000000000	0.0000000000000
1.3719999790192	-0.24113875627518	-0.059599686414003	73.000000000000	0.0000000000000
1.3760000467300	-0.23535338044167	-0.059116527438164	73.000000000000	0.0000000000000
1.3799999952316	-0.22963041067123	-0.058761861175299	73.000000000000	0.0000000000000
1.3839999437332	-0.22397315502167	-0.058531537652016	73.000000000000	0.0000000000000
1.3880000114441	-0.21838463842869	-0.058421257883310	73.000000000000	0.0000000000000
1.3919999599457	-0.21286775171757	-0.058426577597857	73.000000000000	0.0000000000000
1.3960000276566	-0.20742502808571	-0.058543104678392	73.000000000000	0.0000000000000
1.3999999761581	-0.20205889642239	-0.058766070753336	73.000000000000	0.0000000000000
1.4040000438690	-0.19677141308784	-0.059090964496136	73.000000000000	0.0000000000000
1.4079999923706	-0.19156448543072	-0.059513121843338	73.000000000000	0.0000000000000
1.4119999408722	-0.18643970787525	-0.060027718544006	73.000000000000	0.0000000000000
1.4160000085831	-0.18139854073524	-0.060630038380623	73.000000000000	0.0000000000000
1.4199999570847	-0.17644202709198	-0.061315294355154	73.000000000000	0.0000000000000
1.4240000247955	-0.17157110571861	-0.062078759074211	73.000000000000	0.0000000000000
1.4279999732971	-0.16678637266159	-0.062915652990341	73.000000000000	0.0000000000000
1.4320000410080	-0.16208826005459	-0.063821248710155	73.000000000000	0.0000000000000
1.4359999895096	-0.15747691690922	-0.064790830016136	73.000000000000	0.0000000000000
1.4400000572205	-0.15295225381851	-0.065819807350636	73.000000000000	0.0000000000000
1.4440000057220	-0.14851391315460	-0.066903598606586	73.000000000000	0.0000000000000
1.4479999542236	-0.14416143298149	-0.068037629127502	73.000000000000	0.0000000000000
1.4520000219345	-0.13989393413067	-0.069217659533024	73.000000000000	0.0000000000000
1.4559999704361	-0.13571052253246	-0.070439219474792	73.000000000000	0.0000000000000
1.4600000381470	-0.13160997629166	-0.071698226034641	73.000000000000	0.0000000000000
1.4639999866486	-0.12759084999561	-0.072990559041500	73.000000000000	0.0000000000000
1.4680000543594	-0.12365158647299	-0.074312262237072	73.000000000000	0.0000000000000
1.4720000028610	-0.11979039013386	-0.075659573078156	73.000000000000	0.0000000000000
1.4759999513626	-0.11600530147552	-0.077028863132000	73.000000000000	0.0000000000000
1.4800000190735	-0.11229413747787	-0.078416623175144	73.000000000000	0.0000000000000
1.4839999675751	-0.10865469276905	-0.079819522798061	73.000000000000	0.0000000000000
1.4880000352859	-0.10508442670107	-0.081234484910965	73.000000000000	0.0000000000000
1.4919999837875	-0.10158083587885	-0.082658477127552	73.000000000000	0.0000000000000
1.4960000514984	-0.098141126334667	-0.084088824689388	73.000000000000	0.0000000000000
1.5000000000000	-0.094762548804283	-0.085522919893265	73.000000000000	0.0000000000000
1.5039999485016	-0.091442130506039	-0.086958408355713	73.000000000000	0.0000000000000
1.5080000162125	-0.088176883757114	-0.088393144309521	73.000000000000	0.0000000000000
1.5119999647141	-0.084963701665401	-0.089825168251991	73.000000000000	0.0000000000000
1.5160000324249	-0.081799335777760	-0.091252781450748	73.000000000000	0.0000000000000
1.5199999809265	-0.078680634498596	-0.092674441635609	73.000000000000	0.0000000000000
1.5240000486374	-0.075604327023029	-0.094088852405548	73.000000000000	0.0000000000000
1.5279999971390	-0.072567082941532	-0.095494970679283	73.000000000000	0.0000000000000
1.5319999456406	-0.069565556943417	-0.096891924738884	73.000000000000	0.0000000000000
1.5360000133514	-0.066596508026123	-0.098279073834419	73.000000000000	0.0000000000000
1.5399999618530	-0.063656561076641	-0.099656008183956	73.000000000000	0.0000000000000
1.5440000295639	-0.060742460191250	-0.10102256387472	73.000000000000	0.0000000000000
1.5479999780655	-0.057850893586874	-0.10237870365381	73.000000000000	0.0000000000000
1.5520000457764	-0.054978676140308	-0.10372467339039	73.000000000000	0.0000000000000
1.5559999942780	-0.052122574299574	-0.10506093502045	73.000000000000	0.0000000000000
1.5599999427795	-0.049279592931271	-0.10638811439276	73.000000000000	0.0000000000000
1.5640000104904	-0.046446643769741	-0.10770702362061	73.000000000000	0.0000000000000
1.5679999589920	-0.043620847165585	-0.10901872813702	73.000000000000	0.0000000000000
1.5720000267029	-0.040799353271723	-0.11032442003489	73.000000000000	0.0000000000000
1.5759999752045	-0.037979464977980	-0.11162551492453	73.000000000000	0.0000000000000
1.5800000429153	-0.035158544778824	-0.11292357742786	73.000000000000	0.0000000000000
1.5839999914169	-0.032334197312593	-0.11422031372786	73.000000000000	0.0000000000000
1.5880000591278	-0.029504049569368	-0.11551764607430	73.000000000000	0.0000000000000
1.5920000076294	-0.026665925979614	-0.11681760102510	73.000000000000	0.0000000000000
1.5959999561310	-0.023817852139473	-0.11812236160040	73.000000000000	0.0000000000000
1.6000000238419	-0.020957931876183	-0.11943418532610	73.000000000000	0.0000000000000
1.6039999723434	-0.018084499984980	-0.12075553834438	73.000000000000	0.0000000000000
1.6080000400543	-0.015196071937680	-0.12208892405033	73.000000000000	0.0000000000000
1.6119999885559	-0.012291256338358	-0.12343694269657	73.000000000000	0.0000000000000
1.6160000562668	-0.0093689849600196	-0.12480233609676	73.000000000000	0.0000000000000
1.6200000047684	-0.0064282221719623	-0.12618786096573	73.000000000000	0.0000000000000
1.6239999532700	-0.0034682897385210	-0.12759634852409	73.000000000000	0.0000000000000
1.6280000209808	-0.00048859679372981	-0.12903073430061	73.000000000000	0.0000000000000
1.6319999694824	0.0025112065486610	-0.13049390912056	73.000000000000	0.0000000000000
1.6360000371933	0.0055312798358500	-0.13198885321617	73.000000000000	0.0000000000000
1.6399999856949	0.0085716117173433	-0.13351850211620	73.000000000000	0.0000000000000
1.6440000534058	0.011631946079433	-0.13508586585522	73.000000000000	0.0000000000000
1.6480000019073	0.014711828902364	-0.13669387996197	73.000000000000	0.0000000000000
1.6519999504089	0.017810592427850	-0.13834550976753	73.000000000000	0.0000000000000
1.6560000181198	0.020927414298058	-0.14004364609718	73.000000000000	0.0000000000000
1.6599999666214	0.024061234667897	-0.14179114997387	73.000000000000	0.0000000000000
1.6640000343323	0.027210872620344	-0.14359088242054	73.000000000000	0.0000000000000
1.6679999828339	0.030374897643924	-0.14544554054737	73.000000000000	0.0000000000000
1.6720000505447	0.033551592379808	-0.14735779166222	73.000000000000	0.0000000000000
1.6759999990463	0.036739341914654	-0.14933022856712	73.000000000000	0.0000000000000
1.6799999475479	0.039936129003763	-0.15136532485485	73.000000000000	0.0000000000000
1.6840000152588	0.043139770627022	-0.15346543490887	73.000000000000	0.0000000000000
1.6879999637604	0.046348061412573	-0.15563283860683	73.000000000000	0.0000000000000
1.6920000314713	0.049558505415916	-0.15786963701248	73.000000000000	0.0000000000000
1.6959999799728	0.052768569439650	-0.16017784178257	73.000000000000	0.0000000000000
1.7000000476837	0.055975507944822	-0.16255928575993	73.000000000000	0.0000000000000
1.7039999961853	0.059176489710808	-0.16501566767693	73.000000000000	0.0000000000000
1.7079999446869	0.062368519604206	-0.16754850745201	73.000000000000	0.0000000000000
1.7120000123978	0.065548591315746	-0.17015919089317	73.000000000000	0.0000000000000
1.7159999608994	0.068713426589966	-0.17284889519215	73.000000000000	0.0000000000000
1.7200000286102	0.071859829127789	-0.17561866343021	73.000000000000	0.0000000000000
1.7239999771118	0.074984446167946	-0.17846933007240	73.000000000000	0.0000000000000
1.7280000448227	0.078083842992783	-0.18140153586864	73.000000000000	0.0000000000000
1.7319999933243	0.081154584884644	-0.18441575765610	73.000000000000	0.0000000000000
1.7359999418259	0.084193110466003	-0.18751224875450	73.000000000000	0.0000000000000
1.7400000095367	0.087195910513401	-0.19069112837315	73.000000000000	0.0000000000000
1.7439999580383	0.090159319341183	-0.19395223259926	73.000000000000	0.0000000000000
1.7480000257492	0.093079879879951	-0.19729524850845	73.000000000000	0.0000000000000
1.7519999742508	0.095953933894634	-0.20071966946125	73.000000000000	0.0000000000000
1.7560000419617	0.098777838051319	-0.20422479510307	73.000000000000	0.0000000000000
1.7599999904633	0.10154809802771	-0.20780971646309	73.000000000000	0.0000000000000
1.7640000581741	0.10426118969917	-0.21147328615189	73.000000000000	0.0000000000000
1.7680000066757	0.10691357403994	-0.21521425247192	73.000000000000	0.0000000000000
1.7719999551773	0.10950183123350	-0.21903109550476	73.000000000000	0.0000000000000
1.7760000228882	0.11202262341976	-0.22292217612267	73.000000000000	0.0000000000000
1.7799999713898	0.11447264254093	-0.22688561677933	73.000000000000	0.0000000000000
1.7840000391006	0.11684861779213	-0.23091936111450	73.000000000000	0.0000000000000
1.7879999876022	0.11914752423763	-0.23502117395401	73.000000000000	0.0000000000000
1.7920000553131	0.12136632204056	-0.23918880522251	73.000000000000	0.0000000000000
1.7960000038147	0.12350202351809	-0.24341954290867	73.000000000000	0.0000000000000
1.7999999523163	0.12555190920830	-0.24771079421043	73.000000000000	0.0000000000000
1.8040000200272	0.12751340866089	-0.25205969810486	73.000000000000	0.0000000000000
1.8079999685287	0.12938386201859	-0.25646331906319	73.000000000000	0.0000000000000
1.8120000362396	0.13116104900837	-0.26091846823692	73.000000000000	0.0000000000000
1.8159999847412	0.13284265995026	-0.26542189717293	73.000000000000	0.0000000000000
1.8200000524521	0.13442674279213	-0.26997032761574	73.000000000000	0.0000000000000
1.8240000009537	0.13591125607491	-0.27456024289131	73.000000000000	0.0000000000000
1.8279999494553	0.13729451596737	-0.27918815612793	73.000000000000	0.0000000000000
1.8320000171661	0.13857509195805	-0.28385031223297	73.000000000000	0.0000000000000
1.8359999656677	0.13975152373314	-0.28854304552078	73.000000000000	0.0000000000000
1.8400000333786	0.14082266390324	-0.29326260089874	73.000000000000	0.0000000000000
1.8439999818802	0.14178755879402	-0.29800507426262	73.000000000000	0.0000000000000
1.8480000495911	0.14264529943466	-0.30276665091515	73.000000000000	0.0000000000000
1.8519999980927	0.14339536428452	-0.30754333734512	73.000000000000	0.0000000000000
1.8559999465942	0.14403715729713	-0.31233116984367	73.000000000000	0.0000000000000
1.8600000143051	0.14457075297832	-0.31712627410889	73.000000000000	0.0000000000000
1.8639999628067	0.14499589800835	-0.32192453742027	73.000000000000	0.0000000000000
1.8680000305176	0.14531269669533	-0.32672211527824	73.000000000000	0.0000000000000
1.8719999790192	0.14552168548107	-0.33151495456696	73.000000000000	0.0000000000000
1.8760000467300	0.14562320709229	-0.33629924058914	73.000000000000	0.0000000000000
1.8799999952316	0.14561815559864	-0.34107100963593	73.000000000000	0.0000000000000
1.8839999437332	0.14550729095936	-0.34582638740540	73.000000000000	0.0000000000000
1.8880000114441	0.14529174566269	-0.35056167840958	73.000000000000	0.0000000000000
1.8919999599457	0.14497284591198	-0.35527306795120	73.000000000000	0.0000000000000
1.8960000276566	0.14455188810825	-0.35995700955391	73.000000000000	0.0000000000000
1.8999999761581	0.14403067529202	-0.36460986733437	73.000000000000	0.0000000000000
1.9040000438690	0.14341089129448	-0.36922818422318	73.000000000000	0.0000000000000
1.9079999923706	0.14269444346428	-0.37380862236023	73.000000000000	0.0000000000000
1.9119999408722	0.14188329875469	-0.37834793329239	73.000000000000	0.0000000000000
1.9160000085831	0.14097996056080	-0.38284286856651	73.000000000000	0.0000000000000
1.9199999570847	0.13998655974865	-0.38729050755501	73.000000000000	0.0000000000000
1.9240000247955	0.13890552520752	-0.39168792963028	73.000000000000	0.0000000000000
1.9279999732971	0.13773965835571	-0.39603233337402	73.000000000000	0.0000000000000
1.9320000410080	0.13649164140224	-0.40032118558884	73.000000000000	0.0000000000000
1.9359999895096	0.13516421616077	-0.40455198287964	73.000000000000	0.0000000000000
1.9400000572205	0.13376049697399	-0.40872240066528	73.000000000000	0.0000000000000
1.9440000057220	0.13228327035904	-0.41283032298088	73.000000000000	0.0000000000000
1.9479999542236	0.13073587417603	-0.41687360405922	73.000000000000	0.0000000000000
1.9520000219345	0.12912124395370	-0.42085057497025	73.000000000000	0.0000000000000
1.9559999704361	0.12744268774986	-0.42475953698158	73.000000000000	0.0000000000000
1.9600000381470	0.12570351362228	-0.42859894037247	73.000000000000	0.0000000000000
1.9639999866486	0.12390708178282	-0.43236744403839	73.000000000000	0.0000000000000
1.9680000543594	0.12205665558577	-0.43606391549110	73.000000000000	0.0000000000000
1.9720000028610	0.12015573680401	-0.43968731164932	73.000000000000	0.0000000000000
1.9759999513626	0.11820770800114	-0.44323688745499	73.000000000000	0.0000000000000
1.9800000190735	0.11621579527855	-0.44671189785004	73.000000000000	0.0000000000000
1.9839999675751	0.11418373137712	-0.45011195540428	73.000000000000	0.0000000000000
1.9880000352859	0.11211456358433	-0.45343664288521	73.000000000000	0.0000000000000
1.9919999837875	0.11001192778349	-0.45668587088585	73.000000000000	0.0000000000000
1.9960000514984	0.10787904262543	-0.45985963940620	73.000000000000	0.0000000000000
2.0000000000000	0.10571909695864	-0.46295818686485	73.000000000000	0.0000000000000
2.0039999485016	0.10353558510542	-0.46598169207573	73.000000000000	0.0000000000000
2.0079998970032	0.10133161395788	-0.46893072128296	73.000000000000	0.0000000000000
2.0120000839233	0.099110297858715	-0.47180593013763	73.000000000000	0.0000000000000
2.0160000324249	0.096874631941319	-0.47460803389549	73.000000000000	0.0000000000000
2.0199999809265	0.094627745449543	-0.47733801603317	73.000000000000	0.0000000000000
2.0239999294281	0.092372477054596	-0.47999686002731	73.000000000000	0.0000000000000
2.0280001163483	0.090111732482910	-0.48258578777313	73.000000000000	0.0000000000000
2.0320000648499	0.087848231196404	-0.48510599136353	73.000000000000	0.0000000000000
2.0360000133514	0.085584461688995	-0.48755899071693	73.000000000000	0.0000000000000
2.0399999618530	0.083322972059250	-0.48994624614716	73.000000000000	0.0000000000000
2.0439999103546	0.081066310405731	-0.49226936697960	73.000000000000	0.0000000000000
2.0480000972748	0.078816771507263	-0.49453017115593	73.000000000000	0.0000000000000
2.0520000457764	0.076576441526413	-0.49673029780388	73.000000000000	0.0000000000000
2.0559999942780	0.074347391724586	-0.49887174367905	73.000000000000	0.0000000000000
2.0599999427795	0.072131551802158	-0.50095641613007	73.000000000000	0.0000000000000
2.0639998912811	0.069930769503117	-0.50298625230789	73.000000000000	0.0000000000000
2.0680000782013	0.067746505141258	-0.50496351718903	73.000000000000	0.0000000000000
2.0720000267029	0.065580643713474	-0.50689017772675	73.000000000000	0.0000000000000
2.0759999752045	0.063434436917305	-0.50876849889755	73.000000000000	0.0000000000000
2.0799999237061	0.061309162527323	-0.51060056686401	73.000000000000	0.0000000000000
2.0840001106262	0.059205852448940	-0.51238864660263	73.000000000000	0.0000000000000
2.0880000591278	0.057125698775053	-0.51413506269455	73.000000000000	0.0000000000000
2.0920000076294	0.055069610476494	-0.51584202051163	73.000000000000	0.0000000000000
2.0959999561310	0.053038183599710	-0.51751178503036	73.000000000000	0.0000000000000
2.0999999046326	0.051032204180956	-0.51914638280869	73.000000000000	0.0000000000000
2.1040000915527	0.049051847308874	-0.52074855566025	73.000000000000	0.0000000000000
2.1080000400543	0.047097887843847	-0.52232003211975	73.000000000000	0.0000000000000
2.1119999885559	0.045170255005360	-0.52386337518692	73.000000000000	0.0000000000000
2.1159999370575	0.043269284069538	-0.52538049221039	73.000000000000	0.0000000000000
2.1199998855591	0.041394919157028	-0.52687364816666	73.000000000000	0.0000000000000
2.1240000724792	0.039547037333250	-0.52834486961365	73.000000000000	0.0000000000000
2.1280000209808	0.037725470960140	-0.52979636192322	73.000000000000	0.0000000000000
2.1319999694824	0.035929769277573	-0.53122991323471	73.000000000000	0.0000000000000
2.1359999179840	0.034159801900387	-0.53264749050140	73.000000000000	0.0000000000000
2.1400001049042	0.032414779067039	-0.53405112028122	73.000000000000	0.0000000000000
2.1440000534058	0.030694372951984	-0.53544253110886	73.000000000000	0.0000000000000
2.1480000019073	0.028997568413615	-0.53682327270508	73.000000000000	0.0000000000000
2.1519999504089	0.027323976159096	-0.53819513320923	73.000000000000	0.0000000000000
2.1559998989105	0.025672515854239	-0.53955966234207	73.000000000000	0.0000000000000
2.1600000858307	0.024042339995503	-0.54091852903366	73.000000000000	0.0000000000000
2.1640000343323	0.022432427853346	-0.54227286577225	73.000000000000	0.0000000000000
2.1679999828339	0.020841998979449	-0.54362410306931	73.000000000000	0.0000000000000
2.1719999313354	0.019269850105047	-0.54497343301773	73.000000000000	0.0000000000000
2.1760001182556	0.017714753746986	-0.54632216691971	73.000000000000	0.0000000000000
2.1800000667572	0.016175843775272	-0.54767119884491	73.000000000000	0.0000000000000
2.1840000152588	0.014651712030172	-0.54902154207230	73.000000000000	0.0000000000000
2.1879999637604	0.013141183182597	-0.55037391185760	73.000000000000	0.0000000000000
2.1919999122620	0.011643062345684	-0.55172938108444	73.000000000000	0.0000000000000
2.1960000991821	0.010156003758311	-0.55308842658997	73.000000000000	0.0000000000000
2.2000000476837	0.0086791701614857	-0.55445164442062	73.000000000000	0.0000000000000
2.2039999961853	0.0072107780724764	-0.55581963062286	73.000000000000	0.0000000000000
2.2079999446869	0.0057499576359987	-0.55719280242920	73.000000000000	0.0000000000000
2.2119998931885	0.0042952899821103	-0.55857133865356	73.000000000000	0.0000000000000
2.2160000801086	0.0028456102591008	-0.55995571613312	73.000000000000	0.0000000000000
2.2200000286102	0.0013997374335304	-0.56134599447250	73.000000000000	0.0000000000000
2.2239999771118	-4.3653861212078e-05	-0.56274217367172	73.000000000000	0.0000000000000
2.2279999256134	-0.0014854986220598	-0.56414443254471	73.000000000000	0.0000000000000
2.2320001125336	-0.0029272790998220	-0.56555259227753	73.000000000000	0.0000000000000
2.2360000610352	-0.0043696803040802	-0.56696665287018	73.000000000000	0.0000000000000
2.2400000095367	-0.0058139315806329	-0.56838619709015	73.000000000000	0.0000000000000
2.2439999580383	-0.0072611374780536	-0.56981122493744	73.000000000000	0.0000000000000
2.2479999065399	-0.0087121352553368	-0.57124119997025	73.000000000000	0.0000000000000
2.2520000934601	-0.010167905129492	-0.57267594337463	73.000000000000	0.0000000000000
2.2560000419617	-0.011629293672740	-0.57411479949951	73.000000000000	0.0000000000000
2.2599999904633	-0.013097149319947	-0.57555758953094	73.000000000000	0.0000000000000
2.2639999389648	-0.014572191052139	-0.57700365781784	73.000000000000	0.0000000000000
2.2679998874664	-0.016055269166827	-0.57845234870911	73.000000000000	0.0000000000000
2.2720000743866	-0.017546828836203	-0.57990330457687	73.000000000000	0.0000000000000
2.2760000228882	-0.019047586247325	-0.58135581016541	73.000000000000	0.0000000000000
2.2799999713898	-0.020557984709740	-0.58280920982361	73.000000000000	0.0000000000000
2.2839999198914	-0.022078597918153	-0.58426296710968	73.000000000000	0.0000000000000
2.2880001068115	-0.023609865456820	-0.58571618795395	73.000000000000	0.0000000000000
2.2920000553131	-0.025151940062642	-0.58716851472855	73.000000000000	0.0000000000000
2.2960000038147	-0.026705393567681	-0.58861905336380	73.000000000000	0.0000000000000
2.2999999523163	-0.028270369395614	-0.59006708860397	73.000000000000	0.0000000000000
2.3039999008179	-0.029846876859665	-0.59151214361191	73.000000000000	0.0000000000000
2.3080000877380	-0.031435180455446	-0.59295332431793	73.000000000000	0.0000000000000
2.3120000362396	-0.033035289496183	-0.59439021348953	73.000000000000	0.0000000000000
2.3159999847412	-0.034647464752197	-0.59582191705704	73.000000000000	0.0000000000000
2.3199999332428	-0.036271542310715	-0.59724789857864	73.000000000000	0.0000000000000
2.3239998817444	-0.037907365709543	-0.59866756200790	73.000000000000	0.0000000000000
2.3280000686646	-0.039554756134748	-0.60008031129837	73.000000000000	0.0000000000000
2.3320000171661	-0.041213672608137	-0.60148555040359	73.000000000000	0.0000000000000
2.3359999656677	-0.042883940041065	-0.60288274288177	73.000000000000	0.0000000000000
2.3399999141693	-0.044565230607986	-0.60427141189575	73.000000000000	0.0000000000000
2.3440001010895	-0.046257343143225	-0.60565114021301	73.000000000000	0.0000000000000
2.3480000495911	-0.047959942370653	-0.60702127218246	73.000000000000	0.0000000000000
2.3519999980927	-0.049672681838274	-0.60838168859482	73.000000000000	0.0000000000000
2.3559999465942	-0.051395215094090	-0.60973191261292	73.000000000000	0.0000000000000
2.3599998950958	-0.053127180784941	-0.61107158660889	73.000000000000	0.0000000000000
2.3640000820160	-0.054868225008249	-0.61240041255951	73.000000000000	0.0000000000000
2.3680000305176	-0.056617695838213	-0.61371821165085	73.000000000000	0.0000000000000
2.3719999790192	-0.058375533670187	-0.61502480506897	73.000000000000	0.0000000000000
2.3759999275208	-0.060141075402498	-0.61631995439529	73.000000000000	0.0000000000000
2.3800001144409	-0.061913955956697	-0.61760360002518	73.000000000000	0.0000000000000
2.3840000629425	-0.063693806529045	-0.61887556314468	73.000000000000	0.0000000000000
2.3880000114441	-0.065480135381222	-0.62013602256775	73.000000000000	0.0000000000000
2.3919999599457	-0.067272566258907	-0.62138485908508	73.000000000000	0.0000000000000
2.3959999084473	-0.069070726633072	-0.62262201309204	73.000000000000	0.0000000000000
2.4000000953674	-0.070873968303204	-0.62384766340256	73.000000000000	0.0000000000000
2.4040000438690	-0.072682239115238	-0.62506198883057	73.000000000000	0.0000000000000
2.4079999923706	-0.074495024979115	-0.62626510858536	73.000000000000	0.0000000000000
2.4119999408722	-0.076312124729156	-0.62745714187622	73.000000000000	0.0000000000000
2.4159998893738	-0.078133024275303	-0.62863832712173	73.000000000000	0.0000000000000
2.4200000762939	-0.079957559704781	-0.62980902194977	73.000000000000	0.0000000000000
2.4240000247955	-0.081785343587399	-0.63096928596497	73.000000000000	0.0000000000000
2.4279999732971	-0.083616375923157	-0.63211959600449	73.000000000000	0.0000000000000
2.4319999217987	-0.085450313985348	-0.63326013088226	73.000000000000	0.0000000000000
2.4360001087189	-0.087286956608295	-0.63439124822617	73.000000000000	0.0000000000000
2.4400000572205	-0.089126154780388	-0.63551330566406	73.000000000000	0.0000000000000
2.4440000057220	-0.090968035161495	-0.63662660121918	73.000000000000	0.0000000000000
2.4479999542236	-0.092812441289425	-0.63773167133331	73.000000000000	0.0000000000000
2.4519999027252	-0.094659194350243	-0.63882869482040	73.000000000000	0.0000000000000
2.4560000896454	-0.096508473157883	-0.63991820812225	73.000000000000	0.0000000000000
2.4600000381470	-0.098360396921635	-0.64100039005280	73.000000000000	0.0000000000000
2.4639999866486	-0.10021486133337	-0.64207565784454	73.000000000000	0.0000000000000
2.4679999351501	-0.10207214206457	-0.64314448833466	73.000000000000	0.0000000000000
2.4719998836517	-0.10393229126930	-0.64420711994171	73.000000000000	0.0000000000000
2.4760000705719	-0.10579576343298	-0.64526391029358	73.000000000000	0.0000000000000
2.4800000190735	-0.10766258835793	-0.64631509780884	73.000000000000	0.0000000000000
2.4839999675751	-0.10953310877085	-0.64736115932465	73.000000000000	0.0000000000000
2.4879999160767	-0.11140765994787	-0.64840227365494	73.000000000000	0.0000000000000
2.4920001029968	-0.11328643560410	-0.64943867921829	73.000000000000	0.0000000000000
2.4960000514984	-0.11517004668713	-0.65047055482864	73.000000000000	0.0000000000000
2.5000000000000	-0.11705888807774	-0.65149819850922	73.000000000000	0.0000000000000
2.5039999485016	-0.11895312368870	-0.65252178907394	73.000000000000	0.0000000000000
2.5079998970032	-0.12085324525833	-0.65354132652283	73.000000000000	0.0000000000000
2.5120000839233	-0.12276008725166	-0.65455698966980	73.000000000000	0.0000000000000
2.5160000324249	-0.12467380613089	-0.65556877851486	73.000000000000	0.0000000000000
2.5199999809265	-0.12659493088722	-0.65657675266266	73.000000000000	0.0000000000000
2.5239999294281	-0.12852407991886	-0.65758085250854	73.000000000000	0.0000000000000
2.5280001163483	-0.13046163320541	-0.65858107805252	73.000000000000	0.0000000000000
2.5320000648499	-0.13240835070610	-0.65957725048065	73.000000000000	0.0000000000000
2.5360000133514	-0.13436459004879	-0.66056931018829	73.000000000000	0.0000000000000
2.5399999618530	-0.13633096218109	-0.66155683994293	73.000000000000	0.0000000000000
2.5439999103546	-0.13830780982971	-0.66253989934921	73.000000000000	0.0000000000000
2.5480000972748	-0.14029607176781	-0.66351789236069	73.000000000000	0.0000000000000
2.5520000457764	-0.14229589700699	-0.66449075937271	73.000000000000	0.0000000000000
2.5559999942780	-0.14430786669254	-0.66545796394348	73.000000000000	0.0000000000000
2.5599999427795	-0.14633248746395	-0.66641908884048	73.000000000000	0.0000000000000
2.5639998912811	-0.14837029576302	-0.66737377643585	73.000000000000	0.0000000000000
2.5680000782013	-0.15042157471180	-0.66832137107849	73.000000000000	0.0000000000000
2.5720000267029	-0.15248695015907	-0.66926145553589	73.000000000000	0.0000000000000
2.5759999752045	-0.15456663072109	-0.67019337415695	73.000000000000	0.0000000000000
2.5799999237061	-0.15666118264198	-0.67111659049988	73.000000000000	0.0000000000000
2.5840001106262	-0.15877066552639	-0.67203027009964	73.000000000000	0.0000000000000
2.5880000591278	-0.16089548170567	-0.67293393611908	73.000000000000	0.0000000000000
2.5920000076294	-0.16303613781929	-0.67382675409317	73.000000000000	0.0000000000000
2.5959999561310	-0.16519235074520	-0.67470794916153	73.000000000000	0.0000000000000
2.5999999046326	-0.16736479103565	-0.67557686567307	73.000000000000	0.0000000000000
2.6040000915527	-0.16955311596394	-0.67643254995346	73.000000000000	0.0000000000000
2.6080000400543	-0.17175765335560	-0.67727428674698	73.000000000000	0.0000000000000
2.6119999885559	-0.17397855222225	-0.67810112237930	73.000000000000	0.0000000000000
2.6159999370575	-0.17621527612209	-0.67891246080399	73.000000000000	0.0000000000000
2.6199998855591	-0.17846828699112	-0.67970722913742	73.000000000000	0.0000000000000
2.6240000724792	-0.18073715269566	-0.68048447370529	73.000000000000	0.0000000000000
2.6280000209808	-0.18302185833454	-0.68124359846115	73.000000000000	0.0000000000000
2.6319999694824	-0.18532212078571	-0.68198353052139	73.000000000000	0.0000000000000
2.6359999179840	-0.18763750791550	-0.68270343542099	73.000000000000	0.0000000000000
2.6400001049042	-0.18996773660183	-0.68340241909027	73.000000000000	0.0000000000000
2.6440000534058	-0.19231237471104	-0.68407976627350	73.000000000000	0.0000000000000
2.6480000019073	-0.19467110931873	-0.68473452329636	73.000000000000	0.0000000000000
2.6519999504089	-0.19704316556454	-0.68536585569382	73.000000000000	0.0000000000000
2.6559998989105	-0.19942830502987	-0.68597286939621	73.000000000000	0.0000000000000
2.6600000858307	-0.20182564854622	-0.68655508756638	73.000000000000	0.0000000000000
2.6640000343323	-0.20423445105553	-0.68711149692535	73.000000000000	0.0000000000000
2.6679999828339	-0.20665435492992	-0.68764150142670	73.000000000000	0.0000000000000
2.6719999313354	-0.20908440649509	-0.68814426660538	73.000000000000	0.0000000000000
2.6760001182556	-0.21152350306511	-0.68861931562424	73.000000000000	0.0000000000000
2.6800000667572	-0.21397097408772	-0.68906599283218	73.000000000000	0.0000000000000
2.6840000152588	-0.21642614901066	-0.68948364257812	73.000000000000	0.0000000000000
2.6879999637604	-0.21888814866543	-0.68987184762955	73.000000000000	0.0000000000000
2.6919999122620	-0.22135558724403	-0.69023007154465	73.000000000000	0.0000000000000
2.6960000991821	-0.22382773458958	-0.69055795669556	73.000000000000	0.0000000000000
2.7000000476837	-0.22630324959755	-0.69085508584976	73.000000000000	0.0000000000000
2.7039999961853	-0.22878155112267	-0.69112110137939	73.000000000000	0.0000000000000
2.7079999446869	-0.23126097023487	-0.69135594367981	73.000000000000	0.0000000000000
2.7119998931885	-0.23374116420746	-0.69155907630920	73.000000000000	0.0000000000000
2.7160000801086	-0.23622038960457	-0.69173061847687	73.000000000000	0.0000000000000
2.7200000286102	-0.23869732022285	-0.69187057018280	73.000000000000	0.0000000000000
2.7239999771118	-0.24117161333561	-0.69197863340378	73.000000000000	0.0000000000000
2.7279999256134	-0.24364161491394	-0.69205498695374	73.000000000000	0.0000000000000
2.7320001125336	-0.24610632658005	-0.69209975004196	73.000000000000	0.0000000000000
2.7360000610352	-0.24856445193291	-0.69211316108704	73.000000000000	0.0000000000000
2.7400000095367	-0.25101467967033	-0.69209539890289	73.000000000000	0.0000000000000
2.7439999580383	-0.25345641374588	-0.69204664230347	73.000000000000	0.0000000000000
2.7479999065399	-0.25588810443878	-0.69196748733521	73.000000000000	0.0000000000000
2.7520000934601	-0.25830876827240	-0.69185817241669	73.000000000000	0.0000000000000
2.7560000419617	-0.26071757078171	-0.69171911478043	73.000000000000	0.0000000000000
2.7599999904633	-0.26311329007149	-0.69155102968216	73.000000000000	0.0000000000000
2.7639999389648	-0.26549443602562	-0.69135451316833	73.000000000000	0.0000000000000
2.7679998874664	-0.26786050200462	-0.69113010168076	73.000000000000	0.0000000000000
2.7720000743866	-0.27021041512489	-0.69087868928909	73.000000000000	0.0000000000000
2.7760000228882	-0.27254334092140	-0.69060087203979	73.000000000000	0.0000000000000
2.7799999713898	-0.27485856413841	-0.69029742479324	73.000000000000	0.0000000000000
2.7839999198914	-0.27715474367142	-0.68996936082840	73.000000000000	0.0000000000000
2.7880001068115	-0.27943143248558	-0.68961745500565	73.000000000000	0.0000000000000
2.7920000553131	-0.28168767690659	-0.68924289941788	73.000000000000	0.0000000000000
2.7960000038147	-0.28392320871353	-0.68884634971619	73.000000000000	0.0000000000000
2.7999999523163	-0.28613707423210	-0.68842899799347	73.000000000000	0.0000000000000
2.8039999008179	-0.28832864761353	-0.68799185752869	73.000000000000	0.0000000000000
2.8080000877380	-0.29049769043922	-0.68753594160080	73.000000000000	0.0000000000000
2.8120000362396	-0.29264339804649	-0.68706250190735	73.000000000000	0.0000000000000
2.8159999847412	-0.29476565122604	-0.68657261133194	73.000000000000	0.0000000000000
2.8199999332428	-0.29686418175697	-0.68606734275818	73.000000000000	0.0000000000000
2.8239998817444	-0.29893830418587	-0.68554806709290	73.000000000000	0.0000000000000
2.8280000686646	-0.30098852515221	-0.68501561880112	73.000000000000	0.0000000000000
2.8320000171661	-0.30301380157471	-0.68447148799896	73.000000000000	0.0000000000000
2.8359999656677	-0.30501472949982	-0.68391656875610	73.000000000000	0.0000000000000
2.8399999141693	-0.30699133872986	-0.68335223197937	73.000000000000	0.0000000000000
2.8440001010895	-0.30894356966019	-0.68277955055237	73.000000000000	0.0000000000000
2.8480000495911	-0.31087142229080	-0.68219971656799	73.000000000000	0.0000000000000
2.8519999980927	-0.31277492642403	-0.68161398172379	73.000000000000	0.0000000000000
2.8559999465942	-0.31465452909470	-0.68102347850800	73.000000000000	0.0000000000000
2.8599998950958	-0.31651082634926	-0.68042898178101	73.000000000000	0.0000000000000
2.8640000820160	-0.31834363937378	-0.67983198165894	73.000000000000	0.0000000000000
2.8680000305176	-0.32015398144722	-0.67923325300217	73.000000000000	0.0000000000000
2.8719999790192	-0.32194197177887	-0.67863392829895	73.000000000000	0.0000000000000
2.8759999275208	-0.32370832562447	-0.67803502082825	73.000000000000	0.0000000000000
2.8800001144409	-0.32545351982117	-0.67743748426437	73.000000000000	0.0000000000000
2.8840000629425	-0.32717826962471	-0.67684215307236	73.000000000000	0.0000000000000
2.8880000114441	-0.32888334989548	-0.67624998092651	73.000000000000	0.0000000000000
2.8919999599457	-0.33056953549385	-0.67566168308258	73.000000000000	0.0000000000000
2.8959999084473	-0.33223718404770	-0.67507815361023	73.000000000000	0.0000000000000
2.9000000953674	-0.33388772606850	-0.67449998855591	73.000000000000	0.0000000000000
2.9040000438690	-0.33552163839340	-0.67392802238464	73.000000000000	0.0000000000000
2.9079999923706	-0.33713990449905	-0.67336267232895	73.000000000000	0.0000000000000
2.9119999408722	-0.33874353766441	-0.67280453443527	73.000000000000	0.0000000000000
2.9159998893738	-0.34033304452896	-0.67225432395935	73.000000000000	0.0000000000000
2.9200000762939	-0.34191000461578	-0.67171216011047	73.000000000000	0.0000000000000
2.9240000247955	-0.34347510337830	-0.67117857933044	73.000000000000	0.0000000000000
2.9279999732971	-0.34502941370010	-0.67065382003784	73.000000000000	0.0000000000000
2.9319999217987	-0.34657379984856	-0.67013829946518	73.000000000000	0.0000000000000
2.9360001087189	-0.34810954332352	-0.66963189840317	73.000000000000	0.0000000000000
2.9400000572205	-0.34963706135750	-0.66913533210754	73.000000000000	0.0000000000000
2.9440000057220	-0.35115808248520	-0.66864800453186	73.000000000000	0.0000000000000
2.9479999542236	-0.35267326235771	-0.66817027330399	73.000000000000	0.0000000000000
2.9519999027252	-0.35418343544006	-0.66770213842392	73.000000000000	0.0000000000000
2.9560000896454	-0.35569006204605	-0.66724318265915	73.000000000000	0.0000000000000
2.9600000381470	-0.35719367861748	-0.66679352521896	73.000000000000	0.0000000000000
2.9639999866486	-0.35869538784027	-0.66635286808014	73.000000000000	0.0000000000000
2.9679999351501	-0.36019590497017	-0.66592091321945	73.000000000000	0.0000000000000
2.9719998836517	-0.36169666051865	-0.66549718379974	73.000000000000	0.0000000000000
2.9760000705719	-0.36319801211357	-0.66508150100708	73.000000000000	0.0000000000000
2.9800000190735	-0.36470106244087	-0.66467338800430	73.000000000000	0.0000000000000
2.9839999675751	-0.36620670557022	-0.66427224874496	73.000000000000	0.0000000000000
2.9879999160767	-0.36771523952484	-0.66387772560120	73.000000000000	0.0000000000000
2.9920001029968	-0.36922764778137	-0.66348916292191	73.000000000000	0.0000000000000
2.9960000514984	-0.37074476480484	-0.66310584545135	73.000000000000	0.0000000000000
3.0000000000000	-0.37226721644402	-0.66272723674774	73.000000000000	0.0000000000000
3.0039999485016	-0.37379515171051	-0.66235280036926	73.000000000000	0.0000000000000
3.0079998970032	-0.37532976269722	-0.66198152303696	73.000000000000	0.0000000000000
3.0120000839233	-0.37687119841576	-0.66161286830902	73.000000000000	0.0000000000000
3.0160000324249	-0.37841990590096	-0.66124606132507	73.000000000000	0.0000000000000
3.0199999809265	-0.37997633218765	-0.66088026762009	73.000000000000	0.0000000000000
3.0239999294281	-0.38154065608978	-0.66051495075226	73.000000000000	0.0000000000000
3.0280001163483	-0.38311338424683	-0.66014885902405	73.000000000000	0.0000000000000
3.0320000648499	-0.38469472527504	-0.65978145599365	73.000000000000	0.0000000000000
3.0360000133514	-0.38628473877907	-0.65941196680069	73.000000000000	0.0000000000000
3.0399999618530	-0.38788369297981	-0.65903949737549	73.000000000000	0.0000000000000
3.0439999103546	-0.38949128985405	-0.65866321325302	73.000000000000	0.0000000000000
3.0480000972748	-0.39110794663429	-0.65828251838684	73.000000000000	0.0000000000000
3.0520000457764	-0.39273372292519	-0.65789604187012	73.000000000000	0.0000000000000
3.0559999942780	-0.39436817169189	-0.65750348567963	73.000000000000	0.0000000000000
3.0599999427795	-0.39601108431816	-0.65710395574570	73.000000000000	0.0000000000000
3.0639998912811	-0.39766293764114	-0.65669661760330	73.000000000000	0.0000000000000
3.0680000782013	-0.39932313561440	-0.65628069639206	73.000000000000	0.0000000000000
3.0720000267029	-0.40099111199379	-0.65585571527481	73.000000000000	0.0000000000000
3.0759999752045	-0.40266704559326	-0.65542060136795	73.000000000000	0.0000000000000
3.0799999237061	-0.40435028076172	-0.65497499704361	73.000000000000	0.0000000000000
3.0840001106262	-0.40604037046432	-0.65451812744141	73.000000000000	0.0000000000000
3.0880000591278	-0.40773725509644	-0.65404933691025	73.000000000000	0.0000000000000
3.0920000076294	-0.40943992137909	-0.65356838703156	73.000000000000	0.0000000000000
3.0959999561310	-0.41114866733551	-0.65307414531708	73.000000000000	0.0000000000000
3.0999999046326	-0.41286203265190	-0.65256679058075	73.000000000000	0.0000000000000
3.1040000915527	-0.41458040475845	-0.65204524993896	73.000000000000	0.0000000000000
3.1080000400543	-0.41630265116692	-0.65150940418243	73.000000000000	0.0000000000000
3.1119999885559	-0.41802817583084	-0.65095901489258	73.000000000000	0.0000000000000
3.1159999370575	-0.41975662112236	-0.65039354562759	73.000000000000	0.0000000000000
3.1199998855591	-0.42148730158806	-0.64981269836426	73.000000000000	0.0000000000000
3.1240000724792	-0.42321988940239	-0.64921611547470	73.000000000000	0.0000000000000
3.1280000209808	-0.42495316267014	-0.64860409498215	73.000000000000	0.0000000000000
3.1319999694824	-0.42668676376343	-0.64797598123550	73.000000000000	0.0000000000000
3.1359999179840	-0.42842006683350	-0.64733189344406	73.000000000000	0.0000000000000
3.1400001049042	-0.43015259504318	-0.64667177200317	73.000000000000	0.0000000000000
3.1440000534058	-0.43188366293907	-0.64599525928497	73.000000000000	0.0000000000000
3.1480000019073	-0.43361282348633	-0.64530259370804	73.000000000000	0.0000000000000
3.1519999504089	-0.43533918261528	-0.64459395408630	73.000000000000	0.0000000000000
3.1559998989105	-0.43706223368645	-0.64386928081512	73.000000000000	0.0000000000000
3.1600000858307	-0.43878111243248	-0.64312893152237	73.000000000000	0.0000000000000
3.1640000343323	-0.44049605727196	-0.64237248897552	73.000000000000	0.0000000000000
3.1679999828339	-0.44220563769341	-0.64160096645355	73.000000000000	0.0000000000000
3.1719999313354	-0.44391039013863	-0.64081364870071	73.000000000000	0.0000000000000
3.1760001182556	-0.44560891389847	-0.64001154899597	73.000000000000	0.0000000000000
3.1800000667572	-0.44730088114738	-0.63919484615326	73.000000000000	0.0000000000000
3.1840000152588	-0.44898653030396	-0.63836342096329	73.000000000000	0.0000000000000
3.1879999637604	-0.45066484808922	-0.63751798868179	73.000000000000	0.0000000000000
3.1919999122620	-0.45233553647995	-0.63665884733200	73.000000000000	0.0000000000000
3.1960000991821	-0.45399859547615	-0.63578623533249	73.000000000000	0.0000000000000
3.2000000476837	-0.45565375685692	-0.63490051031113	73.000000000000	0.0000000000000
3.2039999961853	-0.45730036497116	-0.63400220870972	73.000000000000	0.0000000000000
3.2079999446869	-0.45893859863281	-0.63309168815613	73.000000000000	0.0000000000000
3.2119998931885	-0.46056810021400	-0.63216936588287	73.000000000000	0.0000000000000
3.2160000801086	-0.46218872070312	-0.63123559951782	73.000000000000	0.0000000000000
3.2200000286102	-0.46380048990250	-0.63029074668884	73.000000000000	0.0000000000000
3.2239999771118	-0.46540331840515	-0.62933534383774	73.000000000000	0.0000000000000
3.2279999256134	-0.46699690818787	-0.62836980819702	73.000000000000	0.0000000000000
3.2320001125336	-0.46858176589012	-0.62739437818527	73.000000000000	0.0000000000000
3.2360000610352	-0.47015768289566	-0.62640935182571	73.000000000000	0.0000000000000
3.2400000095367	-0.47172427177429	-0.62541574239731	73.000000000000	0.0000000000000
3.2439999580383	-0.47328251600266	-0.62441301345825	73.000000000000	0.0000000000000
3.2479999065399	-0.47483229637146	-0.62340176105499	73.000000000000	0.0000000000000
3.2520000934601	-0.47637349367142	-0.62238258123398	73.000000000000	0.0000000000000
3.2560000419617	-0.47790619730949	-0.62135571241379	73.000000000000	0.0000000000000
3.2599999904633	-0.47943091392517	-0.62032115459442	73.000000000000	0.0000000000000
3.2639999389648	-0.48094815015793	-0.61927920579910	73.000000000000	0.0000000000000
3.2679998874664	-0.48245772719383	-0.61823022365570	73.000000000000	0.0000000000000
3.2720000743866	-0.48396003246307	-0.61717426776886	73.000000000000	0.0000000000000
3.2760000228882	-0.48545548319817	-0.61611127853394	73.000000000000	0.0000000000000
3.2799999713898	-0.48694404959679	-0.61504191160202	73.000000000000	0.0000000000000
3.2839999198914	-0.48842659592628	-0.61396557092667	73.000000000000	0.0000000000000
3.2880001068115	-0.48990336060524	-0.61288261413574	73.000000000000	0.0000000000000
3.2920000553131	-0.49137431383133	-0.61179298162460	73.000000000000	0.0000000000000
3.2960000038147	-0.49284011125565	-0.61069649457932	73.000000000000	0.0000000000000
3.2999999523163	-0.49430093169212	-0.60959327220917	73.000000000000	0.0000000000000
3.3039999008179	-0.49575698375702	-0.60848325490952	73.000000000000	0.0000000000000
3.3080000877380	-0.49720919132233	-0.60736572742462	73.000000000000	0.0000000000000
3.3120000362396	-0.49865728616714	-0.60624098777771	73.000000000000	0.0000000000000
3.3159999847412	-0.50010156631470	-0.60510885715485	73.000000000000	0.0000000000000
3.3199999332428	-0.50154244899750	-0.60396885871887	73.000000000000	0.0000000000000
3.3239998817444	-0.50298023223877	-0.60282069444656	73.000000000000	0.0000000000000
3.3280000686646	-0.50441563129425	-0.60166364908218	73.000000000000	0.0000000000000
3.3320000171661	-0.50584793090820	-0.60049796104431	73.000000000000	0.0000000000000
3.3359999656677	-0.50727766752243	-0.59932321310043	73.000000000000	0.0000000000000
3.3399999141693	-0.50870573520660	-0.59813815355301	73.000000000000	0.0000000000000
3.3440001010895	-0.51013106107712	-0.59694343805313	73.000000000000	0.0000000000000
3.3480000495911	-0.51155465841293	-0.59573745727539	73.000000000000	0.0000000000000
3.3519999980927	-0.51297628879547	-0.59452039003372	73.000000000000	0.0000000000000
3.3559999465942	-0.51439577341080	-0.59329169988632	73.000000000000	0.0000000000000
3.3599998950958	-0.51581364870071	-0.59205049276352	73.000000000000	0.0000000000000
3.3640000820160	-0.51722925901413	-0.59079629182816	73.000000000000	0.0000000000000
3.3680000305176	-0.51864248514175	-0.58952873945236	73.000000000000	0.0000000000000
3.3719999790192	-0.52005362510681	-0.58824700117111	73.000000000000	0.0000000000000
3.3759999275208	-0.52146202325821	-0.58695054054260	73.000000000000	0.0000000000000
3.3800001144409	-0.52286767959595	-0.58563905954361	73.000000000000	0.0000000000000
3.3840000629425	-0.52427053451538	-0.58431130647659	73.000000000000	0.0000000000000
3.3880000114441	-0.52566963434219	-0.58296728134155	73.000000000000	0.0000000000000
3.3919999599457	-0.52706527709961	-0.58160597085953	73.000000000000	0.0000000000000
3.3959999084473	-0.52845644950867	-0.58022707700729	73.000000000000	0.0000000000000
3.4000000953674	-0.52984303236008	-0.57882982492447	73.000000000000	0.0000000000000
3.4040000438690	-0.53122442960739	-0.57741397619247	73.000000000000	0.0000000000000
3.4079999923706	-0.53259992599487	-0.57597863674164	73.000000000000	0.0000000000000
3.4119999408722	-0.53396886587143	-0.57452350854874	73.000000000000	0.0000000000000
3.4159998893738	-0.53533053398132	-0.57304829359055	73.000000000000	0.0000000000000
3.4200000762939	-0.53668439388275	-0.57155215740204	73.000000000000	0.0000000000000
3.4240000247955	-0.53802984952927	-0.57003492116928	73.000000000000	0.0000000000000
3.4279999732971	-0.53936564922333	-0.56849622726440	73.000000000000	0.0000000000000
3.4319999217987	-0.54069137573242	-0.56693565845490	73.000000000000	0.0000000000000
3.4360001087189	-0.54200595617294	-0.56535285711288	73.000000000000	0.0000000000000
3.4400000572205	-0.54330849647522	-0.56374770402908	73.000000000000	0.0000000000000
3.4440000057220	-0.54459792375565	-0.56212013959885	73.000000000000	0.0000000000000
3.4479999542236	-0.54587382078171	-0.56046968698502	73.000000000000	0.0000000000000
3.4519999027252	-0.54713451862335	-0.55879652500153	73.000000000000	0.0000000000000
3.4560000896454	-0.54837948083878	-0.55710035562515	73.000000000000	0.0000000000000
3.4600000381470	-0.54960745573044	-0.55538159608841	73.000000000000	0.0000000000000
3.4639999866486	-0.55081772804260	-0.55363994836807	73.000000000000	0.0000000000000
3.4679999351501	-0.55200886726379	-0.55187559127808	73.000000000000	0.0000000000000
3.4719998836517	-0.55318009853363	-0.55008876323700	73.000000000000	0.0000000000000
3.4760000705719	-0.55433005094528	-0.54827982187271	73.000000000000	0.0000000000000
3.4800000190735	-0.55545800924301	-0.54644912481308	73.000000000000	0.0000000000000
3.4839999675751	-0.55656278133392	-0.54459691047668	73.000000000000	0.0000000000000
3.4879999160767	-0.55764359235764	-0.54272341728210	73.000000000000	0.0000000000000
3.4920001029968	-0.55869883298874	-0.54082959890366	73.000000000000	0.0000000000000
3.4960000514984	-0.55972814559937	-0.53891569375992	73.000000000000	0.0000000000000
3.5000000000000	-0.56073004007339	-0.53698229789734	73.000000000000	0.0000000000000
3.5039999485016	-0.56170403957367	-0.53503024578094	73.000000000000	0.0000000000000
3.5079998970032	-0.56264889240265	-0.53306019306183	73.000000000000	0.0000000000000
3.5120000839233	-0.56356352567673	-0.53107303380966	73.000000000000	0.0000000000000
3.5160000324249	-0.56444776058197	-0.52906936407089	73.000000000000	0.0000000000000
3.5199999809265	-0.56529986858368	-0.52705049514771	73.000000000000	0.0000000000000
3.5239999294281	-0.56611984968185	-0.52501684427261	73.000000000000	0.0000000000000
3.5280001163483	-0.56690639257431	-0.52296990156174	73.000000000000	0.0000000000000
3.5320000648499	-0.56765919923782	-0.52091038227081	73.000000000000	0.0000000000000
3.5360000133514	-0.56837773323059	-0.51883935928345	73.000000000000	0.0000000000000
3.5399999618530	-0.56906092166901	-0.51675826311111	73.000000000000	0.0000000000000
3.5439999103546	-0.56970882415771	-0.51466792821884	73.000000000000	0.0000000000000
3.5480000972748	-0.57032054662704	-0.51256960630417	73.000000000000	0.0000000000000
3.5520000457764	-0.57089567184448	-0.51046448945999	73.000000000000	0.0000000000000
3.5559999942780	-0.57143414020538	-0.50835406780243	73.000000000000	0.0000000000000
3.5599999427795	-0.57193583250046	-0.50623929500580	73.000000000000	0.0000000000000
3.5639998912811	-0.57240003347397	-0.50412142276764	73.000000000000	0.0000000000000
3.5680000782013	-0.57282692193985	-0.50200212001801	73.000000000000	0.0000000000000
3.5720000267029	-0.57321649789810	-0.49988234043121	73.000000000000	0.0000000000000
3.5759999752045	-0.57356858253479	-0.49776342511177	73.000000000000	0.0000000000000
3.5799999237061	-0.57388323545456	-0.49564683437347	73.000000000000	0.0000000000000
3.5840001106262	-0.57416099309921	-0.49353367090225	73.000000000000	0.0000000000000
3.5880000591278	-0.57440137863159	-0.49142536520958	73.000000000000	0.0000000000000
3.5920000076294	-0.57460546493530	-0.48932299017906	73.000000000000	0.0000000000000
3.5959999561310	-0.57477295398712	-0.48722809553146	73.000000000000	0.0000000000000
3.5999999046326	-0.57490479946136	-0.48514163494110	73.000000000000	0.0000000000000
3.6040000915527	-0.57500100135803	-0.48306497931480	73.000000000000	0.0000000000000
3.6080000400543	-0.57506269216537	-0.48099890351295	73.000000000000	0.0000000000000
3.6119999885559	-0.57508987188339	-0.47894525527954	73.000000000000	0.0000000000000
3.6159999370575	-0.57508355379105	-0.47690477967262	73.000000000000	0.0000000000000
3.6199998855591	-0.57504469156265	-0.47487825155258	73.000000000000	0.0000000000000
3.6240000724792	-0.57497352361679	-0.47286707162857	73.000000000000	0.0000000000000
3.6280000209808	-0.57487124204636	-0.47087201476097	73.000000000000	0.0000000000000
3.6319999694824	-0.57473874092102	-0.46889400482178	73.000000000000	0.0000000000000
3.6359999179840	-0.57457685470581	-0.46693393588066	73.000000000000	0.0000000000000
3.6400001049042	-0.57438689470291	-0.46499246358871	73.000000000000	0.0000000000000
3.6440000534058	-0.57416915893555	-0.46307060122490	73.000000000000	0.0000000000000
3.6480000019073	-0.57392537593842	-0.46116867661476	73.000000000000	0.0000000000000
3.6519999504089	-0.57365638017654	-0.45928752422333	73.000000000000	0.0000000000000
3.6559998989105	-0.57336336374283	-0.45742756128311	73.000000000000	0.0000000000000
3.6600000858307	-0.57304733991623	-0.45558926463127	73.000000000000	0.0000000000000
3.6640000343323	-0.57270956039429	-0.45377308130264	73.000000000000	0.0000000000000
3.6679999828339	-0.57235085964203	-0.45197927951813	73.000000000000	0.0000000000000
3.6719999313354	-0.57197308540344	-0.45020797848701	73.000000000000	0.0000000000000
3.6760001182556	-0.57157677412033	-0.44845950603485	73.000000000000	0.0000000000000
3.6800000667572	-0.57116353511810	-0.44673389196396	73.000000000000	0.0000000000000
3.6840000152588	-0.57073402404785	-0.44503134489059	73.000000000000	0.0000000000000
3.6879999637604	-0.57029014825821	-0.44335138797760	73.000000000000	0.0000000000000
3.6919999122620	-0.56983232498169	-0.44169434905052	73.000000000000	0.0000000000000
3.6960000991821	-0.56936192512512	-0.44005969166756	73.000000000000	0.0000000000000
3.7000000476837	-0.56888020038605	-0.43844729661942	73.000000000000	0.0000000000000
3.7039999961853	-0.56838798522949	-0.43685692548752	73.000000000000	0.0000000000000
3.7079999446869	-0.56788647174835	-0.43528807163239	73.000000000000	0.0000000000000
3.7119998931885	-0.56737667322159	-0.43374022841454	73.000000000000	0.0000000000000
3.7160000801086	-0.56685948371887	-0.43221271038055	73.000000000000	0.0000000000000
3.7200000286102	-0.56633543968201	-0.43070545792580	73.000000000000	0.0000000000000
3.7239999771118	-0.56580597162247	-0.42921748757362	73.000000000000	0.0000000000000
3.7279999256134	-0.56527155637741	-0.42774814367294	73.000000000000	0.0000000000000
3.7320001125336	-0.56473296880722	-0.42629680037498	73.000000000000	0.0000000000000
3.7360000610352	-0.56419080495834	-0.42486247420311	73.000000000000	0.0000000000000
3.7400000095367	-0.56364595890045	-0.42344433069229	73.000000000000	0.0000000000000
3.7439999580383	-0.56309860944748	-0.42204180359840	73.000000000000	0.0000000000000
3.7479999065399	-0.56254965066910	-0.42065379023552	73.000000000000	0.0000000000000
3.7520000934601	-0.56199914216995	-0.41927942633629	73.000000000000	0.0000000000000
3.7560000419617	-0.56144762039185	-0.41791790723801	73.000000000000	0.0000000000000
3.7599999904633	-0.56089496612549	-0.41656821966171	73.000000000000	0.0000000000000
3.7639999389648	-0.56034219264984	-0.41522905230522	73.000000000000	0.0000000000000
3.7679998874664	-0.55978834629059	-0.41390004754066	73.000000000000	0.0000000000000
3.7720000743866	-0.55923420190811	-0.41257992386818	73.000000000000	0.0000000000000
3.7760000228882	-0.55867969989777	-0.41126745939255	73.000000000000	0.0000000000000
3.7799999713898	-0.55812430381775	-0.40996205806732	73.000000000000	0.0000000000000
3.7839999198914	-0.55756819248199	-0.40866291522980	73.000000000000	0.0000000000000
3.7880001068115	-0.55701082944870	-0.40736871957779	73.000000000000	0.0000000000000
3.7920000553131	-0.55645215511322	-0.40607863664627	73.000000000000	0.0000000000000
3.7960000038147	-0.55589151382446	-0.40479192137718	73.000000000000	0.0000000000000
3.7999999523163	-0.55532860755920	-0.40350776910782	73.000000000000	0.0000000000000
3.8039999008179	-0.55476260185242	-0.40222534537315	73.000000000000	0.0000000000000
3.8080000877380	-0.55419313907623	-0.40094369649887	73.000000000000	0.0000000000000
3.8120000362396	-0.55361962318420	-0.39966249465942	73.000000000000	0.0000000000000
3.8159999847412	-0.55304092168808	-0.39838081598282	73.000000000000	0.0000000000000
3.8199999332428	-0.55245673656464	-0.39709794521332	73.000000000000	0.0000000000000
3.8239998817444	-0.55186575651169	-0.39581370353699	73.000000000000	0.0000000000000
3.8280000686646	-0.55126750469208	-0.39452749490738	73.000000000000	0.0000000000000
3.8320000171661	-0.55066072940826	-0.39323863387108	73.000000000000	0.0000000000000
3.8359999656677	-0.55004453659058	-0.39194732904434	73.000000000000	0.0000000000000
3.8399999141693	-0.54941803216934	-0.39065265655518	73.000000000000	0.0000000000000
3.8440001010895	-0.54878002405167	-0.38935494422913	73.000000000000	0.0000000000000
3.8480000495911	-0.54812949895859	-0.38805377483368	73.000000000000	0.0000000000000
3.8519999980927	-0.54746532440186	-0.38674944639206	73.000000000000	0.0000000000000
3.8559999465942	-0.54678660631180	-0.38544169068336	73.000000000000	0.0000000000000
3.8599998950958	-0.54609197378159	-0.38413080573082	73.000000000000	0.0000000000000
3.8640000820160	-0.54538041353226	-0.38281685113907	73.000000000000	0.0000000000000
3.8680000305176	-0.54465073347092	-0.38150045275688	73.000000000000	0.0000000000000
3.8719999790192	-0.54390203952789	-0.38018184900284	73.000000000000	0.0000000000000
3.8759999275208	-0.54313296079636	-0.37886127829552	73.000000000000	0.0000000000000
3.8800001144409	-0.54234278202057	-0.37753954529762	73.000000000000	0.0000000000000
3.8840000629425	-0.54153013229370	-0.37621718645096	73.000000000000	0.0000000000000
3.8880000114441	-0.54069417715073	-0.37489494681358	73.000000000000	0.0000000000000
3.8919999599457	-0.53983366489410	-0.37357363104820	73.000000000000	0.0000000000000
3.8959999084473	-0.53894793987274	-0.37225425243378	73.000000000000	0.0000000000000
3.9000000953674	-0.53803616762161	-0.37093752622604	73.000000000000	0.0000000000000
3.9040000438690	-0.53709703683853	-0.36962464451790	73.000000000000	0.0000000000000
3.9079999923706	-0.53613036870956	-0.36831644177437	73.000000000000	0.0000000000000
3.9119999408722	-0.53513485193253	-0.36701449751854	73.000000000000	0.0000000000000
3.9159998893738	-0.53411036729813	-0.36571970582008	73.000000000000	0.0000000000000
3.9200000762939	-0.53305584192276	-0.36443346738815	73.000000000000	0.0000000000000
3.9240000247955	-0.53197115659714	-0.36315697431564	73.000000000000	0.0000000000000
3.9279999732971	-0.53085553646088	-0.36189189553261	73.000000000000	0.0000000000000
3.9319999217987	-0.52970880270004	-0.36063954234123	73.000000000000	0.0000000000000
3.9360001087189	-0.52853059768677	-0.35940110683441	73.000000000000	0.0000000000000
3.9400000572205	-0.52732086181641	-0.35817849636078	73.000000000000	0.0000000000000
3.9440000057220	-0.52607941627502	-0.35697299242020	73.000000000000	0.0000000000000
3.9479999542236	-0.52480602264404	-0.35578617453575	73.000000000000	0.0000000000000
3.9519999027252	-0.52350115776062	-0.35461974143982	73.000000000000	0.0000000000000
3.9560000896454	-0.52216500043869	-0.35347491502762	73.000000000000	0.0000000000000
3.9600000381470	-0.52079725265503	-0.35235375165939	73.000000000000	0.0000000000000
3.9639999866486	-0.51939886808395	-0.35125762224197	73.000000000000	0.0000000000000
3.9679999351501	-0.51796996593475	-0.35018822550774	73.000000000000	0.0000000000000
3.9719998836517	-0.51651144027710	-0.34914681315422	73.000000000000	0.0000000000000
3.9760000705719	-0.51502358913422	-0.34813538193703	73.000000000000	0.0000000000000
3.9800000190735	-0.51350760459900	-0.34715503454208	73.000000000000	0.0000000000000
3.9839999675751	-0.51196390390396	-0.34620732069016	73.000000000000	0.0000000000000
3.9879999160767	-0.51039355993271	-0.34529402852058	73.000000000000	0.0000000000000
3.9920001029968	-0.50879776477814	-0.34441620111465	73.000000000000	0.0000000000000
3.9960000514984	-0.50717729330063	-0.34357556700706	73.000000000000	0.0000000000000
4.0000000000000	-0.50553387403488	-0.34277302026749	73.000000000000	0.0000000000000
