#Parameters = {d=30; L=50}
#"Frequency / GHz"	"S1,1 (d=30) [Re]"	"S1,1 (d=30) [Im]"	"Ref.Imp. [Re]"	"Ref.Imp. [Im]"
#---------------------------------------------------------------------------------------
0.0000000000000	0.99581718444824	-0.0000000000000	73.000000000000	0.0000000000000
0.0040000001899898	0.99578374624252	-0.0087136942893267	73.000000000000	0.0000000000000
0.0080000003799796	0.99568331241608	-0.017427528277040	73.000000000000	0.0000000000000
0.012000000104308	0.99551582336426	-0.026141628623009	73.000000000000	0.0000000000000
0.016000000759959	0.99528121948242	-0.034856125712395	73.000000000000	0.0000000000000
0.019999999552965	0.99497926235199	-0.043571129441261	73.000000000000	0.0000000000000
0.024000000208616	0.99460971355438	-0.052286721765995	73.000000000000	0.0000000000000
0.028000000864267	0.99417209625244	-0.061002984642982	73.000000000000	0.0000000000000
0.032000001519918	0.99366623163223	-0.069719940423965	73.000000000000	0.0000000000000
0.035999998450279	0.99309164285660	-0.078437611460686	73.000000000000	0.0000000000000
0.039999999105930	0.99244785308838	-0.087155975401402	73.000000000000	0.0000000000000
0.043999999761581	0.99173444509506	-0.095874950289726	73.000000000000	0.0000000000000
0.048000000417233	0.99095070362091	-0.10459443181753	73.000000000000	0.0000000000000
0.052000001072884	0.99009603261948	-0.11331427842379	73.000000000000	0.0000000000000
0.056000001728535	0.98917013406754	-0.12203426659107	73.000000000000	0.0000000000000
0.059999998658895	0.98817205429077	-0.13075415790081	73.000000000000	0.0000000000000
0.064000003039837	0.98710107803345	-0.13947360217571	73.000000000000	0.0000000000000
0.068000003695488	0.98595672845840	-0.14819228649139	73.000000000000	0.0000000000000
0.071999996900558	0.98473799228668	-0.15690973401070	73.000000000000	0.0000000000000
0.075999997556210	0.98344445228577	-0.16562545299530	73.000000000000	0.0000000000000
0.079999998211861	0.98207533359528	-0.17433892190456	73.000000000000	0.0000000000000
0.083999998867512	0.98062956333160	-0.18304951488972	73.000000000000	0.0000000000000
0.087999999523163	0.97910672426224	-0.19175651669502	73.000000000000	0.0000000000000
0.092000000178814	0.97750580310822	-0.20045925676823	73.000000000000	0.0000000000000
0.096000000834465	0.97582626342773	-0.20915687084198	73.000000000000	0.0000000000000
0.10000000149012	0.97406721115112	-0.21784847974777	73.000000000000	0.0000000000000
0.10400000214577	0.97222816944122	-0.22653314471245	73.000000000000	0.0000000000000
0.10800000280142	0.97030818462372	-0.23520991206169	73.000000000000	0.0000000000000
0.11200000345707	0.96830689907074	-0.24387772381306	73.000000000000	0.0000000000000
0.11599999666214	0.96622341871262	-0.25253537297249	73.000000000000	0.0000000000000
0.11999999731779	0.96405726671219	-0.26118183135986	73.000000000000	0.0000000000000
0.12399999797344	0.96180808544159	-0.26981574296951	73.000000000000	0.0000000000000
0.12800000607967	0.95947510004044	-0.27843582630157	73.000000000000	0.0000000000000
0.13199999928474	0.95705783367157	-0.28704082965851	73.000000000000	0.0000000000000
0.13600000739098	0.95455604791641	-0.29562932252884	73.000000000000	0.0000000000000
0.14000000059605	0.95196938514709	-0.30419999361038	73.000000000000	0.0000000000000
0.14399999380112	0.94929766654968	-0.31275123357773	73.000000000000	0.0000000000000
0.14800000190735	0.94654047489166	-0.32128161191940	73.000000000000	0.0000000000000
0.15199999511242	0.94369763135910	-0.32978960871696	73.000000000000	0.0000000000000
0.15600000321865	0.94076919555664	-0.33827370405197	73.000000000000	0.0000000000000
0.15999999642372	0.93775498867035	-0.34673228859901	73.000000000000	0.0000000000000
0.16400000452995	0.93465536832809	-0.35516387224197	73.000000000000	0.0000000000000
0.16799999773502	0.93147021532059	-0.36356672644615	73.000000000000	0.0000000000000
0.17200000584126	0.92819976806641	-0.37193933129311	73.000000000000	0.0000000000000
0.17599999904633	0.92484408617020	-0.38028004765511	73.000000000000	0.0000000000000
0.18000000715256	0.92140388488770	-0.38858732581139	73.000000000000	0.0000000000000
0.18400000035763	0.91787934303284	-0.39685952663422	73.000000000000	0.0000000000000
0.18799999356270	0.91427105665207	-0.40509507060051	73.000000000000	0.0000000000000
0.19200000166893	0.91057944297791	-0.41329237818718	73.000000000000	0.0000000000000
0.19599999487400	0.90680515766144	-0.42144992947578	73.000000000000	0.0000000000000
0.20000000298023	0.90294915437698	-0.42956629395485	73.000000000000	0.0000000000000
0.20399999618530	0.89901173114777	-0.43763983249664	73.000000000000	0.0000000000000
0.20800000429153	0.89499413967133	-0.44566926360130	73.000000000000	0.0000000000000
0.21199999749660	0.89089715480804	-0.45365297794342	73.000000000000	0.0000000000000
0.21600000560284	0.88672149181366	-0.46158981323242	73.000000000000	0.0000000000000
0.21999999880791	0.88246840238571	-0.46947833895683	73.000000000000	0.0000000000000
0.22400000691414	0.87813884019852	-0.47731733322144	73.000000000000	0.0000000000000
0.22800000011921	0.87373399734497	-0.48510563373566	73.000000000000	0.0000000000000
0.23199999332428	0.86925488710403	-0.49284204840660	73.000000000000	0.0000000000000
0.23600000143051	0.86470288038254	-0.50052547454834	73.000000000000	0.0000000000000
0.23999999463558	0.86007893085480	-0.50815492868423	73.000000000000	0.0000000000000
0.24400000274181	0.85538458824158	-0.51572942733765	73.000000000000	0.0000000000000
0.24799999594688	0.85062092542648	-0.52324819564819	73.000000000000	0.0000000000000
0.25200000405312	0.84578949213028	-0.53071033954620	73.000000000000	0.0000000000000
0.25600001215935	0.84089124202728	-0.53811502456665	73.000000000000	0.0000000000000
0.25999999046326	0.83592784404755	-0.54546171426773	73.000000000000	0.0000000000000
0.26399999856949	0.83090060949326	-0.55274981260300	73.000000000000	0.0000000000000
0.26800000667572	0.82581055164337	-0.55997866392136	73.000000000000	0.0000000000000
0.27200001478195	0.82065945863724	-0.56714797019958	73.000000000000	0.0000000000000
0.27599999308586	0.81544846296310	-0.57425725460052	73.000000000000	0.0000000000000
0.28000000119209	0.81017875671387	-0.58130621910095	73.000000000000	0.0000000000000
0.28400000929832	0.80485183000565	-0.58829462528229	73.000000000000	0.0000000000000
0.28799998760223	0.79946881532669	-0.59522229433060	73.000000000000	0.0000000000000
0.29199999570847	0.79403126239777	-0.60208910703659	73.000000000000	0.0000000000000
0.29600000381470	0.78853988647461	-0.60889506340027	73.000000000000	0.0000000000000
0.30000001192093	0.78299623727798	-0.61564016342163	73.000000000000	0.0000000000000
0.30399999022484	0.77740162611008	-0.62232452630997	73.000000000000	0.0000000000000
0.30799999833107	0.77175641059875	-0.62894809246063	73.000000000000	0.0000000000000
0.31200000643730	0.76606249809265	-0.63551127910614	73.000000000000	0.0000000000000
0.31600001454353	0.76032048463821	-0.64201408624649	73.000000000000	0.0000000000000
0.31999999284744	0.75453114509583	-0.64845699071884	73.000000000000	0.0000000000000
0.32400000095367	0.74869555234909	-0.65484005212784	73.000000000000	0.0000000000000
0.32800000905991	0.74281454086304	-0.66116380691528	73.000000000000	0.0000000000000
0.33199998736382	0.73688900470734	-0.66742855310440	73.000000000000	0.0000000000000
0.33599999547005	0.73091930150986	-0.67363458871841	73.000000000000	0.0000000000000
0.34000000357628	0.72490620613098	-0.67978250980377	73.000000000000	0.0000000000000
0.34400001168251	0.71885037422180	-0.68587255477905	73.000000000000	0.0000000000000
0.34799998998642	0.71275210380554	-0.69190514087677	73.000000000000	0.0000000000000
0.35199999809265	0.70661199092865	-0.69788080453873	73.000000000000	0.0000000000000
0.35600000619888	0.70043027400970	-0.70379996299744	73.000000000000	0.0000000000000
0.36000001430511	0.69420742988586	-0.70966291427612	73.000000000000	0.0000000000000
0.36399999260902	0.68794339895248	-0.71547013521194	73.000000000000	0.0000000000000
0.36800000071526	0.68163836002350	-0.72122198343277	73.000000000000	0.0000000000000
0.37200000882149	0.67529261112213	-0.72691881656647	73.000000000000	0.0000000000000
0.37599998712540	0.66890597343445	-0.73256099224091	73.000000000000	0.0000000000000
0.37999999523163	0.66247862577438	-0.73814868927002	73.000000000000	0.0000000000000
0.38400000333786	0.65601021051407	-0.74368238449097	73.000000000000	0.0000000000000
0.38800001144409	0.64950072765350	-0.74916201829910	73.000000000000	0.0000000000000
0.39199998974800	0.64295005798340	-0.75458794832230	73.000000000000	0.0000000000000
0.39599999785423	0.63635772466660	-0.75996017456055	73.000000000000	0.0000000000000
0.40000000596046	0.62972372770309	-0.76527875661850	73.000000000000	0.0000000000000
0.40400001406670	0.62304753065109	-0.77054369449615	73.000000000000	0.0000000000000
0.40799999237061	0.61632889509201	-0.77575498819351	73.000000000000	0.0000000000000
0.41200000047684	0.60956704616547	-0.78091228008270	73.000000000000	0.0000000000000
0.41600000858307	0.60276216268539	-0.78601562976837	73.000000000000	0.0000000000000
0.41999998688698	0.59591341018677	-0.79106456041336	73.000000000000	0.0000000000000
0.42399999499321	0.58902043104172	-0.79605877399445	73.000000000000	0.0000000000000
0.42800000309944	0.58208280801773	-0.80099797248840	73.000000000000	0.0000000000000
0.43200001120567	0.57510006427765	-0.80588126182556	73.000000000000	0.0000000000000
0.43599998950958	0.56807172298431	-0.81070858240128	73.000000000000	0.0000000000000
0.43999999761581	0.56099730730057	-0.81547892093658	73.000000000000	0.0000000000000
0.44400000572205	0.55387651920319	-0.82019168138504	73.000000000000	0.0000000000000
0.44800001382828	0.54670858383179	-0.82484602928162	73.000000000000	0.0000000000000
0.45199999213219	0.53949350118637	-0.82944113016129	73.000000000000	0.0000000000000
0.45600000023842	0.53223091363907	-0.83397585153580	73.000000000000	0.0000000000000
0.46000000834465	0.52492034435272	-0.83844929933548	73.000000000000	0.0000000000000
0.46399998664856	0.51756137609482	-0.84286040067673	73.000000000000	0.0000000000000
0.46799999475479	0.51015412807465	-0.84720790386200	73.000000000000	0.0000000000000
0.47200000286102	0.50269824266434	-0.85149055719376	73.000000000000	0.0000000000000
0.47600001096725	0.49519366025925	-0.85570728778839	73.000000000000	0.0000000000000
0.47999998927116	0.48764026165009	-0.85985642671585	73.000000000000	0.0000000000000
0.48399999737740	0.48003801703453	-0.86393678188324	73.000000000000	0.0000000000000
0.48800000548363	0.47238716483116	-0.86794686317444	73.000000000000	0.0000000000000
0.49200001358986	0.46468764543533	-0.87188512086868	73.000000000000	0.0000000000000
0.49599999189377	0.45694002509117	-0.87575018405914	73.000000000000	0.0000000000000
0.50000000000000	0.44914433360100	-0.87954026460648	73.000000000000	0.0000000000000
0.50400000810623	0.44130137562752	-0.88325405120850	73.000000000000	0.0000000000000
0.50800001621246	0.43341124057770	-0.88688951730728	73.000000000000	0.0000000000000
0.51200002431870	0.42547506093979	-0.89044535160065	73.000000000000	0.0000000000000
0.51599997282028	0.41749265789986	-0.89391976594925	73.000000000000	0.0000000000000
0.51999998092651	0.40946549177170	-0.89731132984161	73.000000000000	0.0000000000000
0.52399998903275	0.40139448642731	-0.90061813592911	73.000000000000	0.0000000000000
0.52799999713898	0.39328029751778	-0.90383863449097	73.000000000000	0.0000000000000
0.53200000524521	0.38512405753136	-0.90697121620178	73.000000000000	0.0000000000000
0.53600001335144	0.37692692875862	-0.91001433134079	73.000000000000	0.0000000000000
0.54000002145767	0.36869055032730	-0.91296625137329	73.000000000000	0.0000000000000
0.54400002956390	0.36041581630707	-0.91582566499710	73.000000000000	0.0000000000000
0.54799997806549	0.35210400819778	-0.91859090328217	73.000000000000	0.0000000000000
0.55199998617172	0.34375718235970	-0.92126047611237	73.000000000000	0.0000000000000
0.55599999427795	0.33537662029266	-0.92383319139481	73.000000000000	0.0000000000000
0.56000000238419	0.32696437835693	-0.92630743980408	73.000000000000	0.0000000000000
0.56400001049042	0.31852164864540	-0.92868214845657	73.000000000000	0.0000000000000
0.56800001859665	0.31005084514618	-0.93095594644547	73.000000000000	0.0000000000000
0.57200002670288	0.30155360698700	-0.93312770128250	73.000000000000	0.0000000000000
0.57599997520447	0.29303193092346	-0.93519663810730	73.000000000000	0.0000000000000
0.57999998331070	0.28448805212975	-0.93716132640839	73.000000000000	0.0000000000000
0.58399999141693	0.27592390775681	-0.93902117013931	73.000000000000	0.0000000000000
0.58799999952316	0.26734182238579	-0.94077527523041	73.000000000000	0.0000000000000
0.59200000762939	0.25874370336533	-0.94242292642593	73.000000000000	0.0000000000000
0.59600001573563	0.25013208389282	-0.94396364688873	73.000000000000	0.0000000000000
0.60000002384186	0.24150949716568	-0.94539660215378	73.000000000000	0.0000000000000
0.60399997234344	0.23287770152092	-0.94672173261642	73.000000000000	0.0000000000000
0.60799998044968	0.22423923015594	-0.94793856143951	73.000000000000	0.0000000000000
0.61199998855591	0.21559628844261	-0.94904685020447	73.000000000000	0.0000000000000
0.61599999666214	0.20695157349110	-0.95004665851593	73.000000000000	0.0000000000000
0.62000000476837	0.19830740988255	-0.95093762874603	73.000000000000	0.0000000000000
0.62400001287460	0.18966586887836	-0.95172035694122	73.000000000000	0.0000000000000
0.62800002098083	0.18102957308292	-0.95239472389221	73.000000000000	0.0000000000000
0.63200002908707	0.17240075767040	-0.95296108722687	73.000000000000	0.0000000000000
0.63599997758865	0.16378158330917	-0.95341998338699	73.000000000000	0.0000000000000
0.63999998569489	0.15517427027225	-0.95377194881439	73.000000000000	0.0000000000000
0.64399999380112	0.14658123254776	-0.95401740074158	73.000000000000	0.0000000000000
0.64800000190735	0.13800439238548	-0.95415717363358	73.000000000000	0.0000000000000
0.65200001001358	0.12944661080837	-0.95419198274612	73.000000000000	0.0000000000000
0.65600001811981	0.12090886384249	-0.95412296056747	73.000000000000	0.0000000000000
0.66000002622604	0.11239393055439	-0.95395082235336	73.000000000000	0.0000000000000
0.66399997472763	0.10390321910381	-0.95367670059204	73.000000000000	0.0000000000000
0.66799998283386	0.095439456403255	-0.95330160856247	73.000000000000	0.0000000000000
0.67199999094009	0.087003976106644	-0.95282691717148	73.000000000000	0.0000000000000
0.67599999904633	0.078598089516163	-0.95225387811661	73.000000000000	0.0000000000000
0.68000000715256	0.070224411785603	-0.95158350467682	73.000000000000	0.0000000000000
0.68400001525879	0.061883717775345	-0.95081758499146	73.000000000000	0.0000000000000
0.68800002336502	0.053577214479446	-0.94995725154877	73.000000000000	0.0000000000000
0.69199997186661	0.045306943356991	-0.94900399446487	73.000000000000	0.0000000000000
0.69599997997284	0.037074029445648	-0.94795936346054	73.000000000000	0.0000000000000
0.69999998807907	0.028879087418318	-0.94682478904724	73.000000000000	0.0000000000000
0.70399999618530	0.020724505186081	-0.94560182094574	73.000000000000	0.0000000000000
0.70800000429153	0.012610375881195	-0.94429206848145	73.000000000000	0.0000000000000
0.71200001239777	0.0045376471243799	-0.94289690256119	73.000000000000	0.0000000000000
0.71600002050400	-0.0034927665255964	-0.94141805171967	73.000000000000	0.0000000000000
0.72000002861023	-0.011479990556836	-0.93985682725906	73.000000000000	0.0000000000000
0.72399997711182	-0.019424086436629	-0.93821483850479	73.000000000000	0.0000000000000
0.72799998521805	-0.027323357760906	-0.93649375438690	73.000000000000	0.0000000000000
0.73199999332428	-0.035177938640118	-0.93469482660294	73.000000000000	0.0000000000000
0.73600000143051	-0.042987972497940	-0.93281948566437	73.000000000000	0.0000000000000
0.74000000953674	-0.050752334296703	-0.93086940050125	73.000000000000	0.0000000000000
0.74400001764297	-0.058470781892538	-0.92884552478790	73.000000000000	0.0000000000000
0.74800002574921	-0.066144004464149	-0.92674952745438	73.000000000000	0.0000000000000
0.75199997425079	-0.073770940303802	-0.92458242177963	73.000000000000	0.0000000000000
0.75599998235703	-0.081352755427361	-0.92234539985657	73.000000000000	0.0000000000000
0.75999999046326	-0.088887974619865	-0.92003971338272	73.000000000000	0.0000000000000
0.76399999856949	-0.096377804875374	-0.91766643524170	73.000000000000	0.0000000000000
0.76800000667572	-0.10382214188576	-0.91522639989853	73.000000000000	0.0000000000000
0.77200001478195	-0.11122129112482	-0.91272062063217	73.000000000000	0.0000000000000
0.77600002288818	-0.11857429891825	-0.91015005111694	73.000000000000	0.0000000000000
0.77999997138977	-0.12588322162628	-0.90751504898071	73.000000000000	0.0000000000000
0.78399997949600	-0.13314713537693	-0.90481674671173	73.000000000000	0.0000000000000
0.78799998760223	-0.14036677777767	-0.90205568075180	73.000000000000	0.0000000000000
0.79199999570847	-0.14754204452038	-0.89923220872879	73.000000000000	0.0000000000000
0.79600000381470	-0.15467326343060	-0.89634686708450	73.000000000000	0.0000000000000
0.80000001192093	-0.16176071763039	-0.89340007305145	73.000000000000	0.0000000000000
0.80400002002716	-0.16880470514297	-0.89039206504822	73.000000000000	0.0000000000000
0.80800002813339	-0.17580547928810	-0.88732308149338	73.000000000000	0.0000000000000
0.81199997663498	-0.18276326358318	-0.88419324159622	73.000000000000	0.0000000000000
0.81599998474121	-0.18967834115028	-0.88100260496140	73.000000000000	0.0000000000000
0.81999999284744	-0.19654956459999	-0.87775146961212	73.000000000000	0.0000000000000
0.82400000095367	-0.20337884128094	-0.87443929910660	73.000000000000	0.0000000000000
0.82800000905991	-0.21016544103622	-0.87106639146805	73.000000000000	0.0000000000000
0.83200001716614	-0.21690900623798	-0.86763232946396	73.000000000000	0.0000000000000
0.83600002527237	-0.22360928356647	-0.86413717269897	73.000000000000	0.0000000000000
0.83999997377396	-0.23026664555073	-0.86058044433594	73.000000000000	0.0000000000000
0.84399998188019	-0.23688110709190	-0.85696190595627	73.000000000000	0.0000000000000
0.84799998998642	-0.24345099925995	-0.85328143835068	73.000000000000	0.0000000000000
0.85199999809265	-0.24997746944427	-0.84953832626343	73.000000000000	0.0000000000000
0.85600000619888	-0.25645920634270	-0.84573251008987	73.000000000000	0.0000000000000
0.86000001430511	-0.26289558410645	-0.84186363220215	73.000000000000	0.0000000000000
0.86400002241135	-0.26928615570068	-0.83793133497238	73.000000000000	0.0000000000000
0.86799997091293	-0.27562978863716	-0.83393532037735	73.000000000000	0.0000000000000
0.87199997901917	-0.28192624449730	-0.82987487316132	73.000000000000	0.0000000000000
0.87599998712540	-0.28817456960678	-0.82575011253357	73.000000000000	0.0000000000000
0.87999999523163	-0.29437348246574	-0.82156050205231	73.000000000000	0.0000000000000
0.88400000333786	-0.30052199959755	-0.81730580329895	73.000000000000	0.0000000000000
0.88800001144409	-0.30661857128143	-0.81298613548279	73.000000000000	0.0000000000000
0.89200001955032	-0.31266242265701	-0.80860114097595	73.000000000000	0.0000000000000
0.89600002765656	-0.31865236163139	-0.80415064096451	73.000000000000	0.0000000000000
0.89999997615814	-0.32458642125130	-0.79963463544846	73.000000000000	0.0000000000000
0.90399998426437	-0.33046346902847	-0.79505330324173	73.000000000000	0.0000000000000
0.90799999237061	-0.33628234267235	-0.79040658473969	73.000000000000	0.0000000000000
0.91200000047684	-0.34204068779945	-0.78569513559341	73.000000000000	0.0000000000000
0.91600000858307	-0.34773734211922	-0.78091889619827	73.000000000000	0.0000000000000
0.92000001668930	-0.35337078571320	-0.77607840299606	73.000000000000	0.0000000000000
0.92400002479553	-0.35893911123276	-0.77117407321930	73.000000000000	0.0000000000000
0.92799997329712	-0.36444053053856	-0.76620680093765	73.000000000000	0.0000000000000
0.93199998140335	-0.36987316608429	-0.76117730140686	73.000000000000	0.0000000000000
0.93599998950958	-0.37523564696312	-0.75608617067337	73.000000000000	0.0000000000000
0.93999999761581	-0.38052588701248	-0.75093472003937	73.000000000000	0.0000000000000
0.94400000572205	-0.38574260473251	-0.74572384357452	73.000000000000	0.0000000000000
0.94800001382828	-0.39088341593742	-0.74045497179031	73.000000000000	0.0000000000000
0.95200002193451	-0.39594680070877	-0.73512941598892	73.000000000000	0.0000000000000
0.95599997043610	-0.40093132853508	-0.72974866628647	73.000000000000	0.0000000000000
0.95999997854233	-0.40583524107933	-0.72431433200836	73.000000000000	0.0000000000000
0.96399998664856	-0.41065686941147	-0.71882820129395	73.000000000000	0.0000000000000
0.96799999475479	-0.41539466381073	-0.71329218149185	73.000000000000	0.0000000000000
0.97200000286102	-0.42004752159119	-0.70770817995071	73.000000000000	0.0000000000000
0.97600001096725	-0.42461407184601	-0.70207822322845	73.000000000000	0.0000000000000
0.98000001907349	-0.42909270524979	-0.69640463590622	73.000000000000	0.0000000000000
0.98400002717972	-0.43348231911659	-0.69068992137909	73.000000000000	0.0000000000000
0.98799997568130	-0.43778267502785	-0.68493610620499	73.000000000000	0.0000000000000
0.99199998378754	-0.44199165701866	-0.67914611101151	73.000000000000	0.0000000000000
0.99599999189377	-0.44610935449600	-0.67332231998444	73.000000000000	0.0000000000000
1.0000000000000	-0.45013535022736	-0.66746729612350	73.000000000000	0.0000000000000
1.0039999485016	-0.45406821370125	-0.66158425807953	73.000000000000	0.0000000000000
1.0080000162125	-0.45790851116180	-0.65567547082901	73.000000000000	0.0000000000000
1.0119999647141	-0.46165573596954	-0.64974415302277	73.000000000000	0.0000000000000
1.0160000324249	-0.46531006693840	-0.64379316568375	73.000000000000	0.0000000000000
1.0199999809265	-0.46887156367302	-0.63782542943954	73.000000000000	0.0000000000000
1.0240000486374	-0.47234070301056	-0.63184386491776	73.000000000000	0.0000000000000
1.0279999971390	-0.47571837902069	-0.62585127353668	73.000000000000	0.0000000000000
1.0319999456406	-0.47900465130806	-0.61985093355179	73.000000000000	0.0000000000000
1.0360000133514	-0.48220118880272	-0.61384546756744	73.000000000000	0.0000000000000
1.0399999618530	-0.48530873656273	-0.60783791542053	73.000000000000	0.0000000000000
1.0440000295639	-0.48832917213440	-0.60183089971542	73.000000000000	0.0000000000000
1.0479999780655	-0.49126330018044	-0.59582751989365	73.000000000000	0.0000000000000
1.0520000457764	-0.49411332607269	-0.58983027935028	73.000000000000	0.0000000000000
1.0559999942780	-0.49688130617142	-0.58384168148041	73.000000000000	0.0000000000000
1.0599999427795	-0.49956893920898	-0.57786458730698	73.000000000000	0.0000000000000
1.0640000104904	-0.50217872858047	-0.57190102338791	73.000000000000	0.0000000000000
1.0679999589920	-0.50471317768097	-0.56595325469971	73.000000000000	0.0000000000000
1.0720000267029	-0.50717508792877	-0.56002348661423	73.000000000000	0.0000000000000
1.0759999752045	-0.50956708192825	-0.55411356687546	73.000000000000	0.0000000000000
1.0800000429153	-0.51189231872559	-0.54822534322739	73.000000000000	0.0000000000000
1.0839999914169	-0.51415348052979	-0.54236036539078	73.000000000000	0.0000000000000
1.0880000591278	-0.51635450124741	-0.53651970624924	73.000000000000	0.0000000000000
1.0920000076294	-0.51849824190140	-0.53070485591888	73.000000000000	0.0000000000000
1.0959999561310	-0.52058845758438	-0.52491652965546	73.000000000000	0.0000000000000
1.1000000238419	-0.52262890338898	-0.51915538311005	73.000000000000	0.0000000000000
1.1039999723434	-0.52462261915207	-0.51342219114304	73.000000000000	0.0000000000000
1.1080000400543	-0.52657377719879	-0.50771683454514	73.000000000000	0.0000000000000
1.1119999885559	-0.52848643064499	-0.50203913450241	73.000000000000	0.0000000000000
1.1160000562668	-0.53036409616470	-0.49638891220093	73.000000000000	0.0000000000000
1.1200000047684	-0.53221064805984	-0.49076533317566	73.000000000000	0.0000000000000
1.1239999532700	-0.53403007984161	-0.48516777157784	73.000000000000	0.0000000000000
1.1280000209808	-0.53582620620728	-0.47959482669830	73.000000000000	0.0000000000000
1.1319999694824	-0.53760302066803	-0.47404491901398	73.000000000000	0.0000000000000
1.1360000371933	-0.53936398029327	-0.46851652860641	73.000000000000	0.0000000000000
1.1399999856949	-0.54111313819885	-0.46300715208054	73.000000000000	0.0000000000000
1.1440000534058	-0.54285377264023	-0.45751470327377	73.000000000000	0.0000000000000
1.1480000019073	-0.54458951950073	-0.45203638076782	73.000000000000	0.0000000000000
1.1519999504089	-0.54632371664047	-0.44656926393509	73.000000000000	0.0000000000000
1.1560000181198	-0.54805976152420	-0.44111007452011	73.000000000000	0.0000000000000
1.1599999666214	-0.54980045557022	-0.43565514683723	73.000000000000	0.0000000000000
1.1640000343323	-0.55154889822006	-0.43020081520081	73.000000000000	0.0000000000000
1.1679999828339	-0.55330735445023	-0.42474299669266	73.000000000000	0.0000000000000
1.1720000505447	-0.55507874488831	-0.41927713155746	73.000000000000	0.0000000000000
1.1759999990463	-0.55686503648758	-0.41379860043526	73.000000000000	0.0000000000000
1.1799999475479	-0.55866789817810	-0.40830305218697	73.000000000000	0.0000000000000
1.1840000152588	-0.56048899888992	-0.40278509259224	73.000000000000	0.0000000000000
1.1879999637604	-0.56232976913452	-0.39723935723305	73.000000000000	0.0000000000000
1.1920000314713	-0.56419122219086	-0.39166054129601	73.000000000000	0.0000000000000
1.1959999799728	-0.56607377529144	-0.38604322075844	73.000000000000	0.0000000000000
1.2000000476837	-0.56797784566879	-0.38038125634193	73.000000000000	0.0000000000000
1.2039999961853	-0.56990337371826	-0.37466889619827	73.000000000000	0.0000000000000
1.2079999446869	-0.57184970378876	-0.36890009045601	73.000000000000	0.0000000000000
1.2120000123978	-0.57381612062454	-0.36306890845299	73.000000000000	0.0000000000000
1.2159999608994	-0.57580143213272	-0.35716903209686	73.000000000000	0.0000000000000
1.2200000286102	-0.57780367136002	-0.35119399428368	73.000000000000	0.0000000000000
1.2239999771118	-0.57982099056244	-0.34513771533966	73.000000000000	0.0000000000000
1.2280000448227	-0.58185064792633	-0.33899411559105	73.000000000000	0.0000000000000
1.2319999933243	-0.58388996124268	-0.33275672793388	73.000000000000	0.0000000000000
1.2359999418259	-0.58593511581421	-0.32641929388046	73.000000000000	0.0000000000000
1.2400000095367	-0.58798259496689	-0.31997597217560	73.000000000000	0.0000000000000
1.2439999580383	-0.59002786874771	-0.31342068314552	73.000000000000	0.0000000000000
1.2480000257492	-0.59206634759903	-0.30674740672112	73.000000000000	0.0000000000000
1.2519999742508	-0.59409278631210	-0.29995054006577	73.000000000000	0.0000000000000
1.2560000419617	-0.59610152244568	-0.29302477836609	73.000000000000	0.0000000000000
1.2599999904633	-0.59808665513992	-0.28596439957619	73.000000000000	0.0000000000000
1.2640000581741	-0.60004162788391	-0.27876460552216	73.000000000000	0.0000000000000
1.2680000066757	-0.60195934772491	-0.27142080664635	73.000000000000	0.0000000000000
1.2719999551773	-0.60383290052414	-0.26392802596092	73.000000000000	0.0000000000000
1.2760000228882	-0.60565429925919	-0.25628271698952	73.000000000000	0.0000000000000
1.2799999713898	-0.60741573572159	-0.24848045408726	73.000000000000	0.0000000000000
1.2840000391006	-0.60910856723785	-0.24051834642887	73.000000000000	0.0000000000000
1.2879999876022	-0.61072421073914	-0.23239299654961	73.000000000000	0.0000000000000
1.2920000553131	-0.61225366592407	-0.22410199046135	73.000000000000	0.0000000000000
1.2960000038147	-0.61368721723557	-0.21564312279224	73.000000000000	0.0000000000000
1.2999999523163	-0.61501544713974	-0.20701481401920	73.000000000000	0.0000000000000
1.3040000200272	-0.61622840166092	-0.19821578264236	73.000000000000	0.0000000000000
1.3079999685287	-0.61731582880020	-0.18924534320831	73.000000000000	0.0000000000000
1.3120000362396	-0.61826759576797	-0.18010346591473	73.000000000000	0.0000000000000
1.3159999847412	-0.61907285451889	-0.17079052329063	73.000000000000	0.0000000000000
1.3200000524521	-0.61972123384476	-0.16130730509758	73.000000000000	0.0000000000000
1.3240000009537	-0.62020170688629	-0.15165564417839	73.000000000000	0.0000000000000
1.3279999494553	-0.62050348520279	-0.14183740317822	73.000000000000	0.0000000000000
1.3320000171661	-0.62061554193497	-0.13185539841652	73.000000000000	0.0000000000000
1.3359999656677	-0.62052702903748	-0.12171331048012	73.000000000000	0.0000000000000
1.3400000333786	-0.62022680044174	-0.11141470074654	73.000000000000	0.0000000000000
1.3439999818802	-0.61970424652100	-0.10096403211355	73.000000000000	0.0000000000000
1.3480000495911	-0.61894822120667	-0.090366810560226	73.000000000000	0.0000000000000
1.3519999980927	-0.61794805526733	-0.079628884792328	73.000000000000	0.0000000000000
1.3559999465942	-0.61669319868088	-0.068756595253944	73.000000000000	0.0000000000000
1.3600000143051	-0.61517333984375	-0.057757075875998	73.000000000000	0.0000000000000
1.3639999628067	-0.61337822675705	-0.046637944877148	73.000000000000	0.0000000000000
1.3680000305176	-0.61129796504974	-0.035407502204180	73.000000000000	0.0000000000000
1.3719999790192	-0.60892289876938	-0.024074805900455	73.000000000000	0.0000000000000
1.3760000467300	-0.60624366998672	-0.012649010866880	73.000000000000	0.0000000000000
1.3799999952316	-0.60325145721436	-0.0011404916876927	73.000000000000	0.0000000000000
1.3839999437332	-0.59993767738342	0.010440325364470	73.000000000000	0.0000000000000
1.3880000114441	-0.59629410505295	0.022082082927227	73.000000000000	0.0000000000000
1.3919999599457	-0.59231328964233	0.033773254603148	73.000000000000	0.0000000000000
1.3960000276566	-0.58798784017563	0.045501399785280	73.000000000000	0.0000000000000
1.3999999761581	-0.58331102132797	0.057254057377577	73.000000000000	0.0000000000000
1.4040000438690	-0.57827699184418	0.069018200039864	73.000000000000	0.0000000000000
1.4079999923706	-0.57288014888763	0.080779947340488	73.000000000000	0.0000000000000
1.4119999408722	-0.56711554527283	0.092525467276573	73.000000000000	0.0000000000000
1.4160000085831	-0.56097877025604	0.10424050688744	73.000000000000	0.0000000000000
1.4199999570847	-0.55446636676788	0.11591024696827	73.000000000000	0.0000000000000
1.4240000247955	-0.54757517576218	0.12751963734627	73.000000000000	0.0000000000000
1.4279999732971	-0.54030317068100	0.13905350863934	73.000000000000	0.0000000000000
1.4320000410080	-0.53264850378036	0.15049663186073	73.000000000000	0.0000000000000
1.4359999895096	-0.52461069822311	0.16183269023895	73.000000000000	0.0000000000000
1.4400000572205	-0.51618933677673	0.17304639518261	73.000000000000	0.0000000000000
1.4440000057220	-0.50738519430161	0.18412148952484	73.000000000000	0.0000000000000
1.4479999542236	-0.49819988012314	0.19504180550575	73.000000000000	0.0000000000000
1.4520000219345	-0.48863539099693	0.20579141378403	73.000000000000	0.0000000000000
1.4559999704361	-0.47869485616684	0.21635396778584	73.000000000000	0.0000000000000
1.4600000381470	-0.46838200092316	0.22671347856522	73.000000000000	0.0000000000000
1.4639999866486	-0.45770144462585	0.23685400187969	73.000000000000	0.0000000000000
1.4680000543594	-0.44665843248367	0.24675962328911	73.000000000000	0.0000000000000
1.4720000028610	-0.43525919318199	0.25641447305679	73.000000000000	0.0000000000000
1.4759999513626	-0.42351076006889	0.26580286026001	73.000000000000	0.0000000000000
1.4800000190735	-0.41142052412033	0.27490985393524	73.000000000000	0.0000000000000
1.4839999675751	-0.39899709820747	0.28372022509575	73.000000000000	0.0000000000000
1.4880000352859	-0.38624963164330	0.29221934080124	73.000000000000	0.0000000000000
1.4919999837875	-0.37318807840347	0.30039271712303	73.000000000000	0.0000000000000
1.4960000514984	-0.35982301831245	0.30822658538818	73.000000000000	0.0000000000000
1.5000000000000	-0.34616589546204	0.31570732593536	73.000000000000	0.0000000000000
1.5039999485016	-0.33222839236259	0.32282203435898	73.000000000000	0.0000000000000
1.5080000162125	-0.31802338361740	0.32955813407898	73.000000000000	0.0000000000000
1.5119999647141	-0.30356410145760	0.33590376377106	73.000000000000	0.0000000000000
1.5160000324249	-0.28886446356773	0.34184736013412	73.000000000000	0.0000000000000
1.5199999809265	-0.27393871545792	0.34737840294838	73.000000000000	0.0000000000000
1.5240000486374	-0.25880202651024	0.35248652100563	73.000000000000	0.0000000000000
1.5279999971390	-0.24346978962421	0.35716241598129	73.000000000000	0.0000000000000
1.5319999456406	-0.22795788943768	0.36139735579491	73.000000000000	0.0000000000000
1.5360000133514	-0.21228277683258	0.36518320441246	73.000000000000	0.0000000000000
1.5399999618530	-0.19646127521992	0.36851269006729	73.000000000000	0.0000000000000
1.5440000295639	-0.18051038682461	0.37137931585312	73.000000000000	0.0000000000000
1.5479999780655	-0.16444754600525	0.37377741932869	73.000000000000	0.0000000000000
1.5520000457764	-0.14829066395760	0.37570199370384	73.000000000000	0.0000000000000
1.5559999942780	-0.13205733895302	0.37714898586273	73.000000000000	0.0000000000000
1.5599999427795	-0.11576621234417	0.37811496853828	73.000000000000	0.0000000000000
1.5640000104904	-0.099435180425644	0.37859764695168	73.000000000000	0.0000000000000
1.5679999589920	-0.083082944154739	0.37859532237053	73.000000000000	0.0000000000000
1.5720000267029	-0.066727504134178	0.37810727953911	73.000000000000	0.0000000000000
1.5759999752045	-0.050388056784868	0.37713351845741	73.000000000000	0.0000000000000
1.5800000429153	-0.034082580357790	0.37567508220673	73.000000000000	0.0000000000000
1.5839999914169	-0.017829824239016	0.37373375892639	73.000000000000	0.0000000000000
1.5880000591278	-0.0016478006727993	0.37131211161613	73.000000000000	0.0000000000000
1.5920000076294	0.014445171691477	0.36841362714767	73.000000000000	0.0000000000000
1.5959999561310	0.030431186780334	0.36504265666008	73.000000000000	0.0000000000000
1.6000000238419	0.046292383223772	0.36120426654816	73.000000000000	0.0000000000000
1.6039999723434	0.062011595815420	0.35690435767174	73.000000000000	0.0000000000000
1.6080000400543	0.077571757137775	0.35214957594872	73.000000000000	0.0000000000000
1.6119999885559	0.092955663800240	0.34694752097130	73.000000000000	0.0000000000000
1.6160000562668	0.10814737528563	0.34130629897118	73.000000000000	0.0000000000000
1.6200000047684	0.12313062697649	0.33523491024971	73.000000000000	0.0000000000000
1.6239999532700	0.13789021968842	0.32874286174774	73.000000000000	0.0000000000000
1.6280000209808	0.15241117775440	0.32184049487114	73.000000000000	0.0000000000000
1.6319999694824	0.16667892038822	0.31453877687454	73.000000000000	0.0000000000000
1.6360000371933	0.18067966401577	0.30684927105904	73.000000000000	0.0000000000000
1.6399999856949	0.19440025091171	0.29878398776054	73.000000000000	0.0000000000000
1.6440000534058	0.20782797038555	0.29035574197769	73.000000000000	0.0000000000000
1.6480000019073	0.22095079720020	0.28157758712769	73.000000000000	0.0000000000000
1.6519999504089	0.23375751078129	0.27246326208115	73.000000000000	0.0000000000000
1.6560000181198	0.24623739719391	0.26302683353424	73.000000000000	0.0000000000000
1.6599999666214	0.25838068127632	0.25328278541565	73.000000000000	0.0000000000000
1.6640000343323	0.27017804980278	0.24324597418308	73.000000000000	0.0000000000000
1.6679999828339	0.28162106871605	0.23293158411980	73.000000000000	0.0000000000000
1.6720000505447	0.29270216822624	0.22235505282879	73.000000000000	0.0000000000000
1.6759999990463	0.30341437458992	0.21153214573860	73.000000000000	0.0000000000000
1.6799999475479	0.31375148892403	0.20047867298126	73.000000000000	0.0000000000000
1.6840000152588	0.32370832562447	0.18921072781086	73.000000000000	0.0000000000000
1.6879999637604	0.33328005671501	0.17774449288845	73.000000000000	0.0000000000000
1.6920000314713	0.34246310591698	0.16609619557858	73.000000000000	0.0000000000000
1.6959999799728	0.35125431418419	0.15428213775158	73.000000000000	0.0000000000000
1.7000000476837	0.35965150594711	0.14231857657433	73.000000000000	0.0000000000000
1.7039999961853	0.36765316128731	0.13022173941135	73.000000000000	0.0000000000000
1.7079999446869	0.37525859475136	0.11800777167082	73.000000000000	0.0000000000000
1.7120000123978	0.38246783614159	0.10569268465042	73.000000000000	0.0000000000000
1.7159999608994	0.38928166031837	0.093292333185673	73.000000000000	0.0000000000000
1.7200000286102	0.39570155739784	0.080822378396988	73.000000000000	0.0000000000000
1.7239999771118	0.40172979235649	0.068298213183880	73.000000000000	0.0000000000000
1.7280000448227	0.40736916661263	0.055734984576702	73.000000000000	0.0000000000000
1.7319999933243	0.41262331604958	0.043147534132004	73.000000000000	0.0000000000000
1.7359999418259	0.41749638319016	0.030550356954336	73.000000000000	0.0000000000000
1.7400000095367	0.42199325561523	0.017957588657737	73.000000000000	0.0000000000000
1.7439999580383	0.42611938714981	0.0053829555399716	73.000000000000	0.0000000000000
1.7480000257492	0.42988064885139	-0.0071602300740778	73.000000000000	0.0000000000000
1.7519999742508	0.43328368663788	-0.019659111276269	73.000000000000	0.0000000000000
1.7560000419617	0.43633553385735	-0.032101307064295	73.000000000000	0.0000000000000
1.7599999904633	0.43904367089272	-0.044474925845861	73.000000000000	0.0000000000000
1.7640000581741	0.44141608476639	-0.056768599897623	73.000000000000	0.0000000000000
1.7680000066757	0.44346123933792	-0.068971492350101	73.000000000000	0.0000000000000
1.7719999551773	0.44518777728081	-0.081073321402073	73.000000000000	0.0000000000000
1.7760000228882	0.44660493731499	-0.093064367771149	73.000000000000	0.0000000000000
1.7799999713898	0.44772213697433	-0.10493546724319	73.000000000000	0.0000000000000
1.7840000391006	0.44854912161827	-0.11667808890343	73.000000000000	0.0000000000000
1.7879999876022	0.44909578561783	-0.12828423082829	73.000000000000	0.0000000000000
1.7920000553131	0.44937238097191	-0.13974659144878	73.000000000000	0.0000000000000
1.7960000038147	0.44938927888870	-0.15105837583542	73.000000000000	0.0000000000000
1.7999999523163	0.44915693998337	-0.16221342980862	73.000000000000	0.0000000000000
1.8040000200272	0.44868600368500	-0.17320622503757	73.000000000000	0.0000000000000
1.8079999685287	0.44798710942268	-0.18403178453445	73.000000000000	0.0000000000000
1.8120000362396	0.44707098603249	-0.19468578696251	73.000000000000	0.0000000000000
1.8159999847412	0.44594836235046	-0.20516447722912	73.000000000000	0.0000000000000
1.8200000524521	0.44463002681732	-0.21546471118927	73.000000000000	0.0000000000000
1.8240000009537	0.44312646985054	-0.22558383643627	73.000000000000	0.0000000000000
1.8279999494553	0.44144836068153	-0.23551991581917	73.000000000000	0.0000000000000
1.8320000171661	0.43960604071617	-0.24527135491371	73.000000000000	0.0000000000000
1.8359999656677	0.43760985136032	-0.25483727455139	73.000000000000	0.0000000000000
1.8400000333786	0.43546992540359	-0.26421731710434	73.000000000000	0.0000000000000
1.8439999818802	0.43319621682167	-0.27341142296791	73.000000000000	0.0000000000000
1.8480000495911	0.43079823255539	-0.28242015838623	73.000000000000	0.0000000000000
1.8519999980927	0.42828553915024	-0.29124462604523	73.000000000000	0.0000000000000
1.8559999465942	0.42566728591919	-0.29988619685173	73.000000000000	0.0000000000000
1.8600000143051	0.42295235395432	-0.30834683775902	73.000000000000	0.0000000000000
1.8639999628067	0.42014926671982	-0.31662875413895	73.000000000000	0.0000000000000
1.8680000305176	0.41726630926132	-0.32473453879356	73.000000000000	0.0000000000000
1.8719999790192	0.41431140899658	-0.33266735076904	73.000000000000	0.0000000000000
1.8760000467300	0.41129198670387	-0.34043022990227	73.000000000000	0.0000000000000
1.8799999952316	0.40821528434753	-0.34802693128586	73.000000000000	0.0000000000000
1.8839999437332	0.40508821606636	-0.35546126961708	73.000000000000	0.0000000000000
1.8880000114441	0.40191692113876	-0.36273729801178	73.000000000000	0.0000000000000
1.8919999599457	0.39870771765709	-0.36985942721367	73.000000000000	0.0000000000000
1.8960000276566	0.39546597003937	-0.37683203816414	73.000000000000	0.0000000000000
1.8999999761581	0.39219701290131	-0.38365986943245	73.000000000000	0.0000000000000
1.9040000438690	0.38890585303307	-0.39034759998322	73.000000000000	0.0000000000000
1.9079999923706	0.38559651374817	-0.39690026640892	73.000000000000	0.0000000000000
1.9119999408722	0.38227331638336	-0.40332269668579	73.000000000000	0.0000000000000
1.9160000085831	0.37893974781036	-0.40961992740631	73.000000000000	0.0000000000000
1.9199999570847	0.37559914588928	-0.41579702496529	73.000000000000	0.0000000000000
1.9240000247955	0.37225413322449	-0.42185908555984	73.000000000000	0.0000000000000
1.9279999732971	0.36890733242035	-0.42781096696854	73.000000000000	0.0000000000000
1.9320000410080	0.36556079983711	-0.43365788459778	73.000000000000	0.0000000000000
1.9359999895096	0.36221617460251	-0.43940451741219	73.000000000000	0.0000000000000
1.9400000572205	0.35887509584427	-0.44505587220192	73.000000000000	0.0000000000000
1.9440000057220	0.35553842782974	-0.45061662793159	73.000000000000	0.0000000000000
1.9479999542236	0.35220679640770	-0.45609134435654	73.000000000000	0.0000000000000
1.9520000219345	0.34888082742691	-0.46148446202278	73.000000000000	0.0000000000000
1.9559999704361	0.34556052088737	-0.46680039167404	73.000000000000	0.0000000000000
1.9600000381470	0.34224578738213	-0.47204312682152	73.000000000000	0.0000000000000
1.9639999866486	0.33893635869026	-0.47721663117409	73.000000000000	0.0000000000000
1.9680000543594	0.33563145995140	-0.48232463002205	73.000000000000	0.0000000000000
1.9720000028610	0.33233022689819	-0.48737069964409	73.000000000000	0.0000000000000
1.9759999513626	0.32903173565865	-0.49235811829567	73.000000000000	0.0000000000000
1.9800000190735	0.32573467493057	-0.49728989601135	73.000000000000	0.0000000000000
1.9839999675751	0.32243770360947	-0.50216895341873	73.000000000000	0.0000000000000
1.9880000352859	0.31913933157921	-0.50699776411057	73.000000000000	0.0000000000000
1.9919999837875	0.31583780050278	-0.51177877187729	73.000000000000	0.0000000000000
1.9960000514984	0.31253153085709	-0.51651406288147	73.000000000000	0.0000000000000
2.0000000000000	0.30921864509583	-0.52120542526245	73.000000000000	0.0000000000000
2.0039999485016	0.30589708685875	-0.52585440874100	73.000000000000	0.0000000000000
2.0079998970032	0.30256530642509	-0.53046238422394	73.000000000000	0.0000000000000
2.0120000839233	0.29922106862068	-0.53503060340881	73.000000000000	0.0000000000000
2.0160000324249	0.29586228728294	-0.53955972194672	73.000000000000	0.0000000000000
2.0199999809265	0.29248732328415	-0.54405039548874	73.000000000000	0.0000000000000
2.0239999294281	0.28909423947334	-0.54850298166275	73.000000000000	0.0000000000000
2.0280001163483	0.28568121790886	-0.55291777849197	73.000000000000	0.0000000000000
2.0320000648499	0.28224632143974	-0.55729454755783	73.000000000000	0.0000000000000
2.0360000133514	0.27878791093826	-0.56163299083710	73.000000000000	0.0000000000000
2.0399999618530	0.27530440688133	-0.56593298912048	73.000000000000	0.0000000000000
2.0439999103546	0.27179419994354	-0.57019352912903	73.000000000000	0.0000000000000
2.0480000972748	0.26825591921806	-0.57441395521164	73.000000000000	0.0000000000000
2.0520000457764	0.26468846201897	-0.57859325408936	73.000000000000	0.0000000000000
2.0559999942780	0.26109051704407	-0.58273023366928	73.000000000000	0.0000000000000
2.0599999427795	0.25746113061905	-0.58682376146317	73.000000000000	0.0000000000000
2.0639998912811	0.25379973649979	-0.59087234735489	73.000000000000	0.0000000000000
2.0680000782013	0.25010532140732	-0.59487462043762	73.000000000000	0.0000000000000
2.0720000267029	0.24637758731842	-0.59882885217667	73.000000000000	0.0000000000000
2.0759999752045	0.24261637032032	-0.60273349285126	73.000000000000	0.0000000000000
2.0799999237061	0.23882141709328	-0.60658681392670	73.000000000000	0.0000000000000
2.0840001106262	0.23499280214310	-0.61038702726364	73.000000000000	0.0000000000000
2.0880000591278	0.23113064467907	-0.61413240432739	73.000000000000	0.0000000000000
2.0920000076294	0.22723557054996	-0.61782115697861	73.000000000000	0.0000000000000
2.0959999561310	0.22330810129642	-0.62145143747330	73.000000000000	0.0000000000000
2.0999999046326	0.21934884786606	-0.62502145767212	73.000000000000	0.0000000000000
2.1040000915527	0.21535922586918	-0.62852954864502	73.000000000000	0.0000000000000
2.1080000400543	0.21133990585804	-0.63197392225266	73.000000000000	0.0000000000000
2.1119999885559	0.20729233324528	-0.63535296916962	73.000000000000	0.0000000000000
2.1159999370575	0.20321798324585	-0.63866525888443	73.000000000000	0.0000000000000
2.1199998855591	0.19911862909794	-0.64190900325775	73.000000000000	0.0000000000000
2.1240000724792	0.19499576091766	-0.64508301019669	73.000000000000	0.0000000000000
2.1280000209808	0.19085133075714	-0.64818602800369	73.000000000000	0.0000000000000
2.1319999694824	0.18668736517429	-0.65121674537659	73.000000000000	0.0000000000000
2.1359999179840	0.18250614404678	-0.65417426824570	73.000000000000	0.0000000000000
2.1400001049042	0.17830976843834	-0.65705752372742	73.000000000000	0.0000000000000
2.1440000534058	0.17410063743591	-0.65986591577530	73.000000000000	0.0000000000000
2.1480000019073	0.16988113522530	-0.66259872913361	73.000000000000	0.0000000000000
2.1519999504089	0.16565370559692	-0.66525548696518	73.000000000000	0.0000000000000
2.1559998989105	0.16142117977142	-0.66783595085144	73.000000000000	0.0000000000000
2.1600000858307	0.15718574821949	-0.67034000158310	73.000000000000	0.0000000000000
2.1640000343323	0.15295028686523	-0.67276757955551	73.000000000000	0.0000000000000
2.1679999828339	0.14871737360954	-0.67511904239655	73.000000000000	0.0000000000000
2.1719999313354	0.14448973536491	-0.67739456892014	73.000000000000	0.0000000000000
2.1760001182556	0.14027002453804	-0.67959493398666	73.000000000000	0.0000000000000
2.1800000667572	0.13606080412865	-0.68172073364258	73.000000000000	0.0000000000000
2.1840000152588	0.13186469674110	-0.68377280235291	73.000000000000	0.0000000000000
2.1879999637604	0.12768431007862	-0.68575233221054	73.000000000000	0.0000000000000
2.1919999122620	0.12352205812931	-0.68766033649445	73.000000000000	0.0000000000000
2.1960000991821	0.11938038468361	-0.68949854373932	73.000000000000	0.0000000000000
2.2000000476837	0.11526180058718	-0.69126808643341	73.000000000000	0.0000000000000
2.2039999961853	0.11116836220026	-0.69297081232071	73.000000000000	0.0000000000000
2.2079999446869	0.10710240155458	-0.69460856914520	73.000000000000	0.0000000000000
2.2119998931885	0.10306572914124	-0.69618332386017	73.000000000000	0.0000000000000
2.2160000801086	0.099060565233231	-0.69769698381424	73.000000000000	0.0000000000000
2.2200000286102	0.095088668167591	-0.69915193319321	73.000000000000	0.0000000000000
2.2239999771118	0.091151356697083	-0.70055025815964	73.000000000000	0.0000000000000
2.2279999256134	0.087250433862209	-0.70189452171326	73.000000000000	0.0000000000000
2.2320001125336	0.083387285470963	-0.70318710803986	73.000000000000	0.0000000000000
2.2360000610352	0.079563111066818	-0.70443052053452	73.000000000000	0.0000000000000
2.2400000095367	0.075779013335705	-0.70562732219696	73.000000000000	0.0000000000000
2.2439999580383	0.072035424411297	-0.70678031444550	73.000000000000	0.0000000000000
2.2479999065399	0.068333692848682	-0.70789217948914	73.000000000000	0.0000000000000
2.2520000934601	0.064673908054829	-0.70896542072296	73.000000000000	0.0000000000000
2.2560000419617	0.061056826263666	-0.71000301837921	73.000000000000	0.0000000000000
2.2599999904633	0.057482253760099	-0.71100747585297	73.000000000000	0.0000000000000
2.2639999389648	0.053950496017933	-0.71198171377182	73.000000000000	0.0000000000000
2.2679998874664	0.050461251288652	-0.71292829513550	73.000000000000	0.0000000000000
2.2720000743866	0.047014180570841	-0.71384990215302	73.000000000000	0.0000000000000
2.2760000228882	0.043609067797661	-0.71474927663803	73.000000000000	0.0000000000000
2.2799999713898	0.040245119482279	-0.71562880277634	73.000000000000	0.0000000000000
2.2839999198914	0.036921322345734	-0.71649098396301	73.000000000000	0.0000000000000
2.2880001068115	0.033637143671513	-0.71733844280243	73.000000000000	0.0000000000000
2.2920000553131	0.030391126871109	-0.71817320585251	73.000000000000	0.0000000000000
2.2960000038147	0.027182299643755	-0.71899765729904	73.000000000000	0.0000000000000
2.2999999523163	0.024009307846427	-0.71981400251389	73.000000000000	0.0000000000000
2.3039999008179	0.020870568230748	-0.72062408924103	73.000000000000	0.0000000000000
2.3080000877380	0.017764311283827	-0.72142988443375	73.000000000000	0.0000000000000
2.3120000362396	0.014689232222736	-0.72223305702209	73.000000000000	0.0000000000000
2.3159999847412	0.011643311008811	-0.72303521633148	73.000000000000	0.0000000000000
2.3199999332428	0.0086246794089675	-0.72383809089661	73.000000000000	0.0000000000000
2.3239998817444	0.0056314314715564	-0.72464263439178	73.000000000000	0.0000000000000
2.3280000686646	0.0026618151459843	-0.72545015811920	73.000000000000	0.0000000000000
2.3320000171661	-0.00028663384728134	-0.72626161575317	73.000000000000	0.0000000000000
2.3359999656677	-0.0032158803660423	-0.72707802057266	73.000000000000	0.0000000000000
2.3399999141693	-0.0061279041692615	-0.72789984941483	73.000000000000	0.0000000000000
2.3440001010895	-0.0090252198278904	-0.72872787714005	73.000000000000	0.0000000000000
2.3480000495911	-0.011909484863281	-0.72956222295761	73.000000000000	0.0000000000000
2.3519999980927	-0.014783058315516	-0.73040336370468	73.000000000000	0.0000000000000
2.3559999465942	-0.017648307606578	-0.73125106096268	73.000000000000	0.0000000000000
2.3599998950958	-0.020506903529167	-0.73210531473160	73.000000000000	0.0000000000000
2.3640000820160	-0.023361220955849	-0.73296600580215	73.000000000000	0.0000000000000
2.3680000305176	-0.026213111355901	-0.73383247852325	73.000000000000	0.0000000000000
2.3719999790192	-0.029064759612083	-0.73470437526703	73.000000000000	0.0000000000000
2.3759999275208	-0.031917657703161	-0.73558080196381	73.000000000000	0.0000000000000
2.3800001144409	-0.034773815423250	-0.73646104335785	73.000000000000	0.0000000000000
2.3840000629425	-0.037634875625372	-0.73734420537949	73.000000000000	0.0000000000000
2.3880000114441	-0.040502648800611	-0.73822903633118	73.000000000000	0.0000000000000
2.3919999599457	-0.043378405272961	-0.73911452293396	73.000000000000	0.0000000000000
2.3959999084473	-0.046263750642538	-0.73999923467636	73.000000000000	0.0000000000000
2.4000000953674	-0.049159750342369	-0.74088191986084	73.000000000000	0.0000000000000
2.4040000438690	-0.052067615091801	-0.74176090955734	73.000000000000	0.0000000000000
2.4079999923706	-0.054988548159599	-0.74263471364975	73.000000000000	0.0000000000000
2.4119999408722	-0.057923186570406	-0.74350178241730	73.000000000000	0.0000000000000
2.4159998893738	-0.060872517526150	-0.74436044692993	73.000000000000	0.0000000000000
2.4200000762939	-0.063836790621281	-0.74520897865295	73.000000000000	0.0000000000000
2.4240000247955	-0.066816918551922	-0.74604541063309	73.000000000000	0.0000000000000
2.4279999732971	-0.069812931120396	-0.74686831235886	73.000000000000	0.0000000000000
2.4319999217987	-0.072824999690056	-0.74767571687698	73.000000000000	0.0000000000000
2.4360001087189	-0.075853258371353	-0.74846565723419	73.000000000000	0.0000000000000
2.4400000572205	-0.078897461295128	-0.74923658370972	73.000000000000	0.0000000000000
2.4440000057220	-0.081957362592220	-0.74998670816422	73.000000000000	0.0000000000000
2.4479999542236	-0.085032828152180	-0.75071412324905	73.000000000000	0.0000000000000
2.4519999027252	-0.088123016059399	-0.75141733884811	73.000000000000	0.0000000000000
2.4560000896454	-0.091227211058140	-0.75209450721741	73.000000000000	0.0000000000000
2.4600000381470	-0.094344712793827	-0.75274425745010	73.000000000000	0.0000000000000
2.4639999866486	-0.097474582493305	-0.75336486101151	73.000000000000	0.0000000000000
2.4679999351501	-0.10061571002007	-0.75395506620407	73.000000000000	0.0000000000000
2.4719998836517	-0.10376692563295	-0.75451332330704	73.000000000000	0.0000000000000
2.4760000705719	-0.10692708939314	-0.75503849983215	73.000000000000	0.0000000000000
2.4800000190735	-0.11009483784437	-0.75552922487259	73.000000000000	0.0000000000000
2.4839999675751	-0.11326828598976	-0.75598484277725	73.000000000000	0.0000000000000
2.4879999160767	-0.11644658446312	-0.75640392303467	73.000000000000	0.0000000000000
2.4920001029968	-0.11962744593620	-0.75678598880768	73.000000000000	0.0000000000000
2.4960000514984	-0.12280967831612	-0.75713038444519	73.000000000000	0.0000000000000
2.5000000000000	-0.12599116563797	-0.75743621587753	73.000000000000	0.0000000000000
2.5039999485016	-0.12917016446590	-0.75770336389542	73.000000000000	0.0000000000000
2.5079998970032	-0.13234528899193	-0.75793123245239	73.000000000000	0.0000000000000
2.5120000839233	-0.13551428914070	-0.75811988115311	73.000000000000	0.0000000000000
2.5160000324249	-0.13867542147636	-0.75826919078827	73.000000000000	0.0000000000000
2.5199999809265	-0.14182664453983	-0.75837934017181	73.000000000000	0.0000000000000
2.5239999294281	-0.14496660232544	-0.75845038890839	73.000000000000	0.0000000000000
2.5280001163483	-0.14809276163578	-0.75848293304443	73.000000000000	0.0000000000000
2.5320000648499	-0.15120400488377	-0.75847738981247	73.000000000000	0.0000000000000
2.5360000133514	-0.15429799258709	-0.75843435525894	73.000000000000	0.0000000000000
2.5399999618530	-0.15737333893776	-0.75835478305817	73.000000000000	0.0000000000000
2.5439999103546	-0.16042831540108	-0.75823938846588	73.000000000000	0.0000000000000
2.5480000972748	-0.16346119344234	-0.75808924436569	73.000000000000	0.0000000000000
2.5520000457764	-0.16647052764893	-0.75790554285049	73.000000000000	0.0000000000000
2.5559999942780	-0.16945487260818	-0.75768953561783	73.000000000000	0.0000000000000
2.5599999427795	-0.17241297662258	-0.75744247436523	73.000000000000	0.0000000000000
2.5639998912811	-0.17534330487251	-0.75716578960419	73.000000000000	0.0000000000000
2.5680000782013	-0.17824475467205	-0.75686115026474	73.000000000000	0.0000000000000
2.5720000267029	-0.18111638724804	-0.75653028488159	73.000000000000	0.0000000000000
2.5759999752045	-0.18395750224590	-0.75617450475693	73.000000000000	0.0000000000000
2.5799999237061	-0.18676672875881	-0.75579583644867	73.000000000000	0.0000000000000
2.5840001106262	-0.18954366445541	-0.75539594888687	73.000000000000	0.0000000000000
2.5880000591278	-0.19228769838810	-0.75497686862946	73.000000000000	0.0000000000000
2.5920000076294	-0.19499869644642	-0.75454026460648	73.000000000000	0.0000000000000
2.5959999561310	-0.19767577946186	-0.75408822298050	73.000000000000	0.0000000000000
2.5999999046326	-0.20031909644604	-0.75362265110016	73.000000000000	0.0000000000000
2.6040000915527	-0.20292869210243	-0.75314539670944	73.000000000000	0.0000000000000
2.6080000400543	-0.20550441741943	-0.75265842676163	73.000000000000	0.0000000000000
2.6119999885559	-0.20804682374001	-0.75216376781464	73.000000000000	0.0000000000000
2.6159999370575	-0.21055607497692	-0.75166308879852	73.000000000000	0.0000000000000
2.6199998855591	-0.21303264796734	-0.75115847587585	73.000000000000	0.0000000000000
2.6240000724792	-0.21547730267048	-0.75065165758133	73.000000000000	0.0000000000000
2.6280000209808	-0.21789070963860	-0.75014442205429	73.000000000000	0.0000000000000
2.6319999694824	-0.22027386724949	-0.74963843822479	73.000000000000	0.0000000000000
2.6359999179840	-0.22262741625309	-0.74913537502289	73.000000000000	0.0000000000000
2.6400001049042	-0.22495278716087	-0.74863690137863	73.000000000000	0.0000000000000
2.6440000534058	-0.22725118696690	-0.74814432859421	73.000000000000	0.0000000000000
2.6480000019073	-0.22952379286289	-0.74765908718109	73.000000000000	0.0000000000000
2.6519999504089	-0.23177185654640	-0.74718254804611	73.000000000000	0.0000000000000
2.6559998989105	-0.23399730026722	-0.74671584367752	73.000000000000	0.0000000000000
2.6600000858307	-0.23620128631592	-0.74625998735428	73.000000000000	0.0000000000000
2.6640000343323	-0.23838575184345	-0.74581605195999	73.000000000000	0.0000000000000
2.6679999828339	-0.24055185914040	-0.74538475275040	73.000000000000	0.0000000000000
2.6719999313354	-0.24270196259022	-0.74496680498123	73.000000000000	0.0000000000000
2.6760001182556	-0.24483743309975	-0.74456298351288	73.000000000000	0.0000000000000
2.6800000667572	-0.24696017801762	-0.74417340755463	73.000000000000	0.0000000000000
2.6840000152588	-0.24907189607620	-0.74379873275757	73.000000000000	0.0000000000000
2.6879999637604	-0.25117480754852	-0.74343883991241	73.000000000000	0.0000000000000
2.6919999122620	-0.25327026844025	-0.74309408664703	73.000000000000	0.0000000000000
2.6960000991821	-0.25536039471626	-0.74276411533356	73.000000000000	0.0000000000000
2.7000000476837	-0.25744709372520	-0.74244892597198	73.000000000000	0.0000000000000
2.7039999961853	-0.25953191518784	-0.74214798212051	73.000000000000	0.0000000000000
2.7079999446869	-0.26161631941795	-0.74186104536057	73.000000000000	0.0000000000000
2.7119998931885	-0.26370295882225	-0.74158722162247	73.000000000000	0.0000000000000
2.7160000801086	-0.26579260826111	-0.74132603406906	73.000000000000	0.0000000000000
2.7200000286102	-0.26788744330406	-0.74107652902603	73.000000000000	0.0000000000000
2.7239999771118	-0.26998841762543	-0.74083775281906	73.000000000000	0.0000000000000
2.7279999256134	-0.27209734916687	-0.74060875177383	73.000000000000	0.0000000000000
2.7320001125336	-0.27421545982361	-0.74038827419281	73.000000000000	0.0000000000000
2.7360000610352	-0.27634412050247	-0.74017512798309	73.000000000000	0.0000000000000
2.7400000095367	-0.27848410606384	-0.73996794223785	73.000000000000	0.0000000000000
2.7439999580383	-0.28063705563545	-0.73976522684097	73.000000000000	0.0000000000000
2.7479999065399	-0.28280362486839	-0.73956555128098	73.000000000000	0.0000000000000
2.7520000934601	-0.28498470783234	-0.73936736583710	73.000000000000	0.0000000000000
2.7560000419617	-0.28718087077141	-0.73916906118393	73.000000000000	0.0000000000000
2.7599999904633	-0.28939288854599	-0.73896902799606	73.000000000000	0.0000000000000
2.7639999389648	-0.29162096977234	-0.73876547813416	73.000000000000	0.0000000000000
2.7679998874664	-0.29386577010155	-0.73855686187744	73.000000000000	0.0000000000000
2.7720000743866	-0.29612672328949	-0.73834145069122	73.000000000000	0.0000000000000
2.7760000228882	-0.29840505123138	-0.73811715841293	73.000000000000	0.0000000000000
2.7799999713898	-0.30069988965988	-0.73788267374039	73.000000000000	0.0000000000000
2.7839999198914	-0.30301129817963	-0.73763597011566	73.000000000000	0.0000000000000
2.7880001068115	-0.30533871054649	-0.73737561702728	73.000000000000	0.0000000000000
2.7920000553131	-0.30768212676048	-0.73709958791733	73.000000000000	0.0000000000000
2.7960000038147	-0.31004059314728	-0.73680657148361	73.000000000000	0.0000000000000
2.7999999523163	-0.31241375207901	-0.73649483919144	73.000000000000	0.0000000000000
2.8039999008179	-0.31480017304420	-0.73616284132004	73.000000000000	0.0000000000000
2.8080000877380	-0.31719955801964	-0.73580920696259	73.000000000000	0.0000000000000
2.8120000362396	-0.31961077451706	-0.73543238639832	73.000000000000	0.0000000000000
2.8159999847412	-0.32203206419945	-0.73503142595291	73.000000000000	0.0000000000000
2.8199999332428	-0.32446303963661	-0.73460459709167	73.000000000000	0.0000000000000
2.8239998817444	-0.32690197229385	-0.73415124416351	73.000000000000	0.0000000000000
2.8280000686646	-0.32934704422951	-0.73367023468018	73.000000000000	0.0000000000000
2.8320000171661	-0.33179789781570	-0.73316025733948	73.000000000000	0.0000000000000
2.8359999656677	-0.33425208926201	-0.73262095451355	73.000000000000	0.0000000000000
2.8399999141693	-0.33670827746391	-0.73205155134201	73.000000000000	0.0000000000000
2.8440001010895	-0.33916470408440	-0.73145145177841	73.000000000000	0.0000000000000
2.8480000495911	-0.34161958098412	-0.73082017898560	73.000000000000	0.0000000000000
2.8519999980927	-0.34407180547714	-0.73015743494034	73.000000000000	0.0000000000000
2.8559999465942	-0.34651923179626	-0.72946292161942	73.000000000000	0.0000000000000
2.8599998950958	-0.34895965456963	-0.72873693704605	73.000000000000	0.0000000000000
2.8640000820160	-0.35139217972755	-0.72797918319702	73.000000000000	0.0000000000000
2.8680000305176	-0.35381457209587	-0.72718995809555	73.000000000000	0.0000000000000
2.8719999790192	-0.35622510313988	-0.72636979818344	73.000000000000	0.0000000000000
2.8759999275208	-0.35862258076668	-0.72551870346069	73.000000000000	0.0000000000000
2.8800001144409	-0.36100471019745	-0.72463768720627	73.000000000000	0.0000000000000
2.8840000629425	-0.36336970329285	-0.72372752428055	73.000000000000	0.0000000000000
2.8880000114441	-0.36571714282036	-0.72278851270676	73.000000000000	0.0000000000000
2.8919999599457	-0.36804434657097	-0.72182208299637	73.000000000000	0.0000000000000
2.8959999084473	-0.37035083770752	-0.72082877159119	73.000000000000	0.0000000000000
2.9000000953674	-0.37263423204422	-0.71981054544449	73.000000000000	0.0000000000000
2.9040000438690	-0.37489414215088	-0.71876782178879	73.000000000000	0.0000000000000
2.9079999923706	-0.37712934613228	-0.71770215034485	73.000000000000	0.0000000000000
2.9119999408722	-0.37933817505836	-0.71661520004272	73.000000000000	0.0000000000000
2.9159998893738	-0.38152018189430	-0.71550834178925	73.000000000000	0.0000000000000
2.9200000762939	-0.38367462158203	-0.71438294649124	73.000000000000	0.0000000000000
2.9240000247955	-0.38580006361008	-0.71324098110199	73.000000000000	0.0000000000000
2.9279999732971	-0.38789692521095	-0.71208369731903	73.000000000000	0.0000000000000
2.9319999217987	-0.38996359705925	-0.71091324090958	73.000000000000	0.0000000000000
2.9360001087189	-0.39200058579445	-0.70973110198975	73.000000000000	0.0000000000000
2.9400000572205	-0.39400735497475	-0.70853888988495	73.000000000000	0.0000000000000
2.9440000057220	-0.39598390460014	-0.70733869075775	73.000000000000	0.0000000000000
2.9479999542236	-0.39792984724045	-0.70613235235214	73.000000000000	0.0000000000000
2.9519999027252	-0.39984616637230	-0.70492106676102	73.000000000000	0.0000000000000
2.9560000896454	-0.40173235535622	-0.70370727777481	73.000000000000	0.0000000000000
2.9600000381470	-0.40358909964561	-0.70249241590500	73.000000000000	0.0000000000000
2.9639999866486	-0.40541717410088	-0.70127803087234	73.000000000000	0.0000000000000
2.9679999351501	-0.40721684694290	-0.70006626844406	73.000000000000	0.0000000000000
2.9719998836517	-0.40898925065994	-0.69885826110840	73.000000000000	0.0000000000000
2.9760000705719	-0.41073560714722	-0.69765549898148	73.000000000000	0.0000000000000
2.9800000190735	-0.41245615482330	-0.69645988941193	73.000000000000	0.0000000000000
2.9839999675751	-0.41415238380432	-0.69527256488800	73.000000000000	0.0000000000000
2.9879999160767	-0.41582563519478	-0.69409489631653	73.000000000000	0.0000000000000
2.9920001029968	-0.41747704148293	-0.69292807579041	73.000000000000	0.0000000000000
2.9960000514984	-0.41910788416862	-0.69177335500717	73.000000000000	0.0000000000000
3.0000000000000	-0.42072039842606	-0.69063138961792	73.000000000000	0.0000000000000
3.0039999485016	-0.42231535911560	-0.68950343132019	73.000000000000	0.0000000000000
3.0079998970032	-0.42389464378357	-0.68839019536972	73.000000000000	0.0000000000000
3.0120000839233	-0.42546042799950	-0.68729197978973	73.000000000000	0.0000000000000
3.0160000324249	-0.42701369524002	-0.68620973825455	73.000000000000	0.0000000000000
3.0199999809265	-0.42855656147003	-0.68514376878738	73.000000000000	0.0000000000000
3.0239999294281	-0.43009075522423	-0.68409430980682	73.000000000000	0.0000000000000
3.0280001163483	-0.43161818385124	-0.68306148052216	73.000000000000	0.0000000000000
3.0320000648499	-0.43314042687416	-0.68204540014267	73.000000000000	0.0000000000000
3.0360000133514	-0.43465971946716	-0.68104588985443	73.000000000000	0.0000000000000
3.0399999618530	-0.43617779016495	-0.68006235361099	73.000000000000	0.0000000000000
3.0439999103546	-0.43769600987434	-0.67909485101700	73.000000000000	0.0000000000000
3.0480000972748	-0.43921673297882	-0.67814260721207	73.000000000000	0.0000000000000
3.0520000457764	-0.44074127078056	-0.67720502614975	73.000000000000	0.0000000000000
3.0559999942780	-0.44227138161659	-0.67628127336502	73.000000000000	0.0000000000000
3.0599999427795	-0.44380894303322	-0.67537045478821	73.000000000000	0.0000000000000
3.0639998912811	-0.44535520672798	-0.67447149753571	73.000000000000	0.0000000000000
3.0680000782013	-0.44691196084023	-0.67358320951462	73.000000000000	0.0000000000000
3.0720000267029	-0.44847995042801	-0.67270469665527	73.000000000000	0.0000000000000
3.0759999752045	-0.45006102323532	-0.67183417081833	73.000000000000	0.0000000000000
3.0799999237061	-0.45165622234344	-0.67097032070160	73.000000000000	0.0000000000000
3.0840001106262	-0.45326665043831	-0.67011165618896	73.000000000000	0.0000000000000
3.0880000591278	-0.45489346981049	-0.66925638914108	73.000000000000	0.0000000000000
3.0920000076294	-0.45653724670410	-0.66840308904648	73.000000000000	0.0000000000000
3.0959999561310	-0.45819905400276	-0.66754966974258	73.000000000000	0.0000000000000
3.0999999046326	-0.45987924933434	-0.66669452190399	73.000000000000	0.0000000000000
3.1040000915527	-0.46157819032669	-0.66583591699600	73.000000000000	0.0000000000000
3.1080000400543	-0.46329641342163	-0.66497170925140	73.000000000000	0.0000000000000
3.1119999885559	-0.46503415703773	-0.66410017013550	73.000000000000	0.0000000000000
3.1159999370575	-0.46679177880287	-0.66321897506714	73.000000000000	0.0000000000000
3.1199998855591	-0.46856847405434	-0.66232669353485	73.000000000000	0.0000000000000
3.1240000724792	-0.47036483883858	-0.66142088174820	73.000000000000	0.0000000000000
3.1280000209808	-0.47217988967896	-0.66050016880035	73.000000000000	0.0000000000000
3.1319999694824	-0.47401326894760	-0.65956240892410	73.000000000000	0.0000000000000
3.1359999179840	-0.47586479783058	-0.65860551595688	73.000000000000	0.0000000000000
3.1400001049042	-0.47773343324661	-0.65762782096863	73.000000000000	0.0000000000000
3.1440000534058	-0.47961851954460	-0.65662741661072	73.000000000000	0.0000000000000
3.1480000019073	-0.48151838779449	-0.65560305118561	73.000000000000	0.0000000000000
3.1519999504089	-0.48343262076378	-0.65455245971680	73.000000000000	0.0000000000000
3.1559998989105	-0.48535978794098	-0.65347439050674	73.000000000000	0.0000000000000
3.1600000858307	-0.48729836940765	-0.65236741304398	73.000000000000	0.0000000000000
3.1640000343323	-0.48924702405930	-0.65123015642166	73.000000000000	0.0000000000000
3.1679999828339	-0.49120426177979	-0.65006113052368	73.000000000000	0.0000000000000
3.1719999313354	-0.49316841363907	-0.64885914325714	73.000000000000	0.0000000000000
3.1760001182556	-0.49513772130013	-0.64762336015701	73.000000000000	0.0000000000000
3.1800000667572	-0.49711033701897	-0.64635288715363	73.000000000000	0.0000000000000
3.1840000152588	-0.49908494949341	-0.64504629373550	73.000000000000	0.0000000000000
3.1879999637604	-0.50105887651443	-0.64370357990265	73.000000000000	0.0000000000000
3.1919999122620	-0.50303035974503	-0.64232414960861	73.000000000000	0.0000000000000
3.1960000991821	-0.50499796867371	-0.64090710878372	73.000000000000	0.0000000000000
3.2000000476837	-0.50695896148682	-0.63945257663727	73.000000000000	0.0000000000000
3.2039999961853	-0.50891149044037	-0.63796049356461	73.000000000000	0.0000000000000
3.2079999446869	-0.51085394620895	-0.63643044233322	73.000000000000	0.0000000000000
3.2119998931885	-0.51278376579285	-0.63486284017563	73.000000000000	0.0000000000000
3.2160000801086	-0.51469957828522	-0.63325780630112	73.000000000000	0.0000000000000
3.2200000286102	-0.51659893989563	-0.63161569833755	73.000000000000	0.0000000000000
3.2239999771118	-0.51847994327545	-0.62993729114532	73.000000000000	0.0000000000000
3.2279999256134	-0.52034062147141	-0.62822324037552	73.000000000000	0.0000000000000
3.2320001125336	-0.52217936515808	-0.62647426128387	73.000000000000	0.0000000000000
3.2360000610352	-0.52399420738220	-0.62469118833542	73.000000000000	0.0000000000000
3.2400000095367	-0.52578359842300	-0.62287515401840	73.000000000000	0.0000000000000
3.2439999580383	-0.52754569053650	-0.62102741003036	73.000000000000	0.0000000000000
3.2479999065399	-0.52927935123444	-0.61914891004562	73.000000000000	0.0000000000000
3.2520000934601	-0.53098255395889	-0.61724144220352	73.000000000000	0.0000000000000
3.2560000419617	-0.53265434503555	-0.61530637741089	73.000000000000	0.0000000000000
3.2599999904633	-0.53429323434830	-0.61334502696991	73.000000000000	0.0000000000000
3.2639999389648	-0.53589838743210	-0.61135905981064	73.000000000000	0.0000000000000
3.2679998874664	-0.53746891021729	-0.60935038328171	73.000000000000	0.0000000000000
3.2720000743866	-0.53900331258774	-0.60732048749924	73.000000000000	0.0000000000000
3.2760000228882	-0.54050147533417	-0.60527133941650	73.000000000000	0.0000000000000
3.2799999713898	-0.54196244478226	-0.60320472717285	73.000000000000	0.0000000000000
3.2839999198914	-0.54338580369949	-0.60112226009369	73.000000000000	0.0000000000000
3.2880001068115	-0.54477143287659	-0.59902620315552	73.000000000000	0.0000000000000
3.2920000553131	-0.54611873626709	-0.59691822528839	73.000000000000	0.0000000000000
3.2960000038147	-0.54742801189423	-0.59480029344559	73.000000000000	0.0000000000000
3.2999999523163	-0.54869925975800	-0.59267431497574	73.000000000000	0.0000000000000
3.3039999008179	-0.54993259906769	-0.59054189920425	73.000000000000	0.0000000000000
3.3080000877380	-0.55112832784653	-0.58840525150299	73.000000000000	0.0000000000000
3.3120000362396	-0.55228704214096	-0.58626580238342	73.000000000000	0.0000000000000
3.3159999847412	-0.55340951681137	-0.58412533998489	73.000000000000	0.0000000000000
3.3199999332428	-0.55449610948563	-0.58198571205139	73.000000000000	0.0000000000000
3.3239998817444	-0.55554783344269	-0.57984828948975	73.000000000000	0.0000000000000
3.3280000686646	-0.55656552314758	-0.57771468162537	73.000000000000	0.0000000000000
3.3320000171661	-0.55755025148392	-0.57558637857437	73.000000000000	0.0000000000000
3.3359999656677	-0.55850362777710	-0.57346451282501	73.000000000000	0.0000000000000
3.3399999141693	-0.55942642688751	-0.57135051488876	73.000000000000	0.0000000000000
3.3440001010895	-0.56031996011734	-0.56924545764923	73.000000000000	0.0000000000000
3.3480000495911	-0.56118577718735	-0.56715023517609	73.000000000000	0.0000000000000
3.3519999980927	-0.56202560663223	-0.56506580114365	73.000000000000	0.0000000000000
3.3559999465942	-0.56284058094025	-0.56299287080765	73.000000000000	0.0000000000000
3.3599998950958	-0.56363260746002	-0.56093204021454	73.000000000000	0.0000000000000
3.3640000820160	-0.56440305709839	-0.55888378620148	73.000000000000	0.0000000000000
3.3680000305176	-0.56515353918076	-0.55684858560562	73.000000000000	0.0000000000000
3.3719999790192	-0.56588596105576	-0.55482661724091	73.000000000000	0.0000000000000
3.3759999275208	-0.56660193204880	-0.55281782150269	73.000000000000	0.0000000000000
3.3800001144409	-0.56730306148529	-0.55082225799561	73.000000000000	0.0000000000000
3.3840000629425	-0.56799095869064	-0.54883968830109	73.000000000000	0.0000000000000
3.3880000114441	-0.56866723299026	-0.54686969518661	73.000000000000	0.0000000000000
3.3919999599457	-0.56933343410492	-0.54491174221039	73.000000000000	0.0000000000000
3.3959999084473	-0.56999140977859	-0.54296535253525	73.000000000000	0.0000000000000
3.4000000953674	-0.57064259052277	-0.54102963209152	73.000000000000	0.0000000000000
3.4040000438690	-0.57128804922104	-0.53910380601883	73.000000000000	0.0000000000000
3.4079999923706	-0.57192915678024	-0.53718686103821	73.000000000000	0.0000000000000
3.4119999408722	-0.57256752252579	-0.53527766466141	73.000000000000	0.0000000000000
3.4159998893738	-0.57320410013199	-0.53337490558624	73.000000000000	0.0000000000000
3.4200000762939	-0.57383984327316	-0.53147733211517	73.000000000000	0.0000000000000
3.4240000247955	-0.57447582483292	-0.52958363294601	73.000000000000	0.0000000000000
3.4279999732971	-0.57511287927628	-0.52769207954407	73.000000000000	0.0000000000000
3.4319999217987	-0.57575190067291	-0.52580100297928	73.000000000000	0.0000000000000
3.4360001087189	-0.57639294862747	-0.52390915155411	73.000000000000	0.0000000000000
3.4400000572205	-0.57703655958176	-0.52201461791992	73.000000000000	0.0000000000000
3.4440000057220	-0.57768332958221	-0.52011555433273	73.000000000000	0.0000000000000
3.4479999542236	-0.57833307981491	-0.51821035146713	73.000000000000	0.0000000000000
3.4519999027252	-0.57898616790771	-0.51629674434662	73.000000000000	0.0000000000000
3.4560000896454	-0.57964235544205	-0.51437330245972	73.000000000000	0.0000000000000
3.4600000381470	-0.58030062913895	-0.51243829727173	73.000000000000	0.0000000000000
3.4639999866486	-0.58096134662628	-0.51048952341080	73.000000000000	0.0000000000000
3.4679999351501	-0.58162385225296	-0.50852507352829	73.000000000000	0.0000000000000
3.4719998836517	-0.58228677511215	-0.50654345750809	73.000000000000	0.0000000000000
3.4760000705719	-0.58294951915741	-0.50454294681549	73.000000000000	0.0000000000000
3.4800000190735	-0.58361119031906	-0.50252163410187	73.000000000000	0.0000000000000
3.4839999675751	-0.58427035808563	-0.50047796964645	73.000000000000	0.0000000000000
3.4879999160767	-0.58492547273636	-0.49841052293777	73.000000000000	0.0000000000000
3.4920001029968	-0.58557564020157	-0.49631738662720	73.000000000000	0.0000000000000
3.4960000514984	-0.58621835708618	-0.49419781565666	73.000000000000	0.0000000000000
3.5000000000000	-0.58685272932053	-0.49204987287521	73.000000000000	0.0000000000000
3.5039999485016	-0.58747607469559	-0.48987305164337	73.000000000000	0.0000000000000
3.5079998970032	-0.58808714151382	-0.48766577243805	73.000000000000	0.0000000000000
3.5120000839233	-0.58868336677551	-0.48542717099190	73.000000000000	0.0000000000000
3.5160000324249	-0.58926260471344	-0.48315694928169	73.000000000000	0.0000000000000
3.5199999809265	-0.58982270956039	-0.48085397481918	73.000000000000	0.0000000000000
3.5239999294281	-0.59036147594452	-0.47851800918579	73.000000000000	0.0000000000000
3.5280001163483	-0.59087616205215	-0.47614881396294	73.000000000000	0.0000000000000
3.5320000648499	-0.59136468172073	-0.47374585270882	73.000000000000	0.0000000000000
3.5360000133514	-0.59182429313660	-0.47130963206291	73.000000000000	0.0000000000000
3.5399999618530	-0.59225255250931	-0.46884012222290	73.000000000000	0.0000000000000
3.5439999103546	-0.59264719486237	-0.46633756160736	73.000000000000	0.0000000000000
3.5480000972748	-0.59300518035889	-0.46380269527435	73.000000000000	0.0000000000000
3.5520000457764	-0.59332406520844	-0.46123632788658	73.000000000000	0.0000000000000
3.5559999942780	-0.59360158443451	-0.45863908529282	73.000000000000	0.0000000000000
3.5599999427795	-0.59383535385132	-0.45601204037666	73.000000000000	0.0000000000000
3.5639998912811	-0.59402269124985	-0.45335659384727	73.000000000000	0.0000000000000
3.5680000782013	-0.59416145086288	-0.45067396759987	73.000000000000	0.0000000000000
3.5720000267029	-0.59424901008606	-0.44796591997147	73.000000000000	0.0000000000000
3.5759999752045	-0.59428358078003	-0.44523406028748	73.000000000000	0.0000000000000
3.5799999237061	-0.59426277875900	-0.44248020648956	73.000000000000	0.0000000000000
3.5840001106262	-0.59418445825577	-0.43970644474030	73.000000000000	0.0000000000000
3.5880000591278	-0.59404700994492	-0.43691509962082	73.000000000000	0.0000000000000
3.5920000076294	-0.59384828805923	-0.43410837650299	73.000000000000	0.0000000000000
3.5959999561310	-0.59358716011047	-0.43128871917725	73.000000000000	0.0000000000000
3.5999999046326	-0.59326153993607	-0.42845895886421	73.000000000000	0.0000000000000
3.6040000915527	-0.59287035465240	-0.42562124133110	73.000000000000	0.0000000000000
3.6080000400543	-0.59241235256195	-0.42277866601944	73.000000000000	0.0000000000000
3.6119999885559	-0.59188675880432	-0.41993397474289	73.000000000000	0.0000000000000
3.6159999370575	-0.59129232168198	-0.41709026694298	73.000000000000	0.0000000000000
3.6199998855591	-0.59062862396240	-0.41425034403801	73.000000000000	0.0000000000000
3.6240000724792	-0.58989500999451	-0.41141730546951	73.000000000000	0.0000000000000
3.6280000209808	-0.58909118175507	-0.40859451889992	73.000000000000	0.0000000000000
3.6319999694824	-0.58821684122086	-0.40578472614288	73.000000000000	0.0000000000000
3.6359999179840	-0.58727252483368	-0.40299114584923	73.000000000000	0.0000000000000
3.6400001049042	-0.58625781536102	-0.40021717548370	73.000000000000	0.0000000000000
3.6440000534058	-0.58517366647720	-0.39746564626694	73.000000000000	0.0000000000000
3.6480000019073	-0.58402055501938	-0.39473986625671	73.000000000000	0.0000000000000
3.6519999504089	-0.58279901742935	-0.39204281568527	73.000000000000	0.0000000000000
3.6559998989105	-0.58151048421860	-0.38937744498253	73.000000000000	0.0000000000000
3.6600000858307	-0.58015596866608	-0.38674670457840	73.000000000000	0.0000000000000
3.6640000343323	-0.57873666286469	-0.38415384292603	73.000000000000	0.0000000000000
3.6679999828339	-0.57725423574448	-0.38160115480423	73.000000000000	0.0000000000000
3.6719999313354	-0.57571017742157	-0.37909170985222	73.000000000000	0.0000000000000
3.6760001182556	-0.57410663366318	-0.37662807106972	73.000000000000	0.0000000000000
3.6800000667572	-0.57244533300400	-0.37421256303787	73.000000000000	0.0000000000000
3.6840000152588	-0.57072877883911	-0.37184759974480	73.000000000000	0.0000000000000
3.6879999637604	-0.56895864009857	-0.36953547596931	73.000000000000	0.0000000000000
3.6919999122620	-0.56713771820068	-0.36727821826935	73.000000000000	0.0000000000000
3.6960000991821	-0.56526857614517	-0.36507770419121	73.000000000000	0.0000000000000
3.7000000476837	-0.56335353851318	-0.36293604969978	73.000000000000	0.0000000000000
3.7039999961853	-0.56139558553696	-0.36085429787636	73.000000000000	0.0000000000000
3.7079999446869	-0.55939710140228	-0.35883423686028	73.000000000000	0.0000000000000
3.7119998931885	-0.55736130475998	-0.35687705874443	73.000000000000	0.0000000000000
3.7160000801086	-0.55529093742371	-0.35498383641243	73.000000000000	0.0000000000000
3.7200000286102	-0.55318892002106	-0.35315534472466	73.000000000000	0.0000000000000
3.7239999771118	-0.55105817317963	-0.35139244794846	73.000000000000	0.0000000000000
3.7279999256134	-0.54890191555023	-0.34969553351402	73.000000000000	0.0000000000000
3.7320001125336	-0.54672288894653	-0.34806495904922	73.000000000000	0.0000000000000
3.7360000610352	-0.54452401399612	-0.34650102257729	73.000000000000	0.0000000000000
3.7400000095367	-0.54230839014053	-0.34500348567963	73.000000000000	0.0000000000000
3.7439999580383	-0.54007893800735	-0.34357228875160	73.000000000000	0.0000000000000
3.7479999065399	-0.53783857822418	-0.34220683574677	73.000000000000	0.0000000000000
3.7520000934601	-0.53558999300003	-0.34090673923492	73.000000000000	0.0000000000000
3.7560000419617	-0.53333568572998	-0.33967131376266	73.000000000000	0.0000000000000
3.7599999904633	-0.53107869625092	-0.33849936723709	73.000000000000	0.0000000000000
3.7639999389648	-0.52882158756256	-0.33739036321640	73.000000000000	0.0000000000000
3.7679998874664	-0.52656656503677	-0.33634239435196	73.000000000000	0.0000000000000
3.7720000743866	-0.52431601285934	-0.33535489439964	73.000000000000	0.0000000000000
3.7760000228882	-0.52207219600677	-0.33442583680153	73.000000000000	0.0000000000000
3.7799999713898	-0.51983731985092	-0.33355388045311	73.000000000000	0.0000000000000
3.7839999198914	-0.51761329174042	-0.33273735642433	73.000000000000	0.0000000000000
3.7880001068115	-0.51540154218674	-0.33197438716888	73.000000000000	0.0000000000000
3.7920000553131	-0.51320421695709	-0.33126315474510	73.000000000000	0.0000000000000
3.7960000038147	-0.51102256774902	-0.33060175180435	73.000000000000	0.0000000000000
3.7999999523163	-0.50885766744614	-0.32998812198639	73.000000000000	0.0000000000000
3.8039999008179	-0.50671136379242	-0.32942008972168	73.000000000000	0.0000000000000
3.8080000877380	-0.50458401441574	-0.32889586687088	73.000000000000	0.0000000000000
3.8120000362396	-0.50247675180435	-0.32841306924820	73.000000000000	0.0000000000000
3.8159999847412	-0.50039017200470	-0.32796949148178	73.000000000000	0.0000000000000
3.8199999332428	-0.49832469224930	-0.32756316661835	73.000000000000	0.0000000000000
3.8239998817444	-0.49628072977066	-0.32719221711159	73.000000000000	0.0000000000000
3.8280000686646	-0.49425831437111	-0.32685410976410	73.000000000000	0.0000000000000
3.8320000171661	-0.49225774407387	-0.32654702663422	73.000000000000	0.0000000000000
3.8359999656677	-0.49027848243713	-0.32626897096634	73.000000000000	0.0000000000000
3.8399999141693	-0.48832041025162	-0.32601782679558	73.000000000000	0.0000000000000
3.8440001010895	-0.48638319969177	-0.32579180598259	73.000000000000	0.0000000000000
3.8480000495911	-0.48446574807167	-0.32558941841125	73.000000000000	0.0000000000000
3.8519999980927	-0.48256784677505	-0.32540872693062	73.000000000000	0.0000000000000
3.8559999465942	-0.48068857192993	-0.32524797320366	73.000000000000	0.0000000000000
3.8599998950958	-0.47882676124573	-0.32510593533516	73.000000000000	0.0000000000000
3.8640000820160	-0.47698137164116	-0.32498136162758	73.000000000000	0.0000000000000
3.8680000305176	-0.47515112161636	-0.32487276196480	73.000000000000	0.0000000000000
3.8719999790192	-0.47333514690399	-0.32477921247482	73.000000000000	0.0000000000000
3.8759999275208	-0.47153174877167	-0.32469978928566	73.000000000000	0.0000000000000
3.8800001144409	-0.46973955631256	-0.32463362812996	73.000000000000	0.0000000000000
3.8840000629425	-0.46795743703842	-0.32458016276360	73.000000000000	0.0000000000000
3.8880000114441	-0.46618354320526	-0.32453885674477	73.000000000000	0.0000000000000
3.8919999599457	-0.46441653370857	-0.32450947165489	73.000000000000	0.0000000000000
3.8959999084473	-0.46265500783920	-0.32449162006378	73.000000000000	0.0000000000000
3.9000000953674	-0.46089729666710	-0.32448559999466	73.000000000000	0.0000000000000
3.9040000438690	-0.45914211869240	-0.32449135184288	73.000000000000	0.0000000000000
3.9079999923706	-0.45738747715950	-0.32450926303864	73.000000000000	0.0000000000000
3.9119999408722	-0.45563256740570	-0.32453975081444	73.000000000000	0.0000000000000
3.9159998893738	-0.45387563109398	-0.32458353042603	73.000000000000	0.0000000000000
3.9200000762939	-0.45211559534073	-0.32464122772217	73.000000000000	0.0000000000000
3.9240000247955	-0.45035094022751	-0.32471385598183	73.000000000000	0.0000000000000
3.9279999732971	-0.44858077168465	-0.32480242848396	73.000000000000	0.0000000000000
3.9319999217987	-0.44680401682854	-0.32490792870522	73.000000000000	0.0000000000000
3.9360001087189	-0.44501948356628	-0.32503196597099	73.000000000000	0.0000000000000
3.9400000572205	-0.44322669506073	-0.32517573237419	73.000000000000	0.0000000000000
3.9440000057220	-0.44142478704453	-0.32534080743790	73.000000000000	0.0000000000000
3.9479999542236	-0.43961331248283	-0.32552865147591	73.000000000000	0.0000000000000
3.9519999027252	-0.43779152631760	-0.32574105262756	73.000000000000	0.0000000000000
3.9560000896454	-0.43595954775810	-0.32597959041595	73.000000000000	0.0000000000000
3.9600000381470	-0.43411722779274	-0.32624617218971	73.000000000000	0.0000000000000
3.9639999866486	-0.43226435780525	-0.32654264569283	73.000000000000	0.0000000000000
3.9679999351501	-0.43040156364441	-0.32687088847160	73.000000000000	0.0000000000000
3.9719998836517	-0.42852878570557	-0.32723283767700	73.000000000000	0.0000000000000
3.9760000705719	-0.42664706707001	-0.32763004302979	73.000000000000	0.0000000000000
3.9800000190735	-0.42475673556328	-0.32806485891342	73.000000000000	0.0000000000000
3.9839999675751	-0.42285880446434	-0.32853886485100	73.000000000000	0.0000000000000
3.9879999160767	-0.42095458507538	-0.32905390858650	73.000000000000	0.0000000000000
3.9920001029968	-0.41904520988464	-0.32961174845695	73.000000000000	0.0000000000000
3.9960000514984	-0.41713187098503	-0.33021429181099	73.000000000000	0.0000000000000
4.0000000000000	-0.41521641612053	-0.33086290955544	73.000000000000	0.0000000000000
