#Parameters = {d=40; L=50}
#"Frequency / GHz"	"S1,1 (d=40) [Re]"	"S1,1 (d=40) [Im]"	"Ref.Imp. [Re]"	"Ref.Imp. [Im]"
#---------------------------------------------------------------------------------------
0.0000000000000	0.99696493148804	-0.0000000000000	73.000000000000	0.0000000000000
0.0040000001899898	0.99693083763123	-0.0087094483897090	73.000000000000	0.0000000000000
0.0080000003799796	0.99682861566544	-0.017418963834643	73.000000000000	0.0000000000000
0.012000000104308	0.99665838479996	-0.026128616183996	73.000000000000	0.0000000000000
0.016000000759959	0.99641954898834	-0.034838449209929	73.000000000000	0.0000000000000
0.019999999552965	0.99611234664917	-0.043548513203859	73.000000000000	0.0000000000000
0.024000000208616	0.99573636054993	-0.052258819341660	73.000000000000	0.0000000000000
0.028000000864267	0.99529123306274	-0.060969375073910	73.000000000000	0.0000000000000
0.032000001519918	0.99477672576904	-0.069680146872997	73.000000000000	0.0000000000000
0.035999998450279	0.99419230222702	-0.078391037881374	73.000000000000	0.0000000000000
0.039999999105930	0.99353760480881	-0.087101995944977	73.000000000000	0.0000000000000
0.043999999761581	0.99281221628189	-0.095812857151031	73.000000000000	0.0000000000000
0.048000000417233	0.99201548099518	-0.10452342778444	73.000000000000	0.0000000000000
0.052000001072884	0.99114686250687	-0.11323347687721	73.000000000000	0.0000000000000
0.056000001728535	0.99020576477051	-0.12194271385670	73.000000000000	0.0000000000000
0.059999998658895	0.98919165134430	-0.13065083324909	73.000000000000	0.0000000000000
0.064000003039837	0.98810380697250	-0.13935741782188	73.000000000000	0.0000000000000
0.068000003695488	0.98694169521332	-0.14806200563908	73.000000000000	0.0000000000000
0.071999996900558	0.98570436239243	-0.15676409006119	73.000000000000	0.0000000000000
0.075999997556210	0.98439145088196	-0.16546308994293	73.000000000000	0.0000000000000
0.079999998211861	0.98300212621689	-0.17415840923786	73.000000000000	0.0000000000000
0.083999998867512	0.98153555393219	-0.18284930288792	73.000000000000	0.0000000000000
0.087999999523163	0.97999137639999	-0.19153508543968	73.000000000000	0.0000000000000
0.092000000178814	0.97836863994598	-0.20021483302116	73.000000000000	0.0000000000000
0.096000000834465	0.97666692733765	-0.20888772606850	73.000000000000	0.0000000000000
0.10000000149012	0.97488546371460	-0.21755281090736	73.000000000000	0.0000000000000
0.10400000214577	0.97302371263504	-0.22620908915997	73.000000000000	0.0000000000000
0.10800000280142	0.97108101844788	-0.23485545814037	73.000000000000	0.0000000000000
0.11200000345707	0.96905684471130	-0.24349087476730	73.000000000000	0.0000000000000
0.11599999666214	0.96695089340210	-0.25211408734322	73.000000000000	0.0000000000000
0.11999999731779	0.96476244926453	-0.26072388887405	73.000000000000	0.0000000000000
0.12399999797344	0.96249121427536	-0.26931905746460	73.000000000000	0.0000000000000
0.12800000607967	0.96013689041138	-0.27789822220802	73.000000000000	0.0000000000000
0.13199999928474	0.95769906044006	-0.28646004199982	73.000000000000	0.0000000000000
0.13600000739098	0.95517760515213	-0.29500314593315	73.000000000000	0.0000000000000
0.14000000059605	0.95257204771042	-0.30352610349655	73.000000000000	0.0000000000000
0.14399999380112	0.94988274574280	-0.31202739477158	73.000000000000	0.0000000000000
0.14800000190735	0.94710934162140	-0.32050570845604	73.000000000000	0.0000000000000
0.15199999511242	0.94425183534622	-0.32895940542221	73.000000000000	0.0000000000000
0.15600000321865	0.94131040573120	-0.33738696575165	73.000000000000	0.0000000000000
0.15999999642372	0.93828535079956	-0.34578701853752	73.000000000000	0.0000000000000
0.16400000452995	0.93517655134201	-0.35415789484978	73.000000000000	0.0000000000000
0.16799999773502	0.93198448419571	-0.36249810457230	73.000000000000	0.0000000000000
0.17200000584126	0.92870956659317	-0.37080618739128	73.000000000000	0.0000000000000
0.17599999904633	0.92535209655762	-0.37908062338829	73.000000000000	0.0000000000000
0.18000000715256	0.92191278934479	-0.38731989264488	73.000000000000	0.0000000000000
0.18400000035763	0.91839212179184	-0.39552262425423	73.000000000000	0.0000000000000
0.18799999356270	0.91479068994522	-0.40368723869324	73.000000000000	0.0000000000000
0.19200000166893	0.91110914945602	-0.41181248426437	73.000000000000	0.0000000000000
0.19599999487400	0.90734851360321	-0.41989690065384	73.000000000000	0.0000000000000
0.20000000298023	0.90350919961929	-0.42793914675713	73.000000000000	0.0000000000000
0.20399999618530	0.89959257841110	-0.43593803048134	73.000000000000	0.0000000000000
0.20800000429153	0.89559936523438	-0.44389224052429	73.000000000000	0.0000000000000
0.21199999749660	0.89153057336807	-0.45180070400238	73.000000000000	0.0000000000000
0.21600000560284	0.88738703727722	-0.45966210961342	73.000000000000	0.0000000000000
0.21999999880791	0.88317006826401	-0.46747553348541	73.000000000000	0.0000000000000
0.22400000691414	0.87888073921204	-0.47523993253708	73.000000000000	0.0000000000000
0.22800000011921	0.87452018260956	-0.48295441269875	73.000000000000	0.0000000000000
0.23199999332428	0.87008959054947	-0.49061810970306	73.000000000000	0.0000000000000
0.23600000143051	0.86559015512466	-0.49822998046875	73.000000000000	0.0000000000000
0.23999999463558	0.86102294921875	-0.50578969717026	73.000000000000	0.0000000000000
0.24400000274181	0.85638928413391	-0.51329630613327	73.000000000000	0.0000000000000
0.24799999594688	0.85169064998627	-0.52074927091599	73.000000000000	0.0000000000000
0.25200000405312	0.84692794084549	-0.52814811468124	73.000000000000	0.0000000000000
0.25600001215935	0.84210228919983	-0.53549230098724	73.000000000000	0.0000000000000
0.25999999046326	0.83721548318863	-0.54278165102005	73.000000000000	0.0000000000000
0.26399999856949	0.83226805925369	-0.55001562833786	73.000000000000	0.0000000000000
0.26800000667572	0.82726150751114	-0.55719393491745	73.000000000000	0.0000000000000
0.27200001478195	0.82219713926315	-0.56431668996811	73.000000000000	0.0000000000000
0.27599999308586	0.81707578897476	-0.57138347625732	73.000000000000	0.0000000000000
0.28000000119209	0.81189864873886	-0.57839447259903	73.000000000000	0.0000000000000
0.28400000929832	0.80666685104370	-0.58534950017929	73.000000000000	0.0000000000000
0.28799998760223	0.80138128995895	-0.59224855899811	73.000000000000	0.0000000000000
0.29199999570847	0.79604297876358	-0.59909200668335	73.000000000000	0.0000000000000
0.29600000381470	0.79065287113190	-0.60587978363037	73.000000000000	0.0000000000000
0.30000001192093	0.78521186113358	-0.61261212825775	73.000000000000	0.0000000000000
0.30399999022484	0.77972066402435	-0.61928921937943	73.000000000000	0.0000000000000
0.30799999833107	0.77417987585068	-0.62591141462326	73.000000000000	0.0000000000000
0.31200000643730	0.76859045028687	-0.63247889280319	73.000000000000	0.0000000000000
0.31600001454353	0.76295280456543	-0.63899195194244	73.000000000000	0.0000000000000
0.31999999284744	0.75726759433746	-0.64545100927353	73.000000000000	0.0000000000000
0.32400000095367	0.75153523683548	-0.65185630321503	73.000000000000	0.0000000000000
0.32800000905991	0.74575614929199	-0.65820819139481	73.000000000000	0.0000000000000
0.33199998736382	0.73993080854416	-0.66450703144073	73.000000000000	0.0000000000000
0.33599999547005	0.73405921459198	-0.67075318098068	73.000000000000	0.0000000000000
0.34000000357628	0.72814196348190	-0.67694675922394	73.000000000000	0.0000000000000
0.34400001168251	0.72217893600464	-0.68308824300766	73.000000000000	0.0000000000000
0.34799998998642	0.71617037057877	-0.68917787075043	73.000000000000	0.0000000000000
0.35199999809265	0.71011590957642	-0.69521594047546	73.000000000000	0.0000000000000
0.35600000619888	0.70401602983475	-0.70120239257812	73.000000000000	0.0000000000000
0.36000001430511	0.69787025451660	-0.70713782310486	73.000000000000	0.0000000000000
0.36399999260902	0.69167876243591	-0.71302205324173	73.000000000000	0.0000000000000
0.36800000071526	0.68544101715088	-0.71885526180267	73.000000000000	0.0000000000000
0.37200000882149	0.67915713787079	-0.72463744878769	73.000000000000	0.0000000000000
0.37599998712540	0.67282658815384	-0.73036855459213	73.000000000000	0.0000000000000
0.37999999523163	0.66644889116287	-0.73604851961136	73.000000000000	0.0000000000000
0.38400000333786	0.66002410650253	-0.74167740345001	73.000000000000	0.0000000000000
0.38800001144409	0.65355163812637	-0.74725461006165	73.000000000000	0.0000000000000
0.39199998974800	0.64703100919724	-0.75278002023697	73.000000000000	0.0000000000000
0.39599999785423	0.64046186208725	-0.75825339555740	73.000000000000	0.0000000000000
0.40000000596046	0.63384389877319	-0.76367413997650	73.000000000000	0.0000000000000
0.40400001406670	0.62717658281326	-0.76904171705246	73.000000000000	0.0000000000000
0.40799999237061	0.62045902013779	-0.77435576915741	73.000000000000	0.0000000000000
0.41200000047684	0.61369162797928	-0.77961540222168	73.000000000000	0.0000000000000
0.41600000858307	0.60687357187271	-0.78482002019882	73.000000000000	0.0000000000000
0.41999998688698	0.60000449419022	-0.78996872901917	73.000000000000	0.0000000000000
0.42399999499321	0.59308385848999	-0.79506081342697	73.000000000000	0.0000000000000
0.42800000309944	0.58611142635345	-0.80009502172470	73.000000000000	0.0000000000000
0.43200001120567	0.57908695936203	-0.80507069826126	73.000000000000	0.0000000000000
0.43599998950958	0.57201021909714	-0.80998653173447	73.000000000000	0.0000000000000
0.43999999761581	0.56488084793091	-0.81484121084213	73.000000000000	0.0000000000000
0.44400000572205	0.55769878625870	-0.81963384151459	73.000000000000	0.0000000000000
0.44800001382828	0.55046409368515	-0.82436299324036	73.000000000000	0.0000000000000
0.45199999213219	0.54317635297775	-0.82902729511261	73.000000000000	0.0000000000000
0.45600000023842	0.53583574295044	-0.83362537622452	73.000000000000	0.0000000000000
0.46000000834465	0.52844268083572	-0.83815592527390	73.000000000000	0.0000000000000
0.46399998664856	0.52099704742432	-0.84261733293533	73.000000000000	0.0000000000000
0.46799999475479	0.51349890232086	-0.84700798988342	73.000000000000	0.0000000000000
0.47200000286102	0.50594907999039	-0.85132676362991	73.000000000000	0.0000000000000
0.47600001096725	0.49834766983986	-0.85557150840759	73.000000000000	0.0000000000000
0.47999998927116	0.49069541692734	-0.85974109172821	73.000000000000	0.0000000000000
0.48399999737740	0.48299279808998	-0.86383384466171	73.000000000000	0.0000000000000
0.48800000548363	0.47524046897888	-0.86784803867340	73.000000000000	0.0000000000000
0.49200001358986	0.46743911504745	-0.87178218364716	73.000000000000	0.0000000000000
0.49599999189377	0.45958968997002	-0.87563461065292	73.000000000000	0.0000000000000
0.50000000000000	0.45169368386269	-0.87940382957458	73.000000000000	0.0000000000000
0.50400000810623	0.44375166296959	-0.88308823108673	73.000000000000	0.0000000000000
0.50800001621246	0.43576472997665	-0.88668626546860	73.000000000000	0.0000000000000
0.51200002431870	0.42773410677910	-0.89019638299942	73.000000000000	0.0000000000000
0.51599997282028	0.41966164112091	-0.89361733198166	73.000000000000	0.0000000000000
0.51999998092651	0.41154819726944	-0.89694756269455	73.000000000000	0.0000000000000
0.52399998903275	0.40339556336403	-0.90018570423126	73.000000000000	0.0000000000000
0.52799999713898	0.39520522952080	-0.90333038568497	73.000000000000	0.0000000000000
0.53200000524521	0.38697880506516	-0.90638065338135	73.000000000000	0.0000000000000
0.53600001335144	0.37871831655502	-0.90933513641357	73.000000000000	0.0000000000000
0.54000002145767	0.37042510509491	-0.91219270229340	73.000000000000	0.0000000000000
0.54400002956390	0.36210119724274	-0.91495245695114	73.000000000000	0.0000000000000
0.54799997806549	0.35374867916107	-0.91761332750320	73.000000000000	0.0000000000000
0.55199998617172	0.34536960721016	-0.92017453908920	73.000000000000	0.0000000000000
0.55599999427795	0.33696529269218	-0.92263543605804	73.000000000000	0.0000000000000
0.56000000238419	0.32853856682777	-0.92499518394470	73.000000000000	0.0000000000000
0.56400001049042	0.32009094953537	-0.92725336551666	73.000000000000	0.0000000000000
0.56800001859665	0.31162515282631	-0.92940932512283	73.000000000000	0.0000000000000
0.57200002670288	0.30314254760742	-0.93146288394928	73.000000000000	0.0000000000000
0.57599997520447	0.29464611411095	-0.93341362476349	73.000000000000	0.0000000000000
0.57999998331070	0.28613698482513	-0.93526142835617	73.000000000000	0.0000000000000
0.58399999141693	0.27761799097061	-0.93700623512268	73.000000000000	0.0000000000000
0.58799999952316	0.26909098029137	-0.93864798545837	73.000000000000	0.0000000000000
0.59200000762939	0.26055833697319	-0.94018691778183	73.000000000000	0.0000000000000
0.59600001573563	0.25202190876007	-0.94162309169769	73.000000000000	0.0000000000000
0.60000002384186	0.24348382651806	-0.94295698404312	73.000000000000	0.0000000000000
0.60399997234344	0.23494602739811	-0.94418895244598	73.000000000000	0.0000000000000
0.60799998044968	0.22641034424305	-0.94531947374344	73.000000000000	0.0000000000000
0.61199998855591	0.21787911653519	-0.94634902477264	73.000000000000	0.0000000000000
0.61599999666214	0.20935396850109	-0.94727838039398	73.000000000000	0.0000000000000
0.62000000476837	0.20083677768707	-0.94810825586319	73.000000000000	0.0000000000000
0.62400001287460	0.19232912361622	-0.94883948564529	73.000000000000	0.0000000000000
0.62800002098083	0.18383279442787	-0.94947290420532	73.000000000000	0.0000000000000
0.63200002908707	0.17534963786602	-0.95000952482224	73.000000000000	0.0000000000000
0.63599997758865	0.16688086092472	-0.95045012235641	73.000000000000	0.0000000000000
0.63999998569489	0.15842801332474	-0.95079594850540	73.000000000000	0.0000000000000
0.64399999380112	0.14999231696129	-0.95104807615280	73.000000000000	0.0000000000000
0.64800000190735	0.14157545566559	-0.95120751857758	73.000000000000	0.0000000000000
0.65200001001358	0.13317811489105	-0.95127540826797	73.000000000000	0.0000000000000
0.65600001811981	0.12480148673058	-0.95125317573547	73.000000000000	0.0000000000000
0.66000002622604	0.11644665151834	-0.95114171504974	73.000000000000	0.0000000000000
0.66399997472763	0.10811561346054	-0.95094227790833	73.000000000000	0.0000000000000
0.66799998283386	0.099807135760784	-0.95065629482269	73.000000000000	0.0000000000000
0.67199999094009	0.091523587703705	-0.95028448104858	73.000000000000	0.0000000000000
0.67599999904633	0.083265043795109	-0.94982850551605	73.000000000000	0.0000000000000
0.68000000715256	0.075031995773315	-0.94928938150406	73.000000000000	0.0000000000000
0.68400001525879	0.066824890673161	-0.94866800308228	73.000000000000	0.0000000000000
0.68800002336502	0.058644637465477	-0.94796586036682	73.000000000000	0.0000000000000
0.69199997186661	0.050490710884333	-0.94718372821808	73.000000000000	0.0000000000000
0.69599997997284	0.042364396154881	-0.94632279872894	73.000000000000	0.0000000000000
0.69999998807907	0.034265600144863	-0.94538384675980	73.000000000000	0.0000000000000
0.70399999618530	0.026193745434284	-0.94436806440353	73.000000000000	0.0000000000000
0.70800000429153	0.018149144947529	-0.94327610731125	73.000000000000	0.0000000000000
0.71200001239777	0.010132095776498	-0.94210875034332	73.000000000000	0.0000000000000
0.71600002050400	0.0021428742911667	-0.94086682796478	73.000000000000	0.0000000000000
0.72000002861023	-0.0058186999522150	-0.93955087661743	73.000000000000	0.0000000000000
0.72399997711182	-0.013753265142441	-0.93816167116165	73.000000000000	0.0000000000000
0.72799998521805	-0.021660566329956	-0.93669950962067	73.000000000000	0.0000000000000
0.73199999332428	-0.029541689902544	-0.93516480922699	73.000000000000	0.0000000000000
0.73600000143051	-0.037395041435957	-0.93355792760849	73.000000000000	0.0000000000000
0.74000000953674	-0.045222163200378	-0.93187934160233	73.000000000000	0.0000000000000
0.74400001764297	-0.053022325038910	-0.93012899160385	73.000000000000	0.0000000000000
0.74800002574921	-0.060796607285738	-0.92830699682236	73.000000000000	0.0000000000000
0.75199997425079	-0.068544708192348	-0.92641341686249	73.000000000000	0.0000000000000
0.75599998235703	-0.076266333460808	-0.92444825172424	73.000000000000	0.0000000000000
0.75999999046326	-0.083962477743626	-0.92241114377975	73.000000000000	0.0000000000000
0.76399999856949	-0.091632358729839	-0.92030203342438	73.000000000000	0.0000000000000
0.76800000667572	-0.099276497960091	-0.91812074184418	73.000000000000	0.0000000000000
0.77200001478195	-0.10689449310303	-0.91586661338806	73.000000000000	0.0000000000000
0.77600002288818	-0.11448680609465	-0.91353946924210	73.000000000000	0.0000000000000
0.77999997138977	-0.12205208837986	-0.91113889217377	73.000000000000	0.0000000000000
0.78399997949600	-0.12959161400795	-0.90866416692734	73.000000000000	0.0000000000000
0.78799998760223	-0.13710400462151	-0.90611481666565	73.000000000000	0.0000000000000
0.79199999570847	-0.14458912611008	-0.90349024534225	73.000000000000	0.0000000000000
0.79600000381470	-0.15204723179340	-0.90078973770142	73.000000000000	0.0000000000000
0.80000001192093	-0.15947686135769	-0.89801269769669	73.000000000000	0.0000000000000
0.80400002002716	-0.16687729954720	-0.89515835046768	73.000000000000	0.0000000000000
0.80800002813339	-0.17424875497818	-0.89222615957260	73.000000000000	0.0000000000000
0.81199997663498	-0.18158957362175	-0.88921529054642	73.000000000000	0.0000000000000
0.81599998474121	-0.18889904022217	-0.88612514734268	73.000000000000	0.0000000000000
0.81999999284744	-0.19617626070976	-0.88295501470566	73.000000000000	0.0000000000000
0.82400000095367	-0.20342002809048	-0.87970417737961	73.000000000000	0.0000000000000
0.82800000905991	-0.21062940359116	-0.87637197971344	73.000000000000	0.0000000000000
0.83200001716614	-0.21780225634575	-0.87295818328857	73.000000000000	0.0000000000000
0.83600002527237	-0.22493803501129	-0.86946183443069	73.000000000000	0.0000000000000
0.83999997377396	-0.23203493654728	-0.86588269472122	73.000000000000	0.0000000000000
0.84399998188019	-0.23909153044224	-0.86222016811371	73.000000000000	0.0000000000000
0.84799998998642	-0.24610601365566	-0.85847401618958	73.000000000000	0.0000000000000
0.85199999809265	-0.25307694077492	-0.85464394092560	73.000000000000	0.0000000000000
0.85600000619888	-0.26000201702118	-0.85072988271713	73.000000000000	0.0000000000000
0.86000001430511	-0.26687982678413	-0.84673166275024	73.000000000000	0.0000000000000
0.86400002241135	-0.27370846271515	-0.84264922142029	73.000000000000	0.0000000000000
0.86799997091293	-0.28048604726791	-0.83848255872726	73.000000000000	0.0000000000000
0.87199997901917	-0.28720992803574	-0.83423238992691	73.000000000000	0.0000000000000
0.87599998712540	-0.29387918114662	-0.82989841699600	73.000000000000	0.0000000000000
0.87999999523163	-0.30049064755440	-0.82548165321350	73.000000000000	0.0000000000000
0.88400000333786	-0.30704301595688	-0.82098227739334	73.000000000000	0.0000000000000
0.88800001144409	-0.31353375315666	-0.81640130281448	73.000000000000	0.0000000000000
0.89200001955032	-0.31996110081673	-0.81173926591873	73.000000000000	0.0000000000000
0.89600002765656	-0.32632264494896	-0.80699747800827	73.000000000000	0.0000000000000
0.89999997615814	-0.33261713385582	-0.80217665433884	73.000000000000	0.0000000000000
0.90399998426437	-0.33884182572365	-0.79727822542191	73.000000000000	0.0000000000000
0.90799999237061	-0.34499484300613	-0.79230350255966	73.000000000000	0.0000000000000
0.91200000047684	-0.35107436776161	-0.78725397586823	73.000000000000	0.0000000000000
0.91600000858307	-0.35707867145538	-0.78213119506836	73.000000000000	0.0000000000000
0.92000001668930	-0.36300608515739	-0.77693682909012	73.000000000000	0.0000000000000
0.92400002479553	-0.36885499954224	-0.77167284488678	73.000000000000	0.0000000000000
0.92799997329712	-0.37462356686592	-0.76634097099304	73.000000000000	0.0000000000000
0.93199998140335	-0.38031038641930	-0.76094347238541	73.000000000000	0.0000000000000
0.93599998950958	-0.38591408729553	-0.75548231601715	73.000000000000	0.0000000000000
0.93999999761581	-0.39143353700638	-0.74995994567871	73.000000000000	0.0000000000000
0.94400000572205	-0.39686760306358	-0.74437832832336	73.000000000000	0.0000000000000
0.94800001382828	-0.40221530199051	-0.73874014616013	73.000000000000	0.0000000000000
0.95200002193451	-0.40747603774071	-0.73304760456085	73.000000000000	0.0000000000000
0.95599997043610	-0.41264906525612	-0.72730320692062	73.000000000000	0.0000000000000
0.95999997854233	-0.41773369908333	-0.72150969505310	73.000000000000	0.0000000000000
0.96399998664856	-0.42272964119911	-0.71566945314407	73.000000000000	0.0000000000000
0.96799999475479	-0.42763718962669	-0.70978498458862	73.000000000000	0.0000000000000
0.97200000286102	-0.43245553970337	-0.70385909080505	73.000000000000	0.0000000000000
0.97600001096725	-0.43718552589417	-0.69789421558380	73.000000000000	0.0000000000000
0.98000001907349	-0.44182729721069	-0.69189286231995	73.000000000000	0.0000000000000
0.98400002717972	-0.44638133049011	-0.68585753440857	73.000000000000	0.0000000000000
0.98799997568130	-0.45084846019745	-0.67979067564011	73.000000000000	0.0000000000000
0.99199998378754	-0.45522964000702	-0.67369461059570	73.000000000000	0.0000000000000
0.99599999189377	-0.45952540636063	-0.66757208108902	73.000000000000	0.0000000000000
1.0000000000000	-0.46373769640923	-0.66142475605011	73.000000000000	0.0000000000000
1.0039999485016	-0.46786761283875	-0.65525490045547	73.000000000000	0.0000000000000
1.0080000162125	-0.47191652655602	-0.64906460046768	73.000000000000	0.0000000000000
1.0119999647141	-0.47588616609573	-0.64285576343536	73.000000000000	0.0000000000000
1.0160000324249	-0.47977849841118	-0.63662999868393	73.000000000000	0.0000000000000
1.0199999809265	-0.48359546065331	-0.63038891553879	73.000000000000	0.0000000000000
1.0240000486374	-0.48733919858932	-0.62413376569748	73.000000000000	0.0000000000000
1.0279999971390	-0.49101164937019	-0.61786603927612	73.000000000000	0.0000000000000
1.0319999456406	-0.49461531639099	-0.61158651113510	73.000000000000	0.0000000000000
1.0360000133514	-0.49815264344215	-0.60529619455338	73.000000000000	0.0000000000000
1.0399999618530	-0.50162583589554	-0.59899532794952	73.000000000000	0.0000000000000
1.0440000295639	-0.50503760576248	-0.59268468618393	73.000000000000	0.0000000000000
1.0479999780655	-0.50839084386826	-0.58636420965195	73.000000000000	0.0000000000000
1.0520000457764	-0.51168739795685	-0.58003377914429	73.000000000000	0.0000000000000
1.0559999942780	-0.51493060588837	-0.57369309663773	73.000000000000	0.0000000000000
1.0599999427795	-0.51812261343002	-0.56734156608582	73.000000000000	0.0000000000000
1.0640000104904	-0.52126598358154	-0.56097847223282	73.000000000000	0.0000000000000
1.0679999589920	-0.52436357736588	-0.55460274219513	73.000000000000	0.0000000000000
1.0720000267029	-0.52741754055023	-0.54821300506592	73.000000000000	0.0000000000000
1.0759999752045	-0.53043061494827	-0.54180747270584	73.000000000000	0.0000000000000
1.0800000429153	-0.53340476751328	-0.53538453578949	73.000000000000	0.0000000000000
1.0839999914169	-0.53634214401245	-0.52894234657288	73.000000000000	0.0000000000000
1.0880000591278	-0.53924489021301	-0.52247810363770	73.000000000000	0.0000000000000
1.0920000076294	-0.54211521148682	-0.51598954200745	73.000000000000	0.0000000000000
1.0959999561310	-0.54495435953140	-0.50947380065918	73.000000000000	0.0000000000000
1.1000000238419	-0.54776382446289	-0.50292813777924	73.000000000000	0.0000000000000
1.1039999723434	-0.55054545402527	-0.49634897708893	73.000000000000	0.0000000000000
1.1080000400543	-0.55329978466034	-0.48973289132118	73.000000000000	0.0000000000000
1.1119999885559	-0.55602788925171	-0.48307648301125	73.000000000000	0.0000000000000
1.1160000562668	-0.55873012542725	-0.47637617588043	73.000000000000	0.0000000000000
1.1200000047684	-0.56140708923340	-0.46962758898735	73.000000000000	0.0000000000000
1.1239999532700	-0.56405860185623	-0.46282681822777	73.000000000000	0.0000000000000
1.1280000209808	-0.56668412685394	-0.45596987009048	73.000000000000	0.0000000000000
1.1319999694824	-0.56928330659866	-0.44905215501785	73.000000000000	0.0000000000000
1.1360000371933	-0.57185494899750	-0.44206938147545	73.000000000000	0.0000000000000
1.1399999856949	-0.57439815998077	-0.43501710891724	73.000000000000	0.0000000000000
1.1440000534058	-0.57691049575806	-0.42789104580879	73.000000000000	0.0000000000000
1.1480000019073	-0.57939064502716	-0.42068639397621	73.000000000000	0.0000000000000
1.1519999504089	-0.58183586597443	-0.41339868307114	73.000000000000	0.0000000000000
1.1560000181198	-0.58424335718155	-0.40602353215218	73.000000000000	0.0000000000000
1.1599999666214	-0.58660984039307	-0.39855650067329	73.000000000000	0.0000000000000
1.1640000343323	-0.58893197774887	-0.39099317789078	73.000000000000	0.0000000000000
1.1679999828339	-0.59120565652847	-0.38332936167717	73.000000000000	0.0000000000000
1.1720000505447	-0.59342688322067	-0.37556090950966	73.000000000000	0.0000000000000
1.1759999990463	-0.59559053182602	-0.36768385767937	73.000000000000	0.0000000000000
1.1799999475479	-0.59769165515900	-0.35969433188438	73.000000000000	0.0000000000000
1.1840000152588	-0.59972482919693	-0.35158887505531	73.000000000000	0.0000000000000
1.1879999637604	-0.60168433189392	-0.34336417913437	73.000000000000	0.0000000000000
1.1920000314713	-0.60356384515762	-0.33501696586609	73.000000000000	0.0000000000000
1.1959999799728	-0.60535699129105	-0.32654467225075	73.000000000000	0.0000000000000
1.2000000476837	-0.60705685615540	-0.31794473528862	73.000000000000	0.0000000000000
1.2039999961853	-0.60865628719330	-0.30921489000320	73.000000000000	0.0000000000000
1.2079999446869	-0.61014777421951	-0.30035355687141	73.000000000000	0.0000000000000
1.2120000123978	-0.61152380704880	-0.29135891795158	73.000000000000	0.0000000000000
1.2159999608994	-0.61277627944946	-0.28223040699959	73.000000000000	0.0000000000000
1.2200000286102	-0.61389672756195	-0.27296739816666	73.000000000000	0.0000000000000
1.2239999771118	-0.61487710475922	-0.26356932520866	73.000000000000	0.0000000000000
1.2280000448227	-0.61570847034454	-0.25403723120689	73.000000000000	0.0000000000000
1.2319999933243	-0.61638212203979	-0.24437116086483	73.000000000000	0.0000000000000
1.2359999418259	-0.61688917875290	-0.23457302153111	73.000000000000	0.0000000000000
1.2400000095367	-0.61722052097321	-0.22464428842068	73.000000000000	0.0000000000000
1.2439999580383	-0.61736702919006	-0.21458728611469	73.000000000000	0.0000000000000
1.2480000257492	-0.61731934547424	-0.20440539717674	73.000000000000	0.0000000000000
1.2519999742508	-0.61706846952438	-0.19410125911236	73.000000000000	0.0000000000000
1.2560000419617	-0.61660504341125	-0.18367953598499	73.000000000000	0.0000000000000
1.2599999904633	-0.61591994762421	-0.17314428091049	73.000000000000	0.0000000000000
1.2640000581741	-0.61500412225723	-0.16250070929527	73.000000000000	0.0000000000000
1.2680000066757	-0.61384850740433	-0.15175470709801	73.000000000000	0.0000000000000
1.2719999551773	-0.61244434118271	-0.14091247320175	73.000000000000	0.0000000000000
1.2760000228882	-0.61078274250031	-0.12998047471046	73.000000000000	0.0000000000000
1.2799999713898	-0.60885560512543	-0.11896626651287	73.000000000000	0.0000000000000
1.2840000391006	-0.60665440559387	-0.10787762701511	73.000000000000	0.0000000000000
1.2879999876022	-0.60417127609253	-0.096723139286041	73.000000000000	0.0000000000000
1.2920000553131	-0.60139864683151	-0.085511520504951	73.000000000000	0.0000000000000
1.2960000038147	-0.59832918643951	-0.074252679944038	73.000000000000	0.0000000000000
1.2999999523163	-0.59495598077774	-0.062955953180790	73.000000000000	0.0000000000000
1.3040000200272	-0.59127259254456	-0.051632430404425	73.000000000000	0.0000000000000
1.3079999685287	-0.58727282285690	-0.040292609483004	73.000000000000	0.0000000000000
1.3120000362396	-0.58295124769211	-0.028948172926903	73.000000000000	0.0000000000000
1.3159999847412	-0.57830268144608	-0.017610631883144	73.000000000000	0.0000000000000
1.3200000524521	-0.57332253456116	-0.0062922141514719	73.000000000000	0.0000000000000
1.3240000009537	-0.56800681352615	0.0049943220801651	73.000000000000	0.0000000000000
1.3279999494553	-0.56235218048096	0.016236104071140	73.000000000000	0.0000000000000
1.3320000171661	-0.55635553598404	0.027420146390796	73.000000000000	0.0000000000000
1.3359999656677	-0.55001491308212	0.038532704114914	73.000000000000	0.0000000000000
1.3400000333786	-0.54332858324051	0.049560204148293	73.000000000000	0.0000000000000
1.3439999818802	-0.53629571199417	0.060488633811474	73.000000000000	0.0000000000000
1.3480000495911	-0.52891606092453	0.071303777396679	73.000000000000	0.0000000000000
1.3519999980927	-0.52119004726410	0.081991419196129	73.000000000000	0.0000000000000
1.3559999465942	-0.51311886310577	0.092537268996239	73.000000000000	0.0000000000000
1.3600000143051	-0.50470429658890	0.10292670875788	73.000000000000	0.0000000000000
1.3639999628067	-0.49594891071320	0.11314532905817	73.000000000000	0.0000000000000
1.3680000305176	-0.48685613274574	0.12317867577076	73.000000000000	0.0000000000000
1.3719999790192	-0.47742989659309	0.13301222026348	73.000000000000	0.0000000000000
1.3760000467300	-0.46767491102219	0.14263179898262	73.000000000000	0.0000000000000
1.3799999952316	-0.45759689807892	0.15202316641808	73.000000000000	0.0000000000000
1.3839999437332	-0.44720175862312	0.16117225587368	73.000000000000	0.0000000000000
1.3880000114441	-0.43649664521217	0.17006523907185	73.000000000000	0.0000000000000
1.3919999599457	-0.42548903822899	0.17868863046169	73.000000000000	0.0000000000000
1.3960000276566	-0.41418731212616	0.18702892959118	73.000000000000	0.0000000000000
1.3999999761581	-0.40260040760040	0.19507358968258	73.000000000000	0.0000000000000
1.4040000438690	-0.39073812961578	0.20280973613262	73.000000000000	0.0000000000000
1.4079999923706	-0.37861075997353	0.21022522449493	73.000000000000	0.0000000000000
1.4119999408722	-0.36622920632362	0.21730843186378	73.000000000000	0.0000000000000
1.4160000085831	-0.35360494256020	0.22404804825783	73.000000000000	0.0000000000000
1.4199999570847	-0.34075015783310	0.23043340444565	73.000000000000	0.0000000000000
1.4240000247955	-0.32767763733864	0.23645426332951	73.000000000000	0.0000000000000
1.4279999732971	-0.31440046429634	0.24210092425346	73.000000000000	0.0000000000000
1.4320000410080	-0.30093228816986	0.24736447632313	73.000000000000	0.0000000000000
1.4359999895096	-0.28728744387627	0.25223651528358	73.000000000000	0.0000000000000
1.4400000572205	-0.27348032593727	0.25670924782753	73.000000000000	0.0000000000000
1.4440000057220	-0.25952622294426	0.26077556610107	73.000000000000	0.0000000000000
1.4479999542236	-0.24544011056423	0.26442927122116	73.000000000000	0.0000000000000
1.4520000219345	-0.23123791813850	0.26766461133957	73.000000000000	0.0000000000000
1.4559999704361	-0.21693548560143	0.27047684788704	73.000000000000	0.0000000000000
1.4600000381470	-0.20254907011986	0.27286162972450	73.000000000000	0.0000000000000
1.4639999866486	-0.18809498846531	0.27481576800346	73.000000000000	0.0000000000000
1.4680000543594	-0.17359000444412	0.27633646130562	73.000000000000	0.0000000000000
1.4720000028610	-0.15905037522316	0.27742215991020	73.000000000000	0.0000000000000
1.4759999513626	-0.14449328184128	0.27807155251503	73.000000000000	0.0000000000000
1.4800000190735	-0.12993520498276	0.27828463912010	73.000000000000	0.0000000000000
1.4839999675751	-0.11539311707020	0.27806183695793	73.000000000000	0.0000000000000
1.4880000352859	-0.10088364779949	0.27740454673767	73.000000000000	0.0000000000000
1.4919999837875	-0.086423367261887	0.27631500363350	73.000000000000	0.0000000000000
1.4960000514984	-0.072028815746307	0.27479603886604	73.000000000000	0.0000000000000
1.5000000000000	-0.057716425508261	0.27285128831863	73.000000000000	0.0000000000000
1.5039999485016	-0.043502084910870	0.27048534154892	73.000000000000	0.0000000000000
1.5080000162125	-0.029401715844870	0.26770329475403	73.000000000000	0.0000000000000
1.5119999647141	-0.015430861152709	0.26451116800308	73.000000000000	0.0000000000000
1.5160000324249	-0.0016047934768721	0.26091548800468	73.000000000000	0.0000000000000
1.5199999809265	0.012061748653650	0.25692370533943	73.000000000000	0.0000000000000
1.5240000486374	0.025554349645972	0.25254380702972	73.000000000000	0.0000000000000
1.5279999971390	0.038858972489834	0.24778431653976	73.000000000000	0.0000000000000
1.5319999456406	0.051962155848742	0.24265463650227	73.000000000000	0.0000000000000
1.5360000133514	0.064850822091103	0.23716463148594	73.000000000000	0.0000000000000
1.5399999618530	0.077512674033642	0.23132456839085	73.000000000000	0.0000000000000
1.5440000295639	0.089935638010502	0.22514550387859	73.000000000000	0.0000000000000
1.5479999780655	0.10210850089788	0.21863883733749	73.000000000000	0.0000000000000
1.5520000457764	0.11402059346437	0.21181645989418	73.000000000000	0.0000000000000
1.5559999942780	0.12566176056862	0.20469072461128	73.000000000000	0.0000000000000
1.5599999427795	0.13702261447906	0.19727429747581	73.000000000000	0.0000000000000
1.5640000104904	0.14809444546700	0.18958027660847	73.000000000000	0.0000000000000
1.5679999589920	0.15886913239956	0.18162199854851	73.000000000000	0.0000000000000
1.5720000267029	0.16933938860893	0.17341314256191	73.000000000000	0.0000000000000
1.5759999752045	0.17949843406677	0.16496758162975	73.000000000000	0.0000000000000
1.5800000429153	0.18934042751789	0.15629938244820	73.000000000000	0.0000000000000
1.5839999914169	0.19886010885239	0.14742277562618	73.000000000000	0.0000000000000
1.5880000591278	0.20805291831493	0.13835212588310	73.000000000000	0.0000000000000
1.5920000076294	0.21691511571407	0.12910182774067	73.000000000000	0.0000000000000
1.5959999561310	0.22544364631176	0.11968636512756	73.000000000000	0.0000000000000
1.6000000238419	0.23363611102104	0.11012019217014	73.000000000000	0.0000000000000
1.6039999723434	0.24149088561535	0.10041771829128	73.000000000000	0.0000000000000
1.6080000400543	0.24900700151920	0.090593263506889	73.000000000000	0.0000000000000
1.6119999885559	0.25618422031403	0.080661065876484	73.000000000000	0.0000000000000
1.6160000562668	0.26302304863930	0.070635184645653	73.000000000000	0.0000000000000
1.6200000047684	0.26952439546585	0.060529470443726	73.000000000000	0.0000000000000
1.6239999532700	0.27569016814232	0.050357595086098	73.000000000000	0.0000000000000
1.6280000209808	0.28152257204056	0.040132950991392	73.000000000000	0.0000000000000
1.6319999694824	0.28702470660210	0.029868640005589	73.000000000000	0.0000000000000
1.6360000371933	0.29220002889633	0.019577454775572	73.000000000000	0.0000000000000
1.6399999856949	0.29705265164375	0.0092718359082937	73.000000000000	0.0000000000000
1.6440000534058	0.30158728361130	-0.0010361436288804	73.000000000000	0.0000000000000
1.6480000019073	0.30580896139145	-0.011334810405970	73.000000000000	0.0000000000000
1.6519999504089	0.30972340703011	-0.021612916141748	73.000000000000	0.0000000000000
1.6560000181198	0.31333667039871	-0.031859647482634	73.000000000000	0.0000000000000
1.6599999666214	0.31665521860123	-0.042064644396305	73.000000000000	0.0000000000000
1.6640000343323	0.31968602538109	-0.052218057215214	73.000000000000	0.0000000000000
1.6679999828339	0.32243630290031	-0.062310509383678	73.000000000000	0.0000000000000
1.6720000505447	0.32491359114647	-0.072333127260208	73.000000000000	0.0000000000000
1.6759999990463	0.32712578773499	-0.082277551293373	73.000000000000	0.0000000000000
1.6799999475479	0.32908105850220	-0.092136003077030	73.000000000000	0.0000000000000
1.6840000152588	0.33078771829605	-0.10190115123987	73.000000000000	0.0000000000000
1.6879999637604	0.33225435018539	-0.11156628280878	73.000000000000	0.0000000000000
1.6920000314713	0.33348968625069	-0.12112517654896	73.000000000000	0.0000000000000
1.6959999799728	0.33450248837471	-0.13057221472263	73.000000000000	0.0000000000000
1.7000000476837	0.33530181646347	-0.13990226387978	73.000000000000	0.0000000000000
1.7039999961853	0.33589655160904	-0.14911074936390	73.000000000000	0.0000000000000
1.7079999446869	0.33629587292671	-0.15819364786148	73.000000000000	0.0000000000000
1.7120000123978	0.33650866150856	-0.16714744269848	73.000000000000	0.0000000000000
1.7159999608994	0.33654409646988	-0.17596918344498	73.000000000000	0.0000000000000
1.7200000286102	0.33641102910042	-0.18465633690357	73.000000000000	0.0000000000000
1.7239999771118	0.33611834049225	-0.19320699572563	73.000000000000	0.0000000000000
1.7280000448227	0.33567476272583	-0.20161965489388	73.000000000000	0.0000000000000
1.7319999933243	0.33508896827698	-0.20989325642586	73.000000000000	0.0000000000000
1.7359999418259	0.33436933159828	-0.21802721917629	73.000000000000	0.0000000000000
1.7400000095367	0.33352413773537	-0.22602146863937	73.000000000000	0.0000000000000
1.7439999580383	0.33256149291992	-0.23387628793716	73.000000000000	0.0000000000000
1.7480000257492	0.33148911595345	-0.24159231781960	73.000000000000	0.0000000000000
1.7519999742508	0.33031460642815	-0.24917066097260	73.000000000000	0.0000000000000
1.7560000419617	0.32904538512230	-0.25661265850067	73.000000000000	0.0000000000000
1.7599999904633	0.32768830657005	-0.26392009854317	73.000000000000	0.0000000000000
1.7640000581741	0.32625025510788	-0.27109497785568	73.000000000000	0.0000000000000
1.7680000066757	0.32473745942116	-0.27813968062401	73.000000000000	0.0000000000000
1.7719999551773	0.32315620779991	-0.28505676984787	73.000000000000	0.0000000000000
1.7760000228882	0.32151216268539	-0.29184904694557	73.000000000000	0.0000000000000
1.7799999713898	0.31981077790260	-0.29851955175400	73.000000000000	0.0000000000000
1.7840000391006	0.31805714964867	-0.30507150292397	73.000000000000	0.0000000000000
1.7879999876022	0.31625598669052	-0.31150829792023	73.000000000000	0.0000000000000
1.7920000553131	0.31441178917885	-0.31783336400986	73.000000000000	0.0000000000000
1.7960000038147	0.31252855062485	-0.32405036687851	73.000000000000	0.0000000000000
1.7999999523163	0.31060990691185	-0.33016300201416	73.000000000000	0.0000000000000
1.8040000200272	0.30865940451622	-0.33617502450943	73.000000000000	0.0000000000000
1.8079999685287	0.30667987465858	-0.34209021925926	73.000000000000	0.0000000000000
1.8120000362396	0.30467405915260	-0.34791237115860	73.000000000000	0.0000000000000
1.8159999847412	0.30264443159103	-0.35364535450935	73.000000000000	0.0000000000000
1.8200000524521	0.30059292912483	-0.35929289460182	73.000000000000	0.0000000000000
1.8240000009537	0.29852133989334	-0.36485877633095	73.000000000000	0.0000000000000
1.8279999494553	0.29643106460571	-0.37034654617310	73.000000000000	0.0000000000000
1.8320000171661	0.29432326555252	-0.37575986981392	73.000000000000	0.0000000000000
1.8359999656677	0.29219880700111	-0.38110217452049	73.000000000000	0.0000000000000
1.8400000333786	0.29005831480026	-0.38637685775757	73.000000000000	0.0000000000000
1.8439999818802	0.28790220618248	-0.39158710837364	73.000000000000	0.0000000000000
1.8480000495911	0.28573060035706	-0.39673602581024	73.000000000000	0.0000000000000
1.8519999980927	0.28354343771935	-0.40182653069496	73.000000000000	0.0000000000000
1.8559999465942	0.28134047985077	-0.40686133503914	73.000000000000	0.0000000000000
1.8600000143051	0.27912119030952	-0.41184300184250	73.000000000000	0.0000000000000
1.8639999628067	0.27688497304916	-0.41677391529083	73.000000000000	0.0000000000000
1.8680000305176	0.27463120222092	-0.42165628075600	73.000000000000	0.0000000000000
1.8719999790192	0.27235898375511	-0.42649215459824	73.000000000000	0.0000000000000
1.8760000467300	0.27006724476814	-0.43128317594528	73.000000000000	0.0000000000000
1.8799999952316	0.26775500178337	-0.43603107333183	73.000000000000	0.0000000000000
1.8839999437332	0.26542088389397	-0.44073706865311	73.000000000000	0.0000000000000
1.8880000114441	0.26306408643723	-0.44540247321129	73.000000000000	0.0000000000000
1.8919999599457	0.26068311929703	-0.45002809166908	73.000000000000	0.0000000000000
1.8960000276566	0.25827670097351	-0.45461484789848	73.000000000000	0.0000000000000
1.8999999761581	0.25584381818771	-0.45916318893433	73.000000000000	0.0000000000000
1.9040000438690	0.25338301062584	-0.46367347240448	73.000000000000	0.0000000000000
1.9079999923706	0.25089290738106	-0.46814584732056	73.000000000000	0.0000000000000
1.9119999408722	0.24837279319763	-0.47258031368256	73.000000000000	0.0000000000000
1.9160000085831	0.24582126736641	-0.47697681188583	73.000000000000	0.0000000000000
1.9199999570847	0.24323715269566	-0.48133483529091	73.000000000000	0.0000000000000
1.9240000247955	0.24061980843544	-0.48565393686295	73.000000000000	0.0000000000000
1.9279999732971	0.23796822130680	-0.48993343114853	73.000000000000	0.0000000000000
1.9320000410080	0.23528145253658	-0.49417254328728	73.000000000000	0.0000000000000
1.9359999895096	0.23255906999111	-0.49837040901184	73.000000000000	0.0000000000000
1.9400000572205	0.22980050742626	-0.50252592563629	73.000000000000	0.0000000000000
1.9440000057220	0.22700533270836	-0.50663810968399	73.000000000000	0.0000000000000
1.9479999542236	0.22417327761650	-0.51070547103882	73.000000000000	0.0000000000000
1.9520000219345	0.22130410373211	-0.51472693681717	73.000000000000	0.0000000000000
1.9559999704361	0.21839822828770	-0.51870119571686	73.000000000000	0.0000000000000
1.9600000381470	0.21545520424843	-0.52262675762177	73.000000000000	0.0000000000000
1.9639999866486	0.21247582137585	-0.52650225162506	73.000000000000	0.0000000000000
1.9680000543594	0.20946031808853	-0.53032618761063	73.000000000000	0.0000000000000
1.9720000028610	0.20640960335732	-0.53409725427628	73.000000000000	0.0000000000000
1.9759999513626	0.20332393050194	-0.53781384229660	73.000000000000	0.0000000000000
1.9800000190735	0.20020462572575	-0.54147458076477	73.000000000000	0.0000000000000
1.9839999675751	0.19705261290073	-0.54507821798325	73.000000000000	0.0000000000000
1.9880000352859	0.19386911392212	-0.54862332344055	73.000000000000	0.0000000000000
1.9919999837875	0.19065542519093	-0.55210858583450	73.000000000000	0.0000000000000
1.9960000514984	0.18741288781166	-0.55553299188614	73.000000000000	0.0000000000000
2.0000000000000	0.18414326012135	-0.55889517068863	73.000000000000	0.0000000000000
2.0039999485016	0.18084833025932	-0.56219416856766	73.000000000000	0.0000000000000
2.0079998970032	0.17752954363823	-0.56542921066284	73.000000000000	0.0000000000000
2.0120000839233	0.17418897151947	-0.56859928369522	73.000000000000	0.0000000000000
2.0160000324249	0.17082855105400	-0.57170373201370	73.000000000000	0.0000000000000
2.0199999809265	0.16745045781136	-0.57474189996719	73.000000000000	0.0000000000000
2.0239999294281	0.16405689716339	-0.57771337032318	73.000000000000	0.0000000000000
2.0280001163483	0.16064970195293	-0.58061796426773	73.000000000000	0.0000000000000
2.0320000648499	0.15723134577274	-0.58345532417297	73.000000000000	0.0000000000000
2.0360000133514	0.15380391478539	-0.58622539043427	73.000000000000	0.0000000000000
2.0399999618530	0.15036979317665	-0.58892828226089	73.000000000000	0.0000000000000
2.0439999103546	0.14693140983582	-0.59156423807144	73.000000000000	0.0000000000000
2.0480000972748	0.14349086582661	-0.59413361549377	73.000000000000	0.0000000000000
2.0520000457764	0.14005032181740	-0.59663707017899	73.000000000000	0.0000000000000
2.0559999942780	0.13661223649979	-0.59907513856888	73.000000000000	0.0000000000000
2.0599999427795	0.13317885994911	-0.60144865512848	73.000000000000	0.0000000000000
2.0639998912811	0.12975221872330	-0.60375857353210	73.000000000000	0.0000000000000
2.0680000782013	0.12633474171162	-0.60600590705872	73.000000000000	0.0000000000000
2.0720000267029	0.12292795628309	-0.60819202661514	73.000000000000	0.0000000000000
2.0759999752045	0.11953411251307	-0.61031812429428	73.000000000000	0.0000000000000
2.0799999237061	0.11615514010191	-0.61238580942154	73.000000000000	0.0000000000000
2.0840001106262	0.11279294639826	-0.61439651250839	73.000000000000	0.0000000000000
2.0880000591278	0.10944882780313	-0.61635196208954	73.000000000000	0.0000000000000
2.0920000076294	0.10612461715937	-0.61825388669968	73.000000000000	0.0000000000000
2.0959999561310	0.10282182693481	-0.62010431289673	73.000000000000	0.0000000000000
2.0999999046326	0.099541626870632	-0.62190490961075	73.000000000000	0.0000000000000
2.1040000915527	0.096285447478294	-0.62365794181824	73.000000000000	0.0000000000000
2.1080000400543	0.093054071068764	-0.62536519765854	73.000000000000	0.0000000000000
2.1119999885559	0.089848540723324	-0.62702906131744	73.000000000000	0.0000000000000
2.1159999370575	0.086669847369194	-0.62865155935287	73.000000000000	0.0000000000000
2.1199998855591	0.083518467843533	-0.63023483753204	73.000000000000	0.0000000000000
2.1240000724792	0.080394856631756	-0.63178116083145	73.000000000000	0.0000000000000
2.1280000209808	0.077299699187279	-0.63329273462296	73.000000000000	0.0000000000000
2.1319999694824	0.074232719838619	-0.63477182388306	73.000000000000	0.0000000000000
2.1359999179840	0.071194209158421	-0.63622051477432	73.000000000000	0.0000000000000
2.1400001049042	0.068184405565262	-0.63764095306396	73.000000000000	0.0000000000000
2.1440000534058	0.065202556550503	-0.63903534412384	73.000000000000	0.0000000000000
2.1480000019073	0.062248669564724	-0.64040583372116	73.000000000000	0.0000000000000
2.1519999504089	0.059322215616703	-0.64175432920456	73.000000000000	0.0000000000000
2.1559998989105	0.056422602385283	-0.64308279752731	73.000000000000	0.0000000000000
2.1600000858307	0.053548924624920	-0.64439326524734	73.000000000000	0.0000000000000
2.1640000343323	0.050700500607491	-0.64568740129471	73.000000000000	0.0000000000000
2.1679999828339	0.047876317054033	-0.64696711301804	73.000000000000	0.0000000000000
2.1719999313354	0.045075476169586	-0.64823389053345	73.000000000000	0.0000000000000
2.1760001182556	0.042296707630157	-0.64948928356171	73.000000000000	0.0000000000000
2.1800000667572	0.039538588374853	-0.65073466300964	73.000000000000	0.0000000000000
2.1840000152588	0.036800231784582	-0.65197145938873	73.000000000000	0.0000000000000
2.1879999637604	0.034079827368259	-0.65320086479187	73.000000000000	0.0000000000000
2.1919999122620	0.031376127153635	-0.65442371368408	73.000000000000	0.0000000000000
2.1960000991821	0.028687713667750	-0.65564113855362	73.000000000000	0.0000000000000
2.2000000476837	0.026012975722551	-0.65685391426086	73.000000000000	0.0000000000000
2.2039999961853	0.023350443691015	-0.65806269645691	73.000000000000	0.0000000000000
2.2079999446869	0.020698303356767	-0.65926796197891	73.000000000000	0.0000000000000
2.2119998931885	0.018055038526654	-0.66047024726868	73.000000000000	0.0000000000000
2.2160000801086	0.015419278293848	-0.66166979074478	73.000000000000	0.0000000000000
2.2200000286102	0.012789313681424	-0.66286659240723	73.000000000000	0.0000000000000
2.2239999771118	0.010163425467908	-0.66406095027924	73.000000000000	0.0000000000000
2.2279999256134	0.0075403559021652	-0.66525244712830	73.000000000000	0.0000000000000
2.2320001125336	0.0049185301177204	-0.66644096374512	73.000000000000	0.0000000000000
2.2360000610352	0.0022963609080762	-0.66762614250183	73.000000000000	0.0000000000000
2.2400000095367	-0.00032758145243861	-0.66880762577057	73.000000000000	0.0000000000000
2.2439999580383	-0.0029542497359216	-0.66998457908630	73.000000000000	0.0000000000000
2.2479999065399	-0.0055852332152426	-0.67115658521652	73.000000000000	0.0000000000000
2.2520000934601	-0.0082216383889318	-0.67232263088226	73.000000000000	0.0000000000000
2.2560000419617	-0.010864407755435	-0.67348212003708	73.000000000000	0.0000000000000
2.2599999904633	-0.013514634221792	-0.67463374137878	73.000000000000	0.0000000000000
2.2639999389648	-0.016173405572772	-0.67577672004700	73.000000000000	0.0000000000000
2.2679998874664	-0.018841149285436	-0.67690986394882	73.000000000000	0.0000000000000
2.2720000743866	-0.021518766880035	-0.67803204059601	73.000000000000	0.0000000000000
2.2760000228882	-0.024206830188632	-0.67914205789566	73.000000000000	0.0000000000000
2.2799999713898	-0.026905557140708	-0.68023860454559	73.000000000000	0.0000000000000
2.2839999198914	-0.029615648090839	-0.68132042884827	73.000000000000	0.0000000000000
2.2880001068115	-0.032337289303541	-0.68238621950150	73.000000000000	0.0000000000000
2.2920000553131	-0.035070333629847	-0.68343466520309	73.000000000000	0.0000000000000
2.2960000038147	-0.037814941257238	-0.68446457386017	73.000000000000	0.0000000000000
2.2999999523163	-0.040570907294750	-0.68547445535660	73.000000000000	0.0000000000000
2.3039999008179	-0.043338034301996	-0.68646299839020	73.000000000000	0.0000000000000
2.3080000877380	-0.046116091310978	-0.68742907047272	73.000000000000	0.0000000000000
2.3120000362396	-0.048904329538345	-0.68837124109268	73.000000000000	0.0000000000000
2.3159999847412	-0.051702491939068	-0.68928849697113	73.000000000000	0.0000000000000
2.3199999332428	-0.054509632289410	-0.69017958641052	73.000000000000	0.0000000000000
2.3239998817444	-0.057325128465891	-0.69104337692261	73.000000000000	0.0000000000000
2.3280000686646	-0.060147829353809	-0.69187879562378	73.000000000000	0.0000000000000
2.3320000171661	-0.062977083027363	-0.69268512725830	73.000000000000	0.0000000000000
2.3359999656677	-0.065811887383461	-0.69346129894257	73.000000000000	0.0000000000000
2.3399999141693	-0.068650722503662	-0.69420647621155	73.000000000000	0.0000000000000
2.3440001010895	-0.071492731571198	-0.69492000341415	73.000000000000	0.0000000000000
2.3480000495911	-0.074336558580399	-0.69560128450394	73.000000000000	0.0000000000000
2.3519999980927	-0.077180840075016	-0.69624978303909	73.000000000000	0.0000000000000
2.3559999465942	-0.080024346709251	-0.69686508178711	73.000000000000	0.0000000000000
2.3599998950958	-0.082865394651890	-0.69744694232941	73.000000000000	0.0000000000000
2.3640000820160	-0.085702762007713	-0.69799500703812	73.000000000000	0.0000000000000
2.3680000305176	-0.088535249233246	-0.69850939512253	73.000000000000	0.0000000000000
2.3719999790192	-0.091360829770565	-0.69898992776871	73.000000000000	0.0000000000000
2.3759999275208	-0.094178654253483	-0.69943696260452	73.000000000000	0.0000000000000
2.3800001144409	-0.096986860036850	-0.69985049962997	73.000000000000	0.0000000000000
2.3840000629425	-0.099783964455128	-0.70023101568222	73.000000000000	0.0000000000000
2.3880000114441	-0.10256881266832	-0.70057904720306	73.000000000000	0.0000000000000
2.3919999599457	-0.10533992946148	-0.70089495182037	73.000000000000	0.0000000000000
2.3959999084473	-0.10809589922428	-0.70117980241776	73.000000000000	0.0000000000000
2.4000000953674	-0.11083543300629	-0.70143389701843	73.000000000000	0.0000000000000
2.4040000438690	-0.11355747282505	-0.70165836811066	73.000000000000	0.0000000000000
2.4079999923706	-0.11626064777374	-0.70185416936874	73.000000000000	0.0000000000000
2.4119999408722	-0.11894375830889	-0.70202237367630	73.000000000000	0.0000000000000
2.4159998893738	-0.12160600721836	-0.70216387510300	73.000000000000	0.0000000000000
2.4200000762939	-0.12424624711275	-0.70228022336960	73.000000000000	0.0000000000000
2.4240000247955	-0.12686370313168	-0.70237249135971	73.000000000000	0.0000000000000
2.4279999732971	-0.12945784628391	-0.70244204998016	73.000000000000	0.0000000000000
2.4319999217987	-0.13202759623528	-0.70249027013779	73.000000000000	0.0000000000000
2.4360001087189	-0.13457246124744	-0.70251864194870	73.000000000000	0.0000000000000
2.4400000572205	-0.13709193468094	-0.70252865552902	73.000000000000	0.0000000000000
2.4440000057220	-0.13958591222763	-0.70252162218094	73.000000000000	0.0000000000000
2.4479999542236	-0.14205399155617	-0.70249921083450	73.000000000000	0.0000000000000
2.4519999027252	-0.14449591934681	-0.70246303081512	73.000000000000	0.0000000000000
2.4560000896454	-0.14691181480885	-0.70241451263428	73.000000000000	0.0000000000000
2.4600000381470	-0.14930182695389	-0.70235514640808	73.000000000000	0.0000000000000
2.4639999866486	-0.15166580677032	-0.70228666067123	73.000000000000	0.0000000000000
2.4679999351501	-0.15400429069996	-0.70221036672592	73.000000000000	0.0000000000000
2.4719998836517	-0.15631747245789	-0.70212787389755	73.000000000000	0.0000000000000
2.4760000705719	-0.15860626101494	-0.70204043388367	73.000000000000	0.0000000000000
2.4800000190735	-0.16087087988853	-0.70194971561432	73.000000000000	0.0000000000000
2.4839999675751	-0.16311195492744	-0.70185691118240	73.000000000000	0.0000000000000
2.4879999160767	-0.16533069312572	-0.70176327228546	73.000000000000	0.0000000000000
2.4920001029968	-0.16752760112286	-0.70167005062103	73.000000000000	0.0000000000000
2.4960000514984	-0.16970390081406	-0.70157843828201	73.000000000000	0.0000000000000
2.5000000000000	-0.17186056077480	-0.70148944854736	73.000000000000	0.0000000000000
2.5039999485016	-0.17399850487709	-0.70140415430069	73.000000000000	0.0000000000000
2.5079998970032	-0.17611902952194	-0.70132333040237	73.000000000000	0.0000000000000
2.5120000839233	-0.17822341620922	-0.70124799013138	73.000000000000	0.0000000000000
2.5160000324249	-0.18031288683414	-0.70117855072021	73.000000000000	0.0000000000000
2.5199999809265	-0.18238903582096	-0.70111578702927	73.000000000000	0.0000000000000
2.5239999294281	-0.18445280194283	-0.70106023550034	73.000000000000	0.0000000000000
2.5280001163483	-0.18650585412979	-0.70101213455200	73.000000000000	0.0000000000000
2.5320000648499	-0.18854929506779	-0.70097202062607	73.000000000000	0.0000000000000
2.5360000133514	-0.19058477878571	-0.70093989372253	73.000000000000	0.0000000000000
2.5399999618530	-0.19261379539967	-0.70091581344604	73.000000000000	0.0000000000000
2.5439999103546	-0.19463768601418	-0.70089983940125	73.000000000000	0.0000000000000
2.5480000972748	-0.19665771722794	-0.70089179277420	73.000000000000	0.0000000000000
2.5520000457764	-0.19867533445358	-0.70089131593704	73.000000000000	0.0000000000000
2.5559999942780	-0.20069195330143	-0.70089823007584	73.000000000000	0.0000000000000
2.5599999427795	-0.20270875096321	-0.70091199874878	73.000000000000	0.0000000000000
2.5639998912811	-0.20472696423531	-0.70093202590942	73.000000000000	0.0000000000000
2.5680000782013	-0.20674790441990	-0.70095777511597	73.000000000000	0.0000000000000
2.5720000267029	-0.20877283811569	-0.70098835229874	73.000000000000	0.0000000000000
2.5759999752045	-0.21080273389816	-0.70102310180664	73.000000000000	0.0000000000000
2.5799999237061	-0.21283830702305	-0.70106112957001	73.000000000000	0.0000000000000
2.5840001106262	-0.21488094329834	-0.70110124349594	73.000000000000	0.0000000000000
2.5880000591278	-0.21693132817745	-0.70114254951477	73.000000000000	0.0000000000000
2.5920000076294	-0.21899011731148	-0.70118403434753	73.000000000000	0.0000000000000
2.5959999561310	-0.22105775773525	-0.70122444629669	73.000000000000	0.0000000000000
2.5999999046326	-0.22313550114632	-0.70126253366470	73.000000000000	0.0000000000000
2.6040000915527	-0.22522325813770	-0.70129716396332	73.000000000000	0.0000000000000
2.6080000400543	-0.22732158005238	-0.70132696628571	73.000000000000	0.0000000000000
2.6119999885559	-0.22943064570427	-0.70135068893433	73.000000000000	0.0000000000000
2.6159999370575	-0.23155075311661	-0.70136708021164	73.000000000000	0.0000000000000
2.6199998855591	-0.23368175327778	-0.70137476921082	73.000000000000	0.0000000000000
2.6240000724792	-0.23582373559475	-0.70137250423431	73.000000000000	0.0000000000000
2.6280000209808	-0.23797662556171	-0.70135891437531	73.000000000000	0.0000000000000
2.6319999694824	-0.24014002084732	-0.70133268833160	73.000000000000	0.0000000000000
2.6359999179840	-0.24231360852718	-0.70129257440567	73.000000000000	0.0000000000000
2.6400001049042	-0.24449680745602	-0.70123749971390	73.000000000000	0.0000000000000
2.6440000534058	-0.24668915569782	-0.70116597414017	73.000000000000	0.0000000000000
2.6480000019073	-0.24888998270035	-0.70107722282410	73.000000000000	0.0000000000000
2.6519999504089	-0.25109866261482	-0.70096987485886	73.000000000000	0.0000000000000
2.6559998989105	-0.25331419706345	-0.70084303617477	73.000000000000	0.0000000000000
2.6600000858307	-0.25553581118584	-0.70069581270218	73.000000000000	0.0000000000000
2.6640000343323	-0.25776243209839	-0.70052713155746	73.000000000000	0.0000000000000
2.6679999828339	-0.25999310612679	-0.70033627748489	73.000000000000	0.0000000000000
2.6719999313354	-0.26222655177116	-0.70012259483337	73.000000000000	0.0000000000000
2.6760001182556	-0.26446163654327	-0.69988542795181	73.000000000000	0.0000000000000
2.6800000667572	-0.26669731736183	-0.69962412118912	73.000000000000	0.0000000000000
2.6840000152588	-0.26893204450607	-0.69933843612671	73.000000000000	0.0000000000000
2.6879999637604	-0.27116492390633	-0.69902795553207	73.000000000000	0.0000000000000
2.6919999122620	-0.27339428663254	-0.69869226217270	73.000000000000	0.0000000000000
2.6960000991821	-0.27561914920807	-0.69833129644394	73.000000000000	0.0000000000000
2.7000000476837	-0.27783778309822	-0.69794517755508	73.000000000000	0.0000000000000
2.7039999961853	-0.28004920482635	-0.69753378629684	73.000000000000	0.0000000000000
2.7079999446869	-0.28225174546242	-0.69709742069244	73.000000000000	0.0000000000000
2.7119998931885	-0.28444418311119	-0.69663625955582	73.000000000000	0.0000000000000
2.7160000801086	-0.28662520647049	-0.69615077972412	73.000000000000	0.0000000000000
2.7200000286102	-0.28879371285439	-0.69564139842987	73.000000000000	0.0000000000000
2.7239999771118	-0.29094842076302	-0.69510859251022	73.000000000000	0.0000000000000
2.7279999256134	-0.29308792948723	-0.69455307722092	73.000000000000	0.0000000000000
2.7320001125336	-0.29521116614342	-0.69397568702698	73.000000000000	0.0000000000000
2.7360000610352	-0.29731708765030	-0.69337719678879	73.000000000000	0.0000000000000
2.7400000095367	-0.29940465092659	-0.69275861978531	73.000000000000	0.0000000000000
2.7439999580383	-0.30147328972816	-0.69212073087692	73.000000000000	0.0000000000000
2.7479999065399	-0.30352169275284	-0.69146460294724	73.000000000000	0.0000000000000
2.7520000934601	-0.30554902553558	-0.69079166650772	73.000000000000	0.0000000000000
2.7560000419617	-0.30755475163460	-0.69010287523270	73.000000000000	0.0000000000000
2.7599999904633	-0.30953818559647	-0.68939960002899	73.000000000000	0.0000000000000
2.7639999389648	-0.31149879097939	-0.68868291378021	73.000000000000	0.0000000000000
2.7679998874664	-0.31343629956245	-0.68795430660248	73.000000000000	0.0000000000000
2.7720000743866	-0.31535059213638	-0.68721491098404	73.000000000000	0.0000000000000
2.7760000228882	-0.31724080443382	-0.68646639585495	73.000000000000	0.0000000000000
2.7799999713898	-0.31910732388496	-0.68570989370346	73.000000000000	0.0000000000000
2.7839999198914	-0.32094988226891	-0.68494695425034	73.000000000000	0.0000000000000
2.7880001068115	-0.32276859879494	-0.68417888879776	73.000000000000	0.0000000000000
2.7920000553131	-0.32456398010254	-0.68340682983398	73.000000000000	0.0000000000000
2.7960000038147	-0.32633557915688	-0.68263274431229	73.000000000000	0.0000000000000
2.7999999523163	-0.32808488607407	-0.68185728788376	73.000000000000	0.0000000000000
2.8039999008179	-0.32981136441231	-0.68108212947845	73.000000000000	0.0000000000000
2.8080000877380	-0.33151635527611	-0.68030828237534	73.000000000000	0.0000000000000
2.8120000362396	-0.33320006728172	-0.67953717708588	73.000000000000	0.0000000000000
2.8159999847412	-0.33486333489418	-0.67876988649368	73.000000000000	0.0000000000000
2.8199999332428	-0.33650717139244	-0.67800742387772	73.000000000000	0.0000000000000
2.8239998817444	-0.33813205361366	-0.67725110054016	73.000000000000	0.0000000000000
2.8280000686646	-0.33973991870880	-0.67650127410889	73.000000000000	0.0000000000000
2.8320000171661	-0.34133091568947	-0.67575919628143	73.000000000000	0.0000000000000
2.8359999656677	-0.34290668368340	-0.67502558231354	73.000000000000	0.0000000000000
2.8399999141693	-0.34446799755096	-0.67430120706558	73.000000000000	0.0000000000000
2.8440001010895	-0.34601673483849	-0.67358648777008	73.000000000000	0.0000000000000
2.8480000495911	-0.34755367040634	-0.67288202047348	73.000000000000	0.0000000000000
2.8519999980927	-0.34907987713814	-0.67218822240829	73.000000000000	0.0000000000000
2.8559999465942	-0.35059747099876	-0.67150527238846	73.000000000000	0.0000000000000
2.8599998950958	-0.35210686922073	-0.67083376646042	73.000000000000	0.0000000000000
2.8640000820160	-0.35361030697823	-0.67017316818237	73.000000000000	0.0000000000000
2.8680000305176	-0.35510849952698	-0.66952395439148	73.000000000000	0.0000000000000
2.8719999790192	-0.35660332441330	-0.66888570785522	73.000000000000	0.0000000000000
2.8759999275208	-0.35809561610222	-0.66825824975967	73.000000000000	0.0000000000000
2.8800001144409	-0.35958701372147	-0.66764152050018	73.000000000000	0.0000000000000
2.8840000629425	-0.36107882857323	-0.66703480482101	73.000000000000	0.0000000000000
2.8880000114441	-0.36257189512253	-0.66643786430359	73.000000000000	0.0000000000000
2.8919999599457	-0.36406782269478	-0.66584974527359	73.000000000000	0.0000000000000
2.8959999084473	-0.36556792259216	-0.66526979207993	73.000000000000	0.0000000000000
2.9000000953674	-0.36707285046577	-0.66469740867615	73.000000000000	0.0000000000000
2.9040000438690	-0.36858376860619	-0.66413164138794	73.000000000000	0.0000000000000
2.9079999923706	-0.37010186910629	-0.66357147693634	73.000000000000	0.0000000000000
2.9119999408722	-0.37162756919861	-0.66301602125168	73.000000000000	0.0000000000000
2.9159998893738	-0.37316220998764	-0.66246390342712	73.000000000000	0.0000000000000
2.9200000762939	-0.37470588088036	-0.66191434860229	73.000000000000	0.0000000000000
2.9240000247955	-0.37625989317894	-0.66136586666107	73.000000000000	0.0000000000000
2.9279999732971	-0.37782445549965	-0.66081720590591	73.000000000000	0.0000000000000
2.9319999217987	-0.37939980626106	-0.66026729345322	73.000000000000	0.0000000000000
2.9360001087189	-0.38098648190498	-0.65971463918686	73.000000000000	0.0000000000000
2.9400000572205	-0.38258484005928	-0.65915781259537	73.000000000000	0.0000000000000
2.9440000057220	-0.38419452309608	-0.65859586000443	73.000000000000	0.0000000000000
2.9479999542236	-0.38581609725952	-0.65802693367004	73.000000000000	0.0000000000000
2.9519999027252	-0.38744902610779	-0.65745007991791	73.000000000000	0.0000000000000
2.9560000896454	-0.38909366726875	-0.65686357021332	73.000000000000	0.0000000000000
2.9600000381470	-0.39074927568436	-0.65626633167267	73.000000000000	0.0000000000000
2.9639999866486	-0.39241552352905	-0.65565693378448	73.000000000000	0.0000000000000
2.9679999351501	-0.39409178495407	-0.65503430366516	73.000000000000	0.0000000000000
2.9719998836517	-0.39577785134315	-0.65439683198929	73.000000000000	0.0000000000000
2.9760000705719	-0.39747250080109	-0.65374380350113	73.000000000000	0.0000000000000
2.9800000190735	-0.39917552471161	-0.65307366847992	73.000000000000	0.0000000000000
2.9839999675751	-0.40088587999344	-0.65238541364670	73.000000000000	0.0000000000000
2.9879999160767	-0.40260222554207	-0.65167826414108	73.000000000000	0.0000000000000
2.9920001029968	-0.40432411432266	-0.65095108747482	73.000000000000	0.0000000000000
2.9960000514984	-0.40605020523071	-0.65020304918289	73.000000000000	0.0000000000000
3.0000000000000	-0.40777903795242	-0.64943349361420	73.000000000000	0.0000000000000
3.0039999485016	-0.40950995683670	-0.64864152669907	73.000000000000	0.0000000000000
3.0079998970032	-0.41124138236046	-0.64782685041428	73.000000000000	0.0000000000000
3.0120000839233	-0.41297185420990	-0.64698874950409	73.000000000000	0.0000000000000
3.0160000324249	-0.41470021009445	-0.64612698554993	73.000000000000	0.0000000000000
3.0199999809265	-0.41642549633980	-0.64524090290070	73.000000000000	0.0000000000000
3.0239999294281	-0.41814553737640	-0.64433091878891	73.000000000000	0.0000000000000
3.0280001163483	-0.41985973715782	-0.64339625835419	73.000000000000	0.0000000000000
3.0320000648499	-0.42156571149826	-0.64243769645691	73.000000000000	0.0000000000000
3.0360000133514	-0.42326328158379	-0.64145439863205	73.000000000000	0.0000000000000
3.0399999618530	-0.42494991421700	-0.64044773578644	73.000000000000	0.0000000000000
3.0439999103546	-0.42662513256073	-0.63941711187363	73.000000000000	0.0000000000000
3.0480000972748	-0.42828708887100	-0.63836330175400	73.000000000000	0.0000000000000
3.0520000457764	-0.42993450164795	-0.63728702068329	73.000000000000	0.0000000000000
3.0559999942780	-0.43156629800797	-0.63618856668472	73.000000000000	0.0000000000000
3.0599999427795	-0.43318125605583	-0.63506871461868	73.000000000000	0.0000000000000
3.0639998912811	-0.43477782607079	-0.63392865657806	73.000000000000	0.0000000000000
3.0680000782013	-0.43635556101799	-0.63276875019073	73.000000000000	0.0000000000000
3.0720000267029	-0.43791329860687	-0.63159012794495	73.000000000000	0.0000000000000
3.0759999752045	-0.43944984674454	-0.63039398193359	73.000000000000	0.0000000000000
3.0799999237061	-0.44096431136131	-0.62918138504028	73.000000000000	0.0000000000000
3.0840001106262	-0.44245606660843	-0.62795346975327	73.000000000000	0.0000000000000
3.0880000591278	-0.44392439723015	-0.62671142816544	73.000000000000	0.0000000000000
3.0920000076294	-0.44536894559860	-0.62545645236969	73.000000000000	0.0000000000000
3.0959999561310	-0.44678887724876	-0.62418997287750	73.000000000000	0.0000000000000
3.0999999046326	-0.44818395376205	-0.62291324138641	73.000000000000	0.0000000000000
3.1040000915527	-0.44955384731293	-0.62162780761719	73.000000000000	0.0000000000000
3.1080000400543	-0.45089855790138	-0.62033468484879	73.000000000000	0.0000000000000
3.1119999885559	-0.45221754908562	-0.61903566122055	73.000000000000	0.0000000000000
3.1159999370575	-0.45351141691208	-0.61773180961609	73.000000000000	0.0000000000000
3.1199998855591	-0.45478016138077	-0.61642444133759	73.000000000000	0.0000000000000
3.1240000724792	-0.45602384209633	-0.61511504650116	73.000000000000	0.0000000000000
3.1280000209808	-0.45724260807037	-0.61380523443222	73.000000000000	0.0000000000000
3.1319999694824	-0.45843717455864	-0.61249589920044	73.000000000000	0.0000000000000
3.1359999179840	-0.45960828661919	-0.61118829250336	73.000000000000	0.0000000000000
3.1400001049042	-0.46075618267059	-0.60988390445709	73.000000000000	0.0000000000000
3.1440000534058	-0.46188151836395	-0.60858374834061	73.000000000000	0.0000000000000
3.1480000019073	-0.46298554539680	-0.60728877782822	73.000000000000	0.0000000000000
3.1519999504089	-0.46406894922256	-0.60600012540817	73.000000000000	0.0000000000000
3.1559998989105	-0.46513253450394	-0.60471856594086	73.000000000000	0.0000000000000
3.1600000858307	-0.46617746353149	-0.60344523191452	73.000000000000	0.0000000000000
3.1640000343323	-0.46720480918884	-0.60218077898026	73.000000000000	0.0000000000000
3.1679999828339	-0.46821555495262	-0.60092598199844	73.000000000000	0.0000000000000
3.1719999313354	-0.46921139955521	-0.59968101978302	73.000000000000	0.0000000000000
3.1760001182556	-0.47019273042679	-0.59844708442688	73.000000000000	0.0000000000000
3.1800000667572	-0.47116166353226	-0.59722369909286	73.000000000000	0.0000000000000
3.1840000152588	-0.47211891412735	-0.59601193666458	73.000000000000	0.0000000000000
3.1879999637604	-0.47306624054909	-0.59481149911880	73.000000000000	0.0000000000000
3.1919999122620	-0.47400447726250	-0.59362274408340	73.000000000000	0.0000000000000
3.1960000991821	-0.47493535280228	-0.59244537353516	73.000000000000	0.0000000000000
3.2000000476837	-0.47585976123810	-0.59127944707870	73.000000000000	0.0000000000000
3.2039999961853	-0.47677940130234	-0.59012460708618	73.000000000000	0.0000000000000
3.2079999446869	-0.47769519686699	-0.58898061513901	73.000000000000	0.0000000000000
3.2119998931885	-0.47860884666443	-0.58784687519073	73.000000000000	0.0000000000000
3.2160000801086	-0.47952109575272	-0.58672279119492	73.000000000000	0.0000000000000
3.2200000286102	-0.48043304681778	-0.58560812473297	73.000000000000	0.0000000000000
3.2239999771118	-0.48134610056877	-0.58450150489807	73.000000000000	0.0000000000000
3.2279999256134	-0.48226127028465	-0.58340257406235	73.000000000000	0.0000000000000
3.2320001125336	-0.48317956924438	-0.58230996131897	73.000000000000	0.0000000000000
3.2360000610352	-0.48410150408745	-0.58122318983078	73.000000000000	0.0000000000000
3.2400000095367	-0.48502790927887	-0.58014094829559	73.000000000000	0.0000000000000
3.2439999580383	-0.48595979809761	-0.57906216382980	73.000000000000	0.0000000000000
3.2479999065399	-0.48689791560173	-0.57798534631729	73.000000000000	0.0000000000000
3.2520000934601	-0.48784211277962	-0.57690972089767	73.000000000000	0.0000000000000
3.2560000419617	-0.48879334330559	-0.57583361864090	73.000000000000	0.0000000000000
3.2599999904633	-0.48975202441216	-0.57475578784943	73.000000000000	0.0000000000000
3.2639999389648	-0.49071776866913	-0.57367515563965	73.000000000000	0.0000000000000
3.2679998874664	-0.49169099330902	-0.57259005308151	73.000000000000	0.0000000000000
3.2720000743866	-0.49267196655273	-0.57149904966354	73.000000000000	0.0000000000000
3.2760000228882	-0.49366015195847	-0.57040095329285	73.000000000000	0.0000000000000
3.2799999713898	-0.49465534090996	-0.56929439306259	73.000000000000	0.0000000000000
3.2839999198914	-0.49565765261650	-0.56817764043808	73.000000000000	0.0000000000000
3.2880001068115	-0.49666574597359	-0.56704974174500	73.000000000000	0.0000000000000
3.2920000553131	-0.49767988920212	-0.56590938568115	73.000000000000	0.0000000000000
3.2960000038147	-0.49869894981384	-0.56475496292114	73.000000000000	0.0000000000000
3.2999999523163	-0.49972221255302	-0.56358546018600	73.000000000000	0.0000000000000
3.3039999008179	-0.50074851512909	-0.56239986419678	73.000000000000	0.0000000000000
3.3080000877380	-0.50177758932114	-0.56119674444199	73.000000000000	0.0000000000000
3.3120000362396	-0.50280755758286	-0.55997532606125	73.000000000000	0.0000000000000
3.3159999847412	-0.50383788347244	-0.55873441696167	73.000000000000	0.0000000000000
3.3199999332428	-0.50486701726913	-0.55747336149216	73.000000000000	0.0000000000000
3.3239998817444	-0.50589358806610	-0.55619114637375	73.000000000000	0.0000000000000
3.3280000686646	-0.50691634416580	-0.55488741397858	73.000000000000	0.0000000000000
3.3320000171661	-0.50793391466141	-0.55356121063232	73.000000000000	0.0000000000000
3.3359999656677	-0.50894474983215	-0.55221229791641	73.000000000000	0.0000000000000
3.3399999141693	-0.50994718074799	-0.55084031820297	73.000000000000	0.0000000000000
3.3440001010895	-0.51093953847885	-0.54944479465485	73.000000000000	0.0000000000000
3.3480000495911	-0.51192051172256	-0.54802584648132	73.000000000000	0.0000000000000
3.3519999980927	-0.51288861036301	-0.54658323526382	73.000000000000	0.0000000000000
3.3559999465942	-0.51384174823761	-0.54511725902557	73.000000000000	0.0000000000000
3.3599998950958	-0.51477855443954	-0.54362791776657	73.000000000000	0.0000000000000
3.3640000820160	-0.51569724082947	-0.54211580753326	73.000000000000	0.0000000000000
3.3680000305176	-0.51659625768661	-0.54058122634888	73.000000000000	0.0000000000000
3.3719999790192	-0.51747429370880	-0.53902459144592	73.000000000000	0.0000000000000
3.3759999275208	-0.51832962036133	-0.53744685649872	73.000000000000	0.0000000000000
3.3800001144409	-0.51916080713272	-0.53584873676300	73.000000000000	0.0000000000000
3.3840000629425	-0.51996630430222	-0.53423112630844	73.000000000000	0.0000000000000
3.3880000114441	-0.52074462175369	-0.53259515762329	73.000000000000	0.0000000000000
3.3919999599457	-0.52149456739426	-0.53094178438187	73.000000000000	0.0000000000000
3.3959999084473	-0.52221482992172	-0.52927231788635	73.000000000000	0.0000000000000
3.4000000953674	-0.52290457487106	-0.52758795022964	73.000000000000	0.0000000000000
3.4040000438690	-0.52356249094009	-0.52589023113251	73.000000000000	0.0000000000000
3.4079999923706	-0.52418762445450	-0.52418059110641	73.000000000000	0.0000000000000
3.4119999408722	-0.52477908134460	-0.52246034145355	73.000000000000	0.0000000000000
3.4159998893738	-0.52533602714539	-0.52073150873184	73.000000000000	0.0000000000000
3.4200000762939	-0.52585810422897	-0.51899540424347	73.000000000000	0.0000000000000
3.4240000247955	-0.52634435892105	-0.51725381612778	73.000000000000	0.0000000000000
3.4279999732971	-0.52679467201233	-0.51550847291946	73.000000000000	0.0000000000000
3.4319999217987	-0.52720880508423	-0.51376110315323	73.000000000000	0.0000000000000
3.4360001087189	-0.52758651971817	-0.51201373338699	73.000000000000	0.0000000000000
3.4400000572205	-0.52792763710022	-0.51026791334152	73.000000000000	0.0000000000000
3.4440000057220	-0.52823227643967	-0.50852549076080	73.000000000000	0.0000000000000
3.4479999542236	-0.52850049734116	-0.50678825378418	73.000000000000	0.0000000000000
3.4519999027252	-0.52873319387436	-0.50505799055099	73.000000000000	0.0000000000000
3.4560000896454	-0.52893024682999	-0.50333631038666	73.000000000000	0.0000000000000
3.4600000381470	-0.52909237146378	-0.50162500143051	73.000000000000	0.0000000000000
3.4639999866486	-0.52922046184540	-0.49992594122887	73.000000000000	0.0000000000000
3.4679999351501	-0.52931499481201	-0.49824035167694	73.000000000000	0.0000000000000
3.4719998836517	-0.52937710285187	-0.49657008051872	73.000000000000	0.0000000000000
3.4760000705719	-0.52940785884857	-0.49491646885872	73.000000000000	0.0000000000000
3.4800000190735	-0.52940803766251	-0.49328091740608	73.000000000000	0.0000000000000
3.4839999675751	-0.52937936782837	-0.49166452884674	73.000000000000	0.0000000000000
3.4879999160767	-0.52932268381119	-0.49006900191307	73.000000000000	0.0000000000000
3.4920001029968	-0.52923941612244	-0.48849508166313	73.000000000000	0.0000000000000
3.4960000514984	-0.52913135290146	-0.48694378137589	73.000000000000	0.0000000000000
3.5000000000000	-0.52899944782257	-0.48541620373726	73.000000000000	0.0000000000000
3.5039999485016	-0.52884584665298	-0.48391279578209	73.000000000000	0.0000000000000
3.5079998970032	-0.52867174148560	-0.48243477940559	73.000000000000	0.0000000000000
3.5120000839233	-0.52847880125046	-0.48098215460777	73.000000000000	0.0000000000000
3.5160000324249	-0.52826875448227	-0.47955584526062	73.000000000000	0.0000000000000
3.5199999809265	-0.52804338932037	-0.47815573215485	73.000000000000	0.0000000000000
3.5239999294281	-0.52780455350876	-0.47678199410439	73.000000000000	0.0000000000000
3.5280001163483	-0.52755337953568	-0.47543510794640	73.000000000000	0.0000000000000
3.5320000648499	-0.52729213237762	-0.47411450743675	73.000000000000	0.0000000000000
3.5360000133514	-0.52702212333679	-0.47282034158707	73.000000000000	0.0000000000000
3.5399999618530	-0.52674502134323	-0.47155216336250	73.000000000000	0.0000000000000
3.5439999103546	-0.52646267414093	-0.47030946612358	73.000000000000	0.0000000000000
3.5480000972748	-0.52617633342743	-0.46909198164940	73.000000000000	0.0000000000000
3.5520000457764	-0.52588754892349	-0.46789866685867	73.000000000000	0.0000000000000
3.5559999942780	-0.52559792995453	-0.46672886610031	73.000000000000	0.0000000000000
3.5599999427795	-0.52530848979950	-0.46558192372322	73.000000000000	0.0000000000000
3.5639998912811	-0.52502083778381	-0.46445652842522	73.000000000000	0.0000000000000
3.5680000782013	-0.52473616600037	-0.46335175633430	73.000000000000	0.0000000000000
3.5720000267029	-0.52445530891418	-0.46226644515991	73.000000000000	0.0000000000000
3.5759999752045	-0.52417939901352	-0.46119952201843	73.000000000000	0.0000000000000
3.5799999237061	-0.52390909194946	-0.46014943718910	73.000000000000	0.0000000000000
3.5840001106262	-0.52364557981491	-0.45911490917206	73.000000000000	0.0000000000000
3.5880000591278	-0.52338910102844	-0.45809477567673	73.000000000000	0.0000000000000
3.5920000076294	-0.52314037084579	-0.45708733797073	73.000000000000	0.0000000000000
3.5959999561310	-0.52289980649948	-0.45609113574028	73.000000000000	0.0000000000000
3.5999999046326	-0.52266782522202	-0.45510473847389	73.000000000000	0.0000000000000
3.6040000915527	-0.52244424819946	-0.45412662625313	73.000000000000	0.0000000000000
3.6080000400543	-0.52222913503647	-0.45315542817116	73.000000000000	0.0000000000000
3.6119999885559	-0.52202278375626	-0.45218947529793	73.000000000000	0.0000000000000
3.6159999370575	-0.52182465791702	-0.45122733712196	73.000000000000	0.0000000000000
3.6199998855591	-0.52163439989090	-0.45026749372482	73.000000000000	0.0000000000000
3.6240000724792	-0.52145183086395	-0.44930860400200	73.000000000000	0.0000000000000
3.6280000209808	-0.52127611637115	-0.44834932684898	73.000000000000	0.0000000000000
3.6319999694824	-0.52110648155212	-0.44738817214966	73.000000000000	0.0000000000000
3.6359999179840	-0.52094244956970	-0.44642397761345	73.000000000000	0.0000000000000
3.6400001049042	-0.52078253030777	-0.44545575976372	73.000000000000	0.0000000000000
3.6440000534058	-0.52062636613846	-0.44448214769363	73.000000000000	0.0000000000000
3.6480000019073	-0.52047240734100	-0.44350221753120	73.000000000000	0.0000000000000
3.6519999504089	-0.52031946182251	-0.44251525402069	73.000000000000	0.0000000000000
3.6559998989105	-0.52016669511795	-0.44152003526688	73.000000000000	0.0000000000000
3.6600000858307	-0.52001202106476	-0.44051647186279	73.000000000000	0.0000000000000
3.6640000343323	-0.51985484361649	-0.43950328230858	73.000000000000	0.0000000000000
3.6679999828339	-0.51969319581985	-0.43848052620888	73.000000000000	0.0000000000000
3.6719999313354	-0.51952564716339	-0.43744754791260	73.000000000000	0.0000000000000
3.6760001182556	-0.51935082674026	-0.43640440702438	73.000000000000	0.0000000000000
3.6800000667572	-0.51916700601578	-0.43535095453262	73.000000000000	0.0000000000000
3.6840000152588	-0.51897275447845	-0.43428701162338	73.000000000000	0.0000000000000
3.6879999637604	-0.51876646280289	-0.43321296572685	73.000000000000	0.0000000000000
3.6919999122620	-0.51854634284973	-0.43212929368019	73.000000000000	0.0000000000000
3.6960000991821	-0.51831132173538	-0.43103590607643	73.000000000000	0.0000000000000
3.7000000476837	-0.51805931329727	-0.42993408441544	73.000000000000	0.0000000000000
3.7039999961853	-0.51778930425644	-0.42882391810417	73.000000000000	0.0000000000000
3.7079999446869	-0.51749968528748	-0.42770656943321	73.000000000000	0.0000000000000
3.7119998931885	-0.51718902587891	-0.42658287286758	73.000000000000	0.0000000000000
3.7160000801086	-0.51685625314713	-0.42545393109322	73.000000000000	0.0000000000000
3.7200000286102	-0.51649987697601	-0.42432099580765	73.000000000000	0.0000000000000
3.7239999771118	-0.51611882448196	-0.42318546772003	73.000000000000	0.0000000000000
3.7279999256134	-0.51571202278137	-0.42204841971397	73.000000000000	0.0000000000000
3.7320001125336	-0.51527893543243	-0.42091152071953	73.000000000000	0.0000000000000
3.7360000610352	-0.51481807231903	-0.41977623105049	73.000000000000	0.0000000000000
3.7400000095367	-0.51432925462723	-0.41864451766014	73.000000000000	0.0000000000000
3.7439999580383	-0.51381152868271	-0.41751772165298	73.000000000000	0.0000000000000
3.7479999065399	-0.51326453685760	-0.41639792919159	73.000000000000	0.0000000000000
3.7520000934601	-0.51268821954727	-0.41528663039207	73.000000000000	0.0000000000000
3.7560000419617	-0.51208186149597	-0.41418591141701	73.000000000000	0.0000000000000
3.7599999904633	-0.51144605875015	-0.41309744119644	73.000000000000	0.0000000000000
3.7639999389648	-0.51078027486801	-0.41202351450920	73.000000000000	0.0000000000000
3.7679998874664	-0.51008522510529	-0.41096562147141	73.000000000000	0.0000000000000
3.7720000743866	-0.50936084985733	-0.40992602705956	73.000000000000	0.0000000000000
3.7760000228882	-0.50860816240311	-0.40890651941299	73.000000000000	0.0000000000000
3.7799999713898	-0.50782746076584	-0.40790864825249	73.000000000000	0.0000000000000
3.7839999198914	-0.50701951980591	-0.40693470835686	73.000000000000	0.0000000000000
3.7880001068115	-0.50618565082550	-0.40598624944687	73.000000000000	0.0000000000000
3.7920000553131	-0.50532639026642	-0.40506494045258	73.000000000000	0.0000000000000
3.7960000038147	-0.50444352626801	-0.40417256951332	73.000000000000	0.0000000000000
3.7999999523163	-0.50353819131851	-0.40331035852432	73.000000000000	0.0000000000000
3.8039999008179	-0.50261157751083	-0.40248036384583	73.000000000000	0.0000000000000
3.8080000877380	-0.50166553258896	-0.40168350934982	73.000000000000	0.0000000000000
3.8120000362396	-0.50070178508759	-0.40092122554779	73.000000000000	0.0000000000000
3.8159999847412	-0.49972200393677	-0.40019470453262	73.000000000000	0.0000000000000
3.8199999332428	-0.49872782826424	-0.39950510859489	73.000000000000	0.0000000000000
3.8239998817444	-0.49772158265114	-0.39885297417641	73.000000000000	0.0000000000000
3.8280000686646	-0.49670502543449	-0.39823949337006	73.000000000000	0.0000000000000
3.8320000171661	-0.49568024277687	-0.39766478538513	73.000000000000	0.0000000000000
3.8359999656677	-0.49464955925941	-0.39712989330292	73.000000000000	0.0000000000000
3.8399999141693	-0.49361512064934	-0.39663469791412	73.000000000000	0.0000000000000
3.8440001010895	-0.49257907271385	-0.39617970585823	73.000000000000	0.0000000000000
3.8480000495911	-0.49154350161552	-0.39576467871666	73.000000000000	0.0000000000000
3.8519999980927	-0.49051061272621	-0.39538970589638	73.000000000000	0.0000000000000
3.8559999465942	-0.48948267102242	-0.39505448937416	73.000000000000	0.0000000000000
3.8599998950958	-0.48846203088760	-0.39475831389427	73.000000000000	0.0000000000000
3.8640000820160	-0.48745068907738	-0.39450079202652	73.000000000000	0.0000000000000
3.8680000305176	-0.48645079135895	-0.39428129792213	73.000000000000	0.0000000000000
3.8719999790192	-0.48546442389488	-0.39409846067429	73.000000000000	0.0000000000000
3.8759999275208	-0.48449346423149	-0.39395189285278	73.000000000000	0.0000000000000
3.8800001144409	-0.48354008793831	-0.39383971691132	73.000000000000	0.0000000000000
3.8840000629425	-0.48260584473610	-0.39376112818718	73.000000000000	0.0000000000000
3.8880000114441	-0.48169246315956	-0.39371451735497	73.000000000000	0.0000000000000
3.8919999599457	-0.48080196976662	-0.39369812607765	73.000000000000	0.0000000000000
3.8959999084473	-0.47993564605713	-0.39371040463448	73.000000000000	0.0000000000000
3.9000000953674	-0.47909456491470	-0.39374968409538	73.000000000000	0.0000000000000
3.9040000438690	-0.47828036546707	-0.39381396770477	73.000000000000	0.0000000000000
3.9079999923706	-0.47749418020248	-0.39390110969543	73.000000000000	0.0000000000000
3.9119999408722	-0.47673684358597	-0.39400923252106	73.000000000000	0.0000000000000
3.9159998893738	-0.47600924968719	-0.39413630962372	73.000000000000	0.0000000000000
3.9200000762939	-0.47531196475029	-0.39427989721298	73.000000000000	0.0000000000000
3.9240000247955	-0.47464564442635	-0.39443793892860	73.000000000000	0.0000000000000
3.9279999732971	-0.47401043772697	-0.39460834860802	73.000000000000	0.0000000000000
3.9319999217987	-0.47340682148933	-0.39478865265846	73.000000000000	0.0000000000000
3.9360001087189	-0.47283452749252	-0.39497655630112	73.000000000000	0.0000000000000
3.9400000572205	-0.47229346632957	-0.39516997337341	73.000000000000	0.0000000000000
3.9440000057220	-0.47178345918655	-0.39536663889885	73.000000000000	0.0000000000000
3.9479999542236	-0.47130385041237	-0.39556419849396	73.000000000000	0.0000000000000
3.9519999027252	-0.47085413336754	-0.39576074481010	73.000000000000	0.0000000000000
3.9560000896454	-0.47043356299400	-0.39595392346382	73.000000000000	0.0000000000000
3.9600000381470	-0.47004100680351	-0.39614185690880	73.000000000000	0.0000000000000
3.9639999866486	-0.46967530250549	-0.39632254838943	73.000000000000	0.0000000000000
3.9679999351501	-0.46933567523956	-0.39649415016174	73.000000000000	0.0000000000000
3.9719998836517	-0.46902009844780	-0.39665493369102	73.000000000000	0.0000000000000
3.9760000705719	-0.46872752904892	-0.39680334925652	73.000000000000	0.0000000000000
3.9800000190735	-0.46845617890358	-0.39693766832352	73.000000000000	0.0000000000000
3.9839999675751	-0.46820458769798	-0.39705649018288	73.000000000000	0.0000000000000
3.9879999160767	-0.46797052025795	-0.39715883135796	73.000000000000	0.0000000000000
3.9920001029968	-0.46775218844414	-0.39724338054657	73.000000000000	0.0000000000000
3.9960000514984	-0.46754771471024	-0.39730912446976	73.000000000000	0.0000000000000
4.0000000000000	-0.46735489368439	-0.39735564589500	73.000000000000	0.0000000000000
