#Parameters = {d=50; L=50}
#"Frequency / GHz"	"S1,1 (d=50) [Re]"	"S1,1 (d=50) [Im]"	"Ref.Imp. [Re]"	"Ref.Imp. [Im]"
#---------------------------------------------------------------------------------------
0.0000000000000	1.0000000000000	-0.0000000000000	73.000000000000	0.0000000000000
0.0040000001899898	0.99995464086533	-0.0089831100776792	73.000000000000	0.0000000000000
0.0080000003799796	0.99981838464737	-0.017964554950595	73.000000000000	0.0000000000000
0.012000000104308	0.99959158897400	-0.026942677795887	73.000000000000	0.0000000000000
0.016000000759959	0.99927425384521	-0.035915825515985	73.000000000000	0.0000000000000
0.019999999552965	0.99886673688889	-0.044882364571095	73.000000000000	0.0000000000000
0.024000000208616	0.99836933612823	-0.053840674459934	73.000000000000	0.0000000000000
0.028000000864267	0.99778228998184	-0.062789164483547	73.000000000000	0.0000000000000
0.032000001519918	0.99710637331009	-0.071726262569427	73.000000000000	0.0000000000000
0.035999998450279	0.99634188413620	-0.080650448799133	73.000000000000	0.0000000000000
0.039999999105930	0.99548947811127	-0.089560233056545	73.000000000000	0.0000000000000
0.043999999761581	0.99454969167709	-0.098454140126705	73.000000000000	0.0000000000000
0.048000000417233	0.99352353811264	-0.10733078420162	73.000000000000	0.0000000000000
0.052000001072884	0.99241143465042	-0.11618877202272	73.000000000000	0.0000000000000
0.056000001728535	0.99121439456940	-0.12502682209015	73.000000000000	0.0000000000000
0.059999998658895	0.98993313312531	-0.13384364545345	73.000000000000	0.0000000000000
0.064000003039837	0.98856872320175	-0.14263808727264	73.000000000000	0.0000000000000
0.068000003695488	0.98712211847305	-0.15140898525715	73.000000000000	0.0000000000000
0.071999996900558	0.98559403419495	-0.16015523672104	73.000000000000	0.0000000000000
0.075999997556210	0.98398578166962	-0.16887585818768	73.000000000000	0.0000000000000
0.079999998211861	0.98229819536209	-0.17756989598274	73.000000000000	0.0000000000000
0.083999998867512	0.98053228855133	-0.18623647093773	73.000000000000	0.0000000000000
0.087999999523163	0.97868931293488	-0.19487477838993	73.000000000000	0.0000000000000
0.092000000178814	0.97677028179169	-0.20348405838013	73.000000000000	0.0000000000000
0.096000000834465	0.97477620840073	-0.21206364035606	73.000000000000	0.0000000000000
0.10000000149012	0.97270822525024	-0.22061291337013	73.000000000000	0.0000000000000
0.10400000214577	0.97056740522385	-0.22913132607937	73.000000000000	0.0000000000000
0.10800000280142	0.96835494041443	-0.23761844635010	73.000000000000	0.0000000000000
0.11200000345707	0.96607166528702	-0.24607382714748	73.000000000000	0.0000000000000
0.11599999666214	0.96371877193451	-0.25449714064598	73.000000000000	0.0000000000000
0.11999999731779	0.96129721403122	-0.26288813352585	73.000000000000	0.0000000000000
0.12399999797344	0.95880812406540	-0.27124655246735	73.000000000000	0.0000000000000
0.12800000607967	0.95625233650208	-0.27957224845886	73.000000000000	0.0000000000000
0.13199999928474	0.95363086462021	-0.28786516189575	73.000000000000	0.0000000000000
0.13600000739098	0.95094454288483	-0.29612526297569	73.000000000000	0.0000000000000
0.14000000059605	0.94819420576096	-0.30435243248940	73.000000000000	0.0000000000000
0.14399999380112	0.94538062810898	-0.31254678964615	73.000000000000	0.0000000000000
0.14800000190735	0.94250488281250	-0.32070842385292	73.000000000000	0.0000000000000
0.15199999511242	0.93956720829010	-0.32883748412132	73.000000000000	0.0000000000000
0.15600000321865	0.93656855821609	-0.33693411946297	73.000000000000	0.0000000000000
0.15999999642372	0.93350952863693	-0.34499853849411	73.000000000000	0.0000000000000
0.16400000452995	0.93039047718048	-0.35303097963333	73.000000000000	0.0000000000000
0.16799999773502	0.92721205949783	-0.36103159189224	73.000000000000	0.0000000000000
0.17200000584126	0.92397457361221	-0.36900076270103	73.000000000000	0.0000000000000
0.17599999904633	0.92067855596542	-0.37693870067596	73.000000000000	0.0000000000000
0.18000000715256	0.91732406616211	-0.38484567403793	73.000000000000	0.0000000000000
0.18400000035763	0.91391158103943	-0.39272201061249	73.000000000000	0.0000000000000
0.18799999356270	0.91044110059738	-0.40056797862053	73.000000000000	0.0000000000000
0.19200000166893	0.90691274404526	-0.40838384628296	73.000000000000	0.0000000000000
0.19599999487400	0.90332657098770	-0.41616985201836	73.000000000000	0.0000000000000
0.20000000298023	0.89968252182007	-0.42392635345459	73.000000000000	0.0000000000000
0.20399999618530	0.89598071575165	-0.43165338039398	73.000000000000	0.0000000000000
0.20800000429153	0.89222085475922	-0.43935135006905	73.000000000000	0.0000000000000
0.21199999749660	0.88840276002884	-0.44702023267746	73.000000000000	0.0000000000000
0.21600000560284	0.88452619314194	-0.45466035604477	73.000000000000	0.0000000000000
0.21999999880791	0.88059091567993	-0.46227163076401	73.000000000000	0.0000000000000
0.22400000691414	0.87659657001495	-0.46985429525375	73.000000000000	0.0000000000000
0.22800000011921	0.87254267930984	-0.47740823030472	73.000000000000	0.0000000000000
0.23199999332428	0.86842900514603	-0.48493346571922	73.000000000000	0.0000000000000
0.23600000143051	0.86425489187241	-0.49242979288101	73.000000000000	0.0000000000000
0.23999999463558	0.86001980304718	-0.49989721179008	73.000000000000	0.0000000000000
0.24400000274181	0.85572361946106	-0.50733548402786	73.000000000000	0.0000000000000
0.24799999594688	0.85136520862579	-0.51474428176880	73.000000000000	0.0000000000000
0.25200000405312	0.84694457054138	-0.52212333679199	73.000000000000	0.0000000000000
0.25600001215935	0.84246075153351	-0.52947223186493	73.000000000000	0.0000000000000
0.25999999046326	0.83791327476501	-0.53679043054581	73.000000000000	0.0000000000000
0.26399999856949	0.83330160379410	-0.54407751560211	73.000000000000	0.0000000000000
0.26800000667572	0.82862496376038	-0.55133289098740	73.000000000000	0.0000000000000
0.27200001478195	0.82388287782669	-0.55855584144592	73.000000000000	0.0000000000000
0.27599999308586	0.81907457113266	-0.56574577093124	73.000000000000	0.0000000000000
0.28000000119209	0.81419986486435	-0.57290172576904	73.000000000000	0.0000000000000
0.28400000929832	0.80925786495209	-0.58002287149429	73.000000000000	0.0000000000000
0.28799998760223	0.80424797534943	-0.58710831403732	73.000000000000	0.0000000000000
0.29199999570847	0.79917013645172	-0.59415704011917	73.000000000000	0.0000000000000
0.29600000381470	0.79402339458466	-0.60116803646088	73.000000000000	0.0000000000000
0.30000001192093	0.78880745172501	-0.60814011096954	73.000000000000	0.0000000000000
0.30399999022484	0.78352195024490	-0.61507225036621	73.000000000000	0.0000000000000
0.30799999833107	0.77816671133041	-0.62196308374405	73.000000000000	0.0000000000000
0.31200000643730	0.77274107933044	-0.62881141901016	73.000000000000	0.0000000000000
0.31600001454353	0.76724517345428	-0.63561582565308	73.000000000000	0.0000000000000
0.31999999284744	0.76167857646942	-0.64237499237061	73.000000000000	0.0000000000000
0.32400000095367	0.75604128837585	-0.64908754825592	73.000000000000	0.0000000000000
0.32800000905991	0.75033313035965	-0.65575194358826	73.000000000000	0.0000000000000
0.33199998736382	0.74455410242081	-0.66236674785614	73.000000000000	0.0000000000000
0.33599999547005	0.73870444297791	-0.66893047094345	73.000000000000	0.0000000000000
0.34000000357628	0.73278421163559	-0.67544150352478	73.000000000000	0.0000000000000
0.34400001168251	0.72679364681244	-0.68189841508865	73.000000000000	0.0000000000000
0.34799998998642	0.72073280811310	-0.68829941749573	73.000000000000	0.0000000000000
0.35199999809265	0.71460235118866	-0.69464313983917	73.000000000000	0.0000000000000
0.35600000619888	0.70840275287628	-0.70092779397964	73.000000000000	0.0000000000000
0.36000001430511	0.70213431119919	-0.70715200901031	73.000000000000	0.0000000000000
0.36399999260902	0.69579768180847	-0.71331405639648	73.000000000000	0.0000000000000
0.36800000071526	0.68939381837845	-0.71941238641739	73.000000000000	0.0000000000000
0.37200000882149	0.68292301893234	-0.72544544935226	73.000000000000	0.0000000000000
0.37599998712540	0.67638641595840	-0.73141181468964	73.000000000000	0.0000000000000
0.37999999523163	0.66978478431702	-0.73730981349945	73.000000000000	0.0000000000000
0.38400000333786	0.66311931610107	-0.74313807487488	73.000000000000	0.0000000000000
0.38800001144409	0.65639066696167	-0.74889510869980	73.000000000000	0.0000000000000
0.39199998974800	0.64960032701492	-0.75457942485809	73.000000000000	0.0000000000000
0.39599999785423	0.64274930953979	-0.76018983125687	73.000000000000	0.0000000000000
0.40000000596046	0.63583898544312	-0.76572483778000	73.000000000000	0.0000000000000
0.40400001406670	0.62887018918991	-0.77118337154388	73.000000000000	0.0000000000000
0.40799999237061	0.62184494733810	-0.77656418085098	73.000000000000	0.0000000000000
0.41200000047684	0.61476427316666	-0.78186601400375	73.000000000000	0.0000000000000
0.41600000858307	0.60762959718704	-0.78708779811859	73.000000000000	0.0000000000000
0.41999998688698	0.60044264793396	-0.79222863912582	73.000000000000	0.0000000000000
0.42399999499321	0.59320485591888	-0.79728746414185	73.000000000000	0.0000000000000
0.42800000309944	0.58591753244400	-0.80226355791092	73.000000000000	0.0000000000000
0.43200001120567	0.57858282327652	-0.80715590715408	73.000000000000	0.0000000000000
0.43599998950958	0.57120186090469	-0.81196391582489	73.000000000000	0.0000000000000
0.43999999761581	0.56377661228180	-0.81668692827225	73.000000000000	0.0000000000000
0.44400000572205	0.55630832910538	-0.82132428884506	73.000000000000	0.0000000000000
0.44800001382828	0.54879909753799	-0.82587558031082	73.000000000000	0.0000000000000
0.45199999213219	0.54125052690506	-0.83034038543701	73.000000000000	0.0000000000000
0.45600000023842	0.53366392850876	-0.83471822738647	73.000000000000	0.0000000000000
0.46000000834465	0.52604150772095	-0.83900892734528	73.000000000000	0.0000000000000
0.46399998664856	0.51838457584381	-0.84321236610413	73.000000000000	0.0000000000000
0.46799999475479	0.51069468259811	-0.84732830524445	73.000000000000	0.0000000000000
0.47200000286102	0.50297367572784	-0.85135662555695	73.000000000000	0.0000000000000
0.47600001096725	0.49522292613983	-0.85529756546021	73.000000000000	0.0000000000000
0.47999998927116	0.48744440078735	-0.85915112495422	73.000000000000	0.0000000000000
0.48399999737740	0.47963911294937	-0.86291730403900	73.000000000000	0.0000000000000
0.48800000548363	0.47180870175362	-0.86659651994705	73.000000000000	0.0000000000000
0.49200001358986	0.46395492553711	-0.87018895149231	73.000000000000	0.0000000000000
0.49599999189377	0.45607867836952	-0.87369501590729	73.000000000000	0.0000000000000
0.50000000000000	0.44818156957626	-0.87711483240128	73.000000000000	0.0000000000000
0.50400000810623	0.44026491045952	-0.88044923543930	73.000000000000	0.0000000000000
0.50800001621246	0.43232995271683	-0.88369834423065	73.000000000000	0.0000000000000
0.51200002431870	0.42437747120857	-0.88686293363571	73.000000000000	0.0000000000000
0.51599997282028	0.41640904545784	-0.88994318246841	73.000000000000	0.0000000000000
0.51999998092651	0.40842542052269	-0.89293998479843	73.000000000000	0.0000000000000
0.52399998903275	0.40042784810066	-0.89585387706757	73.000000000000	0.0000000000000
0.52799999713898	0.39241695404053	-0.89868551492691	73.000000000000	0.0000000000000
0.53200000524521	0.38439378142357	-0.90143525600433	73.000000000000	0.0000000000000
0.53600001335144	0.37635883688927	-0.90410399436951	73.000000000000	0.0000000000000
0.54000002145767	0.36831310391426	-0.90669220685959	73.000000000000	0.0000000000000
0.54400002956390	0.36025694012642	-0.90920060873032	73.000000000000	0.0000000000000
0.54799997806549	0.35219112038612	-0.91162979602814	73.000000000000	0.0000000000000
0.55199998617172	0.34411621093750	-0.91398042440414	73.000000000000	0.0000000000000
0.55599999427795	0.33603242039680	-0.91625308990479	73.000000000000	0.0000000000000
0.56000000238419	0.32794040441513	-0.91844820976257	73.000000000000	0.0000000000000
0.56400001049042	0.31983998417854	-0.92056643962860	73.000000000000	0.0000000000000
0.56800001859665	0.31173214316368	-0.92260825634003	73.000000000000	0.0000000000000
0.57200002670288	0.30361628532410	-0.92457407712936	73.000000000000	0.0000000000000
0.57599997520447	0.29549303650856	-0.92646437883377	73.000000000000	0.0000000000000
0.57999998331070	0.28736260533333	-0.92827963829041	73.000000000000	0.0000000000000
0.58399999141693	0.27922478318214	-0.93001997470856	73.000000000000	0.0000000000000
0.58799999952316	0.27107942104340	-0.93168568611145	73.000000000000	0.0000000000000
0.59200000762939	0.26292723417282	-0.93327713012695	73.000000000000	0.0000000000000
0.59600001573563	0.25476735830307	-0.93479424715042	73.000000000000	0.0000000000000
0.60000002384186	0.24659995734692	-0.93623745441437	73.000000000000	0.0000000000000
0.60399997234344	0.23842507600784	-0.93760651350021	73.000000000000	0.0000000000000
0.60799998044968	0.23024265468121	-0.93890130519867	73.000000000000	0.0000000000000
0.61199998855591	0.22205270826817	-0.94012200832367	73.000000000000	0.0000000000000
0.61599999666214	0.21385471522808	-0.94126826524734	73.000000000000	0.0000000000000
0.62000000476837	0.20564885437489	-0.94233977794647	73.000000000000	0.0000000000000
0.62400001287460	0.19743485748768	-0.94333636760712	73.000000000000	0.0000000000000
0.62800002098083	0.18921248614788	-0.94425749778748	73.000000000000	0.0000000000000
0.63200002908707	0.18098244071007	-0.94510298967361	73.000000000000	0.0000000000000
0.63599997758865	0.17274388670921	-0.94587206840515	73.000000000000	0.0000000000000
0.63999998569489	0.16449710726738	-0.94656407833099	73.000000000000	0.0000000000000
0.64399999380112	0.15624143183231	-0.94717872142792	73.000000000000	0.0000000000000
0.64800000190735	0.14797842502594	-0.94771480560303	73.000000000000	0.0000000000000
0.65200001001358	0.13970702886581	-0.94817191362381	73.000000000000	0.0000000000000
0.65600001811981	0.13142751157284	-0.94854927062988	73.000000000000	0.0000000000000
0.66000002622604	0.12314062565565	-0.94884568452835	73.000000000000	0.0000000000000
0.66399997472763	0.11484624445438	-0.94906044006348	73.000000000000	0.0000000000000
0.66799998283386	0.10654473304749	-0.94919252395630	73.000000000000	0.0000000000000
0.67199999094009	0.098236486315727	-0.94924092292786	73.000000000000	0.0000000000000
0.67599999904633	0.089922815561295	-0.94920456409454	73.000000000000	0.0000000000000
0.68000000715256	0.081602841615677	-0.94908237457275	73.000000000000	0.0000000000000
0.68400001525879	0.073278382420540	-0.94887334108353	73.000000000000	0.0000000000000
0.68800002336502	0.064949087798595	-0.94857639074326	73.000000000000	0.0000000000000
0.69199997186661	0.056617312133312	-0.94819027185440	73.000000000000	0.0000000000000
0.69599997997284	0.048282299190760	-0.94771385192871	73.000000000000	0.0000000000000
0.69999998807907	0.039946503937244	-0.94714599847794	73.000000000000	0.0000000000000
0.70399999618530	0.031610146164894	-0.94648569822311	73.000000000000	0.0000000000000
0.70800000429153	0.023274853825569	-0.94573181867599	73.000000000000	0.0000000000000
0.71200001239777	0.014941377565265	-0.94488322734833	73.000000000000	0.0000000000000
0.71600002050400	0.0066118682734668	-0.94393891096115	73.000000000000	0.0000000000000
0.72000002861023	-0.0017132959328592	-0.94289785623550	73.000000000000	0.0000000000000
0.72399997711182	-0.010031893849373	-0.94175904989243	73.000000000000	0.0000000000000
0.72799998521805	-0.018342124298215	-0.94052165746689	73.000000000000	0.0000000000000
0.73199999332428	-0.026642600074410	-0.93918466567993	73.000000000000	0.0000000000000
0.73600000143051	-0.034931905567646	-0.93774724006653	73.000000000000	0.0000000000000
0.74000000953674	-0.043207693845034	-0.93620884418488	73.000000000000	0.0000000000000
0.74400001764297	-0.051467593759298	-0.93456870317459	73.000000000000	0.0000000000000
0.74800002574921	-0.059710565954447	-0.93282604217529	73.000000000000	0.0000000000000
0.75199997425079	-0.067934192717075	-0.93098056316376	73.000000000000	0.0000000000000
0.75599998235703	-0.076136484742165	-0.92903178930283	73.000000000000	0.0000000000000
0.75999999046326	-0.084315009415150	-0.92697936296463	73.000000000000	0.0000000000000
0.76399999856949	-0.092467315495014	-0.92482310533524	73.000000000000	0.0000000000000
0.76800000667572	-0.10059182345867	-0.92256271839142	73.000000000000	0.0000000000000
0.77200001478195	-0.10868607461452	-0.92019826173782	73.000000000000	0.0000000000000
0.77600002288818	-0.11674762517214	-0.91773003339767	73.000000000000	0.0000000000000
0.77999997138977	-0.12477400153875	-0.91515791416168	73.000000000000	0.0000000000000
0.78399997949600	-0.13276278972626	-0.91248232126236	73.000000000000	0.0000000000000
0.78799998760223	-0.14071197807789	-0.90970379114151	73.000000000000	0.0000000000000
0.79199999570847	-0.14861962199211	-0.90682262182236	73.000000000000	0.0000000000000
0.79600000381470	-0.15648241341114	-0.90383964776993	73.000000000000	0.0000000000000
0.80000001192093	-0.16429847478867	-0.90075552463531	73.000000000000	0.0000000000000
0.80400002002716	-0.17206591367722	-0.89757114648819	73.000000000000	0.0000000000000
0.80800002813339	-0.17978201806545	-0.89428770542145	73.000000000000	0.0000000000000
0.81199997663498	-0.18744491040707	-0.89090585708618	73.000000000000	0.0000000000000
0.81599998474121	-0.19505201280117	-0.88742733001709	73.000000000000	0.0000000000000
0.81999999284744	-0.20260156691074	-0.88385307788849	73.000000000000	0.0000000000000
0.82400000095367	-0.21009148657322	-0.88018471002579	73.000000000000	0.0000000000000
0.82800000905991	-0.21752013266087	-0.87642359733582	73.000000000000	0.0000000000000
0.83200001716614	-0.22488509118557	-0.87257158756256	73.000000000000	0.0000000000000
0.83600002527237	-0.23218485713005	-0.86863023042679	73.000000000000	0.0000000000000
0.83999997377396	-0.23941797018051	-0.86460125446320	73.000000000000	0.0000000000000
0.84399998188019	-0.24658264219761	-0.86048662662506	73.000000000000	0.0000000000000
0.84799998998642	-0.25367751717567	-0.85628819465637	73.000000000000	0.0000000000000
0.85199999809265	-0.26070100069046	-0.85200810432434	73.000000000000	0.0000000000000
0.85600000619888	-0.26765227317810	-0.84764838218689	73.000000000000	0.0000000000000
0.86000001430511	-0.27452936768532	-0.84321105480194	73.000000000000	0.0000000000000
0.86400002241135	-0.28133255243301	-0.83869820833206	73.000000000000	0.0000000000000
0.86799997091293	-0.28806036710739	-0.83411204814911	73.000000000000	0.0000000000000
0.87199997901917	-0.29471156001091	-0.82945501804352	73.000000000000	0.0000000000000
0.87599998712540	-0.30128642916679	-0.82472896575928	73.000000000000	0.0000000000000
0.87999999523163	-0.30778428912163	-0.81993621587753	73.000000000000	0.0000000000000
0.88400000333786	-0.31420442461967	-0.81507915258408	73.000000000000	0.0000000000000
0.88800001144409	-0.32054692506790	-0.81015980243683	73.000000000000	0.0000000000000
0.89200001955032	-0.32681199908257	-0.80518031120300	73.000000000000	0.0000000000000
0.89600002765656	-0.33299958705902	-0.80014270544052	73.000000000000	0.0000000000000
0.89999997615814	-0.33910992741585	-0.79504919052124	73.000000000000	0.0000000000000
0.90399998426437	-0.34514337778091	-0.78990185260773	73.000000000000	0.0000000000000
0.90799999237061	-0.35110041499138	-0.78470253944397	73.000000000000	0.0000000000000
0.91200000047684	-0.35698166489601	-0.77945297956467	73.000000000000	0.0000000000000
0.91600000858307	-0.36278775334358	-0.77415537834167	73.000000000000	0.0000000000000
0.92000001668930	-0.36851984262466	-0.76881098747253	73.000000000000	0.0000000000000
0.92400002479553	-0.37417840957642	-0.76342171430588	73.000000000000	0.0000000000000
0.92799997329712	-0.37976512312889	-0.75798887014389	73.000000000000	0.0000000000000
0.93199998140335	-0.38528081774712	-0.75251370668411	73.000000000000	0.0000000000000
0.93599998950958	-0.39072713255882	-0.74699747562408	73.000000000000	0.0000000000000
0.93999999761581	-0.39610490202904	-0.74144142866135	73.000000000000	0.0000000000000
0.94400000572205	-0.40141573548317	-0.73584640026093	73.000000000000	0.0000000000000
0.94800001382828	-0.40666148066521	-0.73021310567856	73.000000000000	0.0000000000000
0.95200002193451	-0.41184291243553	-0.72454231977463	73.000000000000	0.0000000000000
0.95599997043610	-0.41696220636368	-0.71883434057236	73.000000000000	0.0000000000000
0.95999997854233	-0.42202034592628	-0.71308970451355	73.000000000000	0.0000000000000
0.96399998664856	-0.42701971530914	-0.70730811357498	73.000000000000	0.0000000000000
0.96799999475479	-0.43196129798889	-0.70149010419846	73.000000000000	0.0000000000000
0.97200000286102	-0.43684706091881	-0.69563478231430	73.000000000000	0.0000000000000
0.97600001096725	-0.44167831540108	-0.68974244594574	73.000000000000	0.0000000000000
0.98000001907349	-0.44645687937737	-0.68381190299988	73.000000000000	0.0000000000000
0.98400002717972	-0.45118400454521	-0.67784279584885	73.000000000000	0.0000000000000
0.98799997568130	-0.45586070418358	-0.67183434963226	73.000000000000	0.0000000000000
0.99199998378754	-0.46048957109451	-0.66578459739685	73.000000000000	0.0000000000000
0.99599999189377	-0.46507054567337	-0.65969341993332	73.000000000000	0.0000000000000
1.0000000000000	-0.46960571408272	-0.65355843305588	73.000000000000	0.0000000000000
1.0039999485016	-0.47409576177597	-0.64737850427628	73.000000000000	0.0000000000000
1.0080000162125	-0.47854188084602	-0.64115154743195	73.000000000000	0.0000000000000
1.0119999647141	-0.48294454813004	-0.63487583398819	73.000000000000	0.0000000000000
1.0160000324249	-0.48730447888374	-0.62854939699173	73.000000000000	0.0000000000000
1.0199999809265	-0.49162235856056	-0.62216985225677	73.000000000000	0.0000000000000
1.0240000486374	-0.49589818716049	-0.61573505401611	73.000000000000	0.0000000000000
1.0279999971390	-0.50013250112534	-0.60924208164215	73.000000000000	0.0000000000000
1.0319999456406	-0.50432503223419	-0.60268878936768	73.000000000000	0.0000000000000
1.0360000133514	-0.50847548246384	-0.59607231616974	73.000000000000	0.0000000000000
1.0399999618530	-0.51258313655853	-0.58939021825790	73.000000000000	0.0000000000000
1.0440000295639	-0.51664781570435	-0.58263921737671	73.000000000000	0.0000000000000
1.0479999780655	-0.52066802978516	-0.57581681013107	73.000000000000	0.0000000000000
1.0520000457764	-0.52464294433594	-0.56891983747482	73.000000000000	0.0000000000000
1.0559999942780	-0.52857130765915	-0.56194525957108	73.000000000000	0.0000000000000
1.0599999427795	-0.53245091438293	-0.55489033460617	73.000000000000	0.0000000000000
1.0640000104904	-0.53627985715866	-0.54775226116180	73.000000000000	0.0000000000000
1.0679999589920	-0.54005634784698	-0.54052752256393	73.000000000000	0.0000000000000
1.0720000267029	-0.54377806186676	-0.53321337699890	73.000000000000	0.0000000000000
1.0759999752045	-0.54744136333466	-0.52580738067627	73.000000000000	0.0000000000000
1.0800000429153	-0.55104428529739	-0.51830613613129	73.000000000000	0.0000000000000
1.0839999914169	-0.55458277463913	-0.51070725917816	73.000000000000	0.0000000000000
1.0880000591278	-0.55805373191833	-0.50300800800323	73.000000000000	0.0000000000000
1.0920000076294	-0.56145346164703	-0.49520608782768	73.000000000000	0.0000000000000
1.0959999561310	-0.56477743387222	-0.48729872703552	73.000000000000	0.0000000000000
1.1000000238419	-0.56802189350128	-0.47928398847580	73.000000000000	0.0000000000000
1.1039999723434	-0.57118159532547	-0.47115993499756	73.000000000000	0.0000000000000
1.1080000400543	-0.57425254583359	-0.46292454004288	73.000000000000	0.0000000000000
1.1119999885559	-0.57722938060760	-0.45457610487938	73.000000000000	0.0000000000000
1.1160000562668	-0.58010631799698	-0.44611346721649	73.000000000000	0.0000000000000
1.1200000047684	-0.58287870883942	-0.43753528594971	73.000000000000	0.0000000000000
1.1239999532700	-0.58554053306580	-0.42884042859077	73.000000000000	0.0000000000000
1.1280000209808	-0.58808588981628	-0.42002865672112	73.000000000000	0.0000000000000
1.1319999694824	-0.59050852060318	-0.41109940409660	73.000000000000	0.0000000000000
1.1360000371933	-0.59280252456665	-0.40205237269402	73.000000000000	0.0000000000000
1.1399999856949	-0.59496158361435	-0.39288827776909	73.000000000000	0.0000000000000
1.1440000534058	-0.59697884321213	-0.38360735774040	73.000000000000	0.0000000000000
1.1480000019073	-0.59884822368622	-0.37421047687531	73.000000000000	0.0000000000000
1.1519999504089	-0.60056209564209	-0.36469924449921	73.000000000000	0.0000000000000
1.1560000181198	-0.60211449861526	-0.35507506132126	73.000000000000	0.0000000000000
1.1599999666214	-0.60349839925766	-0.34533986449242	73.000000000000	0.0000000000000
1.1640000343323	-0.60470670461655	-0.33549609780312	73.000000000000	0.0000000000000
1.1679999828339	-0.60573244094849	-0.32554656267166	73.000000000000	0.0000000000000
1.1720000505447	-0.60656875371933	-0.31549435853958	73.000000000000	0.0000000000000
1.1759999990463	-0.60720890760422	-0.30534288287163	73.000000000000	0.0000000000000
1.1799999475479	-0.60764575004578	-0.29509618878365	73.000000000000	0.0000000000000
1.1840000152588	-0.60787260532379	-0.28475871682167	73.000000000000	0.0000000000000
1.1879999637604	-0.60788285732269	-0.27433481812477	73.000000000000	0.0000000000000
1.1920000314713	-0.60766977071762	-0.26382979750633	73.000000000000	0.0000000000000
1.1959999799728	-0.60722672939301	-0.25324949622154	73.000000000000	0.0000000000000
1.2000000476837	-0.60654777288437	-0.24259915947914	73.000000000000	0.0000000000000
1.2039999961853	-0.60562634468079	-0.23188556730747	73.000000000000	0.0000000000000
1.2079999446869	-0.60445666313171	-0.22111557424068	73.000000000000	0.0000000000000
1.2120000123978	-0.60303318500519	-0.21029549837112	73.000000000000	0.0000000000000
1.2159999608994	-0.60135024785995	-0.19943343102932	73.000000000000	0.0000000000000
1.2200000286102	-0.59940260648727	-0.18853682279587	73.000000000000	0.0000000000000
1.2239999771118	-0.59718531370163	-0.17761395871639	73.000000000000	0.0000000000000
1.2280000448227	-0.59469401836395	-0.16667306423187	73.000000000000	0.0000000000000
1.2319999933243	-0.59192401170731	-0.15572327375412	73.000000000000	0.0000000000000
1.2359999418259	-0.58887171745300	-0.14477351307869	73.000000000000	0.0000000000000
1.2400000095367	-0.58553338050842	-0.13383308053017	73.000000000000	0.0000000000000
1.2439999580383	-0.58190596103668	-0.12291158735752	73.000000000000	0.0000000000000
1.2480000257492	-0.57798647880554	-0.11201903223991	73.000000000000	0.0000000000000
1.2519999742508	-0.57377272844315	-0.10116561502218	73.000000000000	0.0000000000000
1.2560000419617	-0.56926262378693	-0.090361572802067	73.000000000000	0.0000000000000
1.2599999904633	-0.56445491313934	-0.079617634415627	73.000000000000	0.0000000000000
1.2640000581741	-0.55934840440750	-0.068944245576859	73.000000000000	0.0000000000000
1.2680000066757	-0.55394250154495	-0.058352321386337	73.000000000000	0.0000000000000
1.2719999551773	-0.54823738336563	-0.047853205353022	73.000000000000	0.0000000000000
1.2760000228882	-0.54223328828812	-0.037457566708326	73.000000000000	0.0000000000000
1.2799999713898	-0.53593122959137	-0.027176883071661	73.000000000000	0.0000000000000
1.2840000391006	-0.52933263778687	-0.017022112384439	73.000000000000	0.0000000000000
1.2879999876022	-0.52243947982788	-0.0070044668391347	73.000000000000	0.0000000000000
1.2920000553131	-0.51525419950485	0.0028644790872931	73.000000000000	0.0000000000000
1.2960000038147	-0.50777995586395	0.012573674321175	73.000000000000	0.0000000000000
1.2999999523163	-0.50002002716064	0.022112078964710	73.000000000000	0.0000000000000
1.3040000200272	-0.49197858572006	0.031468436121941	73.000000000000	0.0000000000000
1.3079999685287	-0.48366022109985	0.040631875395775	73.000000000000	0.0000000000000
1.3120000362396	-0.47506999969482	0.049591653048992	73.000000000000	0.0000000000000
1.3159999847412	-0.46621349453926	0.058336827903986	73.000000000000	0.0000000000000
1.3200000524521	-0.45709678530693	0.066857159137726	73.000000000000	0.0000000000000
1.3240000009537	-0.44772651791573	0.075142279267311	73.000000000000	0.0000000000000
1.3279999494553	-0.43810975551605	0.083182163536549	73.000000000000	0.0000000000000
1.3320000171661	-0.42825403809547	0.090967312455177	73.000000000000	0.0000000000000
1.3359999656677	-0.41816741228104	0.098487861454487	73.000000000000	0.0000000000000
1.3400000333786	-0.40785834193230	0.10573503375053	73.000000000000	0.0000000000000
1.3439999818802	-0.39733570814133	0.11269977688789	73.000000000000	0.0000000000000
1.3480000495911	-0.38660892844200	0.11937365680933	73.000000000000	0.0000000000000
1.3519999980927	-0.37568765878677	0.12574881315231	73.000000000000	0.0000000000000
1.3559999465942	-0.36458209156990	0.13181747496128	73.000000000000	0.0000000000000
1.3600000143051	-0.35330256819725	0.13757260143757	73.000000000000	0.0000000000000
1.3639999628067	-0.34186005592346	0.14300711452961	73.000000000000	0.0000000000000
1.3680000305176	-0.33026570081711	0.14811483025551	73.000000000000	0.0000000000000
1.3719999790192	-0.31853085756302	0.15289001166821	73.000000000000	0.0000000000000
1.3760000467300	-0.30666735768318	0.15732733905315	73.000000000000	0.0000000000000
1.3799999952316	-0.29468706250191	0.16142188012600	73.000000000000	0.0000000000000
1.3839999437332	-0.28260216116905	0.16516934335232	73.000000000000	0.0000000000000
1.3880000114441	-0.27042517066002	0.16856606304646	73.000000000000	0.0000000000000
1.3919999599457	-0.25816845893860	0.17160882055759	73.000000000000	0.0000000000000
1.3960000276566	-0.24584490060806	0.17429482936859	73.000000000000	0.0000000000000
1.3999999761581	-0.23346731066704	0.17662206292152	73.000000000000	0.0000000000000
1.4040000438690	-0.22104848921299	0.17858895659447	73.000000000000	0.0000000000000
1.4079999923706	-0.20860153436661	0.18019458651543	73.000000000000	0.0000000000000
1.4119999408722	-0.19613924622536	0.18143841624260	73.000000000000	0.0000000000000
1.4160000085831	-0.18367482721806	0.18232080340385	73.000000000000	0.0000000000000
1.4199999570847	-0.17122116684914	0.18284237384796	73.000000000000	0.0000000000000
1.4240000247955	-0.15879115462303	0.18300446867943	73.000000000000	0.0000000000000
1.4279999732971	-0.14639766514301	0.18280893564224	73.000000000000	0.0000000000000
1.4320000410080	-0.13405351340771	0.18225818872452	73.000000000000	0.0000000000000
1.4359999895096	-0.12177108973265	0.18135532736778	73.000000000000	0.0000000000000
1.4400000572205	-0.10956291109324	0.18010382354259	73.000000000000	0.0000000000000
1.4440000057220	-0.097441263496876	0.17850771546364	73.000000000000	0.0000000000000
1.4479999542236	-0.085417985916138	0.17657165229321	73.000000000000	0.0000000000000
1.4520000219345	-0.073505014181137	0.17430070042610	73.000000000000	0.0000000000000
1.4559999704361	-0.061713706701994	0.17170049250126	73.000000000000	0.0000000000000
1.4600000381470	-0.050055354833603	0.16877707839012	73.000000000000	0.0000000000000
1.4639999866486	-0.038540709763765	0.16553705930710	73.000000000000	0.0000000000000
1.4680000543594	-0.027180423960090	0.16198737919331	73.000000000000	0.0000000000000
1.4720000028610	-0.015984723344445	0.15813548862934	73.000000000000	0.0000000000000
1.4759999513626	-0.0049632075242698	0.15398925542831	73.000000000000	0.0000000000000
1.4800000190735	0.0058745625428855	0.14955686032772	73.000000000000	0.0000000000000
1.4839999675751	0.016519665718079	0.14484693109989	73.000000000000	0.0000000000000
1.4880000352859	0.026963546872139	0.13986837863922	73.000000000000	0.0000000000000
1.4919999837875	0.037198182195425	0.13463047146797	73.000000000000	0.0000000000000
1.4960000514984	0.047215767204762	0.12914277613163	73.000000000000	0.0000000000000
1.5000000000000	0.057009246200323	0.12341508269310	73.000000000000	0.0000000000000
1.5039999485016	0.066571995615959	0.11745744198561	73.000000000000	0.0000000000000
1.5080000162125	0.075897686183453	0.11128024011850	73.000000000000	0.0000000000000
1.5119999647141	0.084980726242065	0.10489388555288	73.000000000000	0.0000000000000
1.5160000324249	0.093815930187702	0.098309040069580	73.000000000000	0.0000000000000
1.5199999809265	0.10239864140749	0.091536499559879	73.000000000000	0.0000000000000
1.5240000486374	0.11072472482920	0.084587171673775	73.000000000000	0.0000000000000
1.5279999971390	0.11879055202007	0.077472038567066	73.000000000000	0.0000000000000
1.5319999456406	0.12659299373627	0.070202164351940	73.000000000000	0.0000000000000
1.5360000133514	0.13412946462631	0.062788620591164	73.000000000000	0.0000000000000
1.5399999618530	0.14139798283577	0.055242523550987	73.000000000000	0.0000000000000
1.5440000295639	0.14839689433575	0.047574911266565	73.000000000000	0.0000000000000
1.5479999780655	0.15512521564960	0.039796836674213	73.000000000000	0.0000000000000
1.5520000457764	0.16158235073090	0.031919244676828	73.000000000000	0.0000000000000
1.5559999942780	0.16776828467846	0.023952994495630	73.000000000000	0.0000000000000
1.5599999427795	0.17368346452713	0.015908831730485	73.000000000000	0.0000000000000
1.5640000104904	0.17932876944542	0.0077973459847271	73.000000000000	0.0000000000000
1.5679999589920	0.18470558524132	-0.00037102689384483	73.000000000000	0.0000000000000
1.5720000267029	0.18981571495533	-0.0085860462859273	73.000000000000	0.0000000000000
1.5759999752045	0.19466143846512	-0.016837680712342	73.000000000000	0.0000000000000
1.5800000429153	0.19924540817738	-0.025116126984358	73.000000000000	0.0000000000000
1.5839999914169	0.20357067883015	-0.033411826938391	73.000000000000	0.0000000000000
1.5880000591278	0.20764076709747	-0.041715499013662	73.000000000000	0.0000000000000
1.5920000076294	0.21145947277546	-0.050018128007650	73.000000000000	0.0000000000000
1.5959999561310	0.21503099799156	-0.058311030268669	73.000000000000	0.0000000000000
1.6000000238419	0.21835984289646	-0.066585786640644	73.000000000000	0.0000000000000
1.6039999723434	0.22145086526871	-0.074834361672401	73.000000000000	0.0000000000000
1.6080000400543	0.22430914640427	-0.083049036562443	73.000000000000	0.0000000000000
1.6119999885559	0.22694008052349	-0.091222420334816	73.000000000000	0.0000000000000
1.6160000562668	0.22934933006763	-0.099347516894341	73.000000000000	0.0000000000000
1.6200000047684	0.23154272139072	-0.10741768777370	73.000000000000	0.0000000000000
1.6239999532700	0.23352634906769	-0.11542668938637	73.000000000000	0.0000000000000
1.6280000209808	0.23530641198158	-0.12336857616901	73.000000000000	0.0000000000000
1.6319999694824	0.23688937723637	-0.13123792409897	73.000000000000	0.0000000000000
1.6360000371933	0.23828180134296	-0.13902963697910	73.000000000000	0.0000000000000
1.6399999856949	0.23949025571346	-0.14673896133900	73.000000000000	0.0000000000000
1.6440000534058	0.24052157998085	-0.15436159074306	73.000000000000	0.0000000000000
1.6480000019073	0.24138250946999	-0.16189362108707	73.000000000000	0.0000000000000
1.6519999504089	0.24207997322083	-0.16933149099350	73.000000000000	0.0000000000000
1.6560000181198	0.24262090027332	-0.17667211592197	73.000000000000	0.0000000000000
1.6599999666214	0.24301207065582	-0.18391263484955	73.000000000000	0.0000000000000
1.6640000343323	0.24326051771641	-0.19105078279972	73.000000000000	0.0000000000000
1.6679999828339	0.24337297677994	-0.19808441400528	73.000000000000	0.0000000000000
1.6720000505447	0.24335630238056	-0.20501199364662	73.000000000000	0.0000000000000
1.6759999990463	0.24321718513966	-0.21183215081692	73.000000000000	0.0000000000000
1.6799999475479	0.24296228587627	-0.21854397654533	73.000000000000	0.0000000000000
1.6840000152588	0.24259813129902	-0.22514687478542	73.000000000000	0.0000000000000
1.6879999637604	0.24213115870953	-0.23164047300816	73.000000000000	0.0000000000000
1.6920000314713	0.24156752228737	-0.23802486062050	73.000000000000	0.0000000000000
1.6959999799728	0.24091340601444	-0.24430032074451	73.000000000000	0.0000000000000
1.7000000476837	0.24017478525639	-0.25046747922897	73.000000000000	0.0000000000000
1.7039999961853	0.23935726284981	-0.25652718544006	73.000000000000	0.0000000000000
1.7079999446869	0.23846660554409	-0.26248055696487	73.000000000000	0.0000000000000
1.7120000123978	0.23750802874565	-0.26832899451256	73.000000000000	0.0000000000000
1.7159999608994	0.23648668825626	-0.27407407760620	73.000000000000	0.0000000000000
1.7200000286102	0.23540744185448	-0.27971762418747	73.000000000000	0.0000000000000
1.7239999771118	0.23427522182465	-0.28526157140732	73.000000000000	0.0000000000000
1.7280000448227	0.23309428989887	-0.29070812463760	73.000000000000	0.0000000000000
1.7319999933243	0.23186880350113	-0.29605951905251	73.000000000000	0.0000000000000
1.7359999418259	0.23060290515423	-0.30131834745407	73.000000000000	0.0000000000000
1.7400000095367	0.22930021584034	-0.30648717284203	73.000000000000	0.0000000000000
1.7439999580383	0.22796426713467	-0.31156858801842	73.000000000000	0.0000000000000
1.7480000257492	0.22659814357758	-0.31656542420387	73.000000000000	0.0000000000000
1.7519999742508	0.22520485520363	-0.32148057222366	73.000000000000	0.0000000000000
1.7560000419617	0.22378723323345	-0.32631689310074	73.000000000000	0.0000000000000
1.7599999904633	0.22234761714935	-0.33107739686966	73.000000000000	0.0000000000000
1.7640000581741	0.22088816761971	-0.33576503396034	73.000000000000	0.0000000000000
1.7680000066757	0.21941098570824	-0.34038272500038	73.000000000000	0.0000000000000
1.7719999551773	0.21791777014732	-0.34493353962898	73.000000000000	0.0000000000000
1.7760000228882	0.21640986204147	-0.34942042827606	73.000000000000	0.0000000000000
1.7799999713898	0.21488873660564	-0.35384622216225	73.000000000000	0.0000000000000
1.7840000391006	0.21335536241531	-0.35821393132210	73.000000000000	0.0000000000000
1.7879999876022	0.21181057393551	-0.36252626776695	73.000000000000	0.0000000000000
1.7920000553131	0.21025496721268	-0.36678609251976	73.000000000000	0.0000000000000
1.7960000038147	0.20868913829327	-0.37099599838257	73.000000000000	0.0000000000000
1.7999999523163	0.20711311697960	-0.37515851855278	73.000000000000	0.0000000000000
1.8040000200272	0.20552717149258	-0.37927615642548	73.000000000000	0.0000000000000
1.8079999685287	0.20393106341362	-0.38335129618645	73.000000000000	0.0000000000000
1.8120000362396	0.20232468843460	-0.38738617300987	73.000000000000	0.0000000000000
1.8159999847412	0.20070765912533	-0.39138290286064	73.000000000000	0.0000000000000
1.8200000524521	0.19907948374748	-0.39534336328506	73.000000000000	0.0000000000000
1.8240000009537	0.19743940234184	-0.39926952123642	73.000000000000	0.0000000000000
1.8279999494553	0.19578684866428	-0.40316298604012	73.000000000000	0.0000000000000
1.8320000171661	0.19412089884281	-0.40702536702156	73.000000000000	0.0000000000000
1.8359999656677	0.19244080781937	-0.41085800528526	73.000000000000	0.0000000000000
1.8400000333786	0.19074548780918	-0.41466209292412	73.000000000000	0.0000000000000
1.8439999818802	0.18903382122517	-0.41843885183334	73.000000000000	0.0000000000000
1.8480000495911	0.18730492889881	-0.42218911647797	73.000000000000	0.0000000000000
1.8519999980927	0.18555766344070	-0.42591372132301	73.000000000000	0.0000000000000
1.8559999465942	0.18379092216492	-0.42961320281029	73.000000000000	0.0000000000000
1.8600000143051	0.18200340867043	-0.43328818678856	73.000000000000	0.0000000000000
1.8639999628067	0.18019433319569	-0.43693888187408	73.000000000000	0.0000000000000
1.8680000305176	0.17836232483387	-0.44056543707848	73.000000000000	0.0000000000000
1.8719999790192	0.17650631070137	-0.44416803121567	73.000000000000	0.0000000000000
1.8760000467300	0.17462533712387	-0.44774651527405	73.000000000000	0.0000000000000
1.8799999952316	0.17271840572357	-0.45130059123039	73.000000000000	0.0000000000000
1.8839999437332	0.17078447341919	-0.45483002066612	73.000000000000	0.0000000000000
1.8880000114441	0.16882273554802	-0.45833429694176	73.000000000000	0.0000000000000
1.8919999599457	0.16683225333691	-0.46181282401085	73.000000000000	0.0000000000000
1.8960000276566	0.16481246054173	-0.46526497602463	73.000000000000	0.0000000000000
1.8999999761581	0.16276265680790	-0.46868991851807	73.000000000000	0.0000000000000
1.9040000438690	0.16068203747272	-0.47208684682846	73.000000000000	0.0000000000000
1.9079999923706	0.15857033431530	-0.47545477747917	73.000000000000	0.0000000000000
1.9119999408722	0.15642723441124	-0.47879272699356	73.000000000000	0.0000000000000
1.9160000085831	0.15425215661526	-0.48209959268570	73.000000000000	0.0000000000000
1.9199999570847	0.15204530954361	-0.48537430167198	73.000000000000	0.0000000000000
1.9240000247955	0.14980646967888	-0.48861560225487	73.000000000000	0.0000000000000
1.9279999732971	0.14753563702106	-0.49182242155075	73.000000000000	0.0000000000000
1.9320000410080	0.14523299038410	-0.49499344825745	73.000000000000	0.0000000000000
1.9359999895096	0.14289890229702	-0.49812754988670	73.000000000000	0.0000000000000
1.9400000572205	0.14053370058537	-0.50122338533401	73.000000000000	0.0000000000000
1.9440000057220	0.13813781738281	-0.50427967309952	73.000000000000	0.0000000000000
1.9479999542236	0.13571193814278	-0.50729531049728	73.000000000000	0.0000000000000
1.9520000219345	0.13325688242912	-0.51026910543442	73.000000000000	0.0000000000000
1.9559999704361	0.13077329099178	-0.51319974660873	73.000000000000	0.0000000000000
1.9600000381470	0.12826219201088	-0.51608610153198	73.000000000000	0.0000000000000
1.9639999866486	0.12572464346886	-0.51892727613449	73.000000000000	0.0000000000000
1.9680000543594	0.12316178530455	-0.52172213792801	73.000000000000	0.0000000000000
1.9720000028610	0.12057472020388	-0.52446967363358	73.000000000000	0.0000000000000
1.9759999513626	0.11796491593122	-0.52716898918152	73.000000000000	0.0000000000000
1.9800000190735	0.11533356457949	-0.52981930971146	73.000000000000	0.0000000000000
1.9839999675751	0.11268218606710	-0.53241980075836	73.000000000000	0.0000000000000
1.9880000352859	0.11001246422529	-0.53496980667114	73.000000000000	0.0000000000000
1.9919999837875	0.10732580721378	-0.53746879100800	73.000000000000	0.0000000000000
1.9960000514984	0.10462372004986	-0.53991627693176	73.000000000000	0.0000000000000
2.0000000000000	0.10190822929144	-0.54231196641922	73.000000000000	0.0000000000000
2.0039999485016	0.099180839955807	-0.54465538263321	73.000000000000	0.0000000000000
2.0079998970032	0.096443347632885	-0.54694634675980	73.000000000000	0.0000000000000
2.0120000839233	0.093697361648083	-0.54918503761292	73.000000000000	0.0000000000000
2.0160000324249	0.090944692492485	-0.55137121677399	73.000000000000	0.0000000000000
2.0199999809265	0.088187336921692	-0.55350506305695	73.000000000000	0.0000000000000
2.0239999294281	0.085427053272724	-0.55558693408966	73.000000000000	0.0000000000000
2.0280001163483	0.082665555179119	-0.55761712789536	73.000000000000	0.0000000000000
2.0320000648499	0.079904489219189	-0.55959606170654	73.000000000000	0.0000000000000
2.0360000133514	0.077145710587502	-0.56152433156967	73.000000000000	0.0000000000000
2.0399999618530	0.074390865862370	-0.56340265274048	73.000000000000	0.0000000000000
2.0439999103546	0.071641534566879	-0.56523174047470	73.000000000000	0.0000000000000
2.0480000972748	0.068899609148502	-0.56701236963272	73.000000000000	0.0000000000000
2.0520000457764	0.066166378557682	-0.56874561309814	73.000000000000	0.0000000000000
2.0559999942780	0.063443429768085	-0.57043248414993	73.000000000000	0.0000000000000
2.0599999427795	0.060732323676348	-0.57207411527634	73.000000000000	0.0000000000000
2.0639998912811	0.058034185320139	-0.57367157936096	73.000000000000	0.0000000000000
2.0680000782013	0.055350396782160	-0.57522636651993	73.000000000000	0.0000000000000
2.0720000267029	0.052682314068079	-0.57673960924149	73.000000000000	0.0000000000000
2.0759999752045	0.050030998885632	-0.57821291685104	73.000000000000	0.0000000000000
2.0799999237061	0.047397471964359	-0.57964760065079	73.000000000000	0.0000000000000
2.0840001106262	0.044782474637032	-0.58104544878006	73.000000000000	0.0000000000000
2.0880000591278	0.042186960577965	-0.58240759372711	73.000000000000	0.0000000000000
2.0920000076294	0.039611741900444	-0.58373594284058	73.000000000000	0.0000000000000
2.0959999561310	0.037057586014271	-0.58503198623657	73.000000000000	0.0000000000000
2.0999999046326	0.034524679183960	-0.58629745244980	73.000000000000	0.0000000000000
2.1040000915527	0.032013718038797	-0.58753401041031	73.000000000000	0.0000000000000
2.1080000400543	0.029524682089686	-0.58874326944351	73.000000000000	0.0000000000000
2.1119999885559	0.027058351784945	-0.58992695808411	73.000000000000	0.0000000000000
2.1159999370575	0.024614352732897	-0.59108662605286	73.000000000000	0.0000000000000
2.1199998855591	0.022193118929863	-0.59222400188446	73.000000000000	0.0000000000000
2.1240000724792	0.019794210791588	-0.59334087371826	73.000000000000	0.0000000000000
2.1280000209808	0.017417429015040	-0.59443849325180	73.000000000000	0.0000000000000
2.1319999694824	0.015062841586769	-0.59551876783371	73.000000000000	0.0000000000000
2.1359999179840	0.012729626148939	-0.59658300876617	73.000000000000	0.0000000000000
2.1400001049042	0.010417782701552	-0.59763276576996	73.000000000000	0.0000000000000
2.1440000534058	0.0081261480227113	-0.59866958856583	73.000000000000	0.0000000000000
2.1480000019073	0.0058546666987240	-0.59969455003738	73.000000000000	0.0000000000000
2.1519999504089	0.0036024095024914	-0.60070925951004	73.000000000000	0.0000000000000
2.1559998989105	0.0013684143777937	-0.60171473026276	73.000000000000	0.0000000000000
2.1600000858307	-0.00084801396587864	-0.60271221399307	73.000000000000	0.0000000000000
2.1640000343323	-0.0030478809494525	-0.60370290279388	73.000000000000	0.0000000000000
2.1679999828339	-0.0052322116680443	-0.60468757152557	73.000000000000	0.0000000000000
2.1719999313354	-0.0074017639271915	-0.60566735267639	73.000000000000	0.0000000000000
2.1760001182556	-0.0095577435567975	-0.60664302110672	73.000000000000	0.0000000000000
2.1800000667572	-0.011701373383403	-0.60761523246765	73.000000000000	0.0000000000000
2.1840000152588	-0.013833892531693	-0.60858464241028	73.000000000000	0.0000000000000
2.1879999637604	-0.015956260263920	-0.60955184698105	73.000000000000	0.0000000000000
2.1919999122620	-0.018069744110107	-0.61051738262177	73.000000000000	0.0000000000000
2.1960000991821	-0.020175615325570	-0.61148160696030	73.000000000000	0.0000000000000
2.2000000476837	-0.022274866700172	-0.61244463920593	73.000000000000	0.0000000000000
2.2039999961853	-0.024369075894356	-0.61340671777725	73.000000000000	0.0000000000000
2.2079999446869	-0.026459112763405	-0.61436808109283	73.000000000000	0.0000000000000
2.2119998931885	-0.028546119108796	-0.61532855033875	73.000000000000	0.0000000000000
2.2160000801086	-0.030631553381681	-0.61628800630569	73.000000000000	0.0000000000000
2.2200000286102	-0.032716426998377	-0.61724632978439	73.000000000000	0.0000000000000
2.2239999771118	-0.034801755100489	-0.61820328235626	73.000000000000	0.0000000000000
2.2279999256134	-0.036888834089041	-0.61915838718414	73.000000000000	0.0000000000000
2.2320001125336	-0.038978401571512	-0.62011140584946	73.000000000000	0.0000000000000
2.2360000610352	-0.041071597486734	-0.62106156349182	73.000000000000	0.0000000000000
2.2400000095367	-0.043169282376766	-0.62200850248337	73.000000000000	0.0000000000000
2.2439999580383	-0.045272145420313	-0.62295150756836	73.000000000000	0.0000000000000
2.2479999065399	-0.047381348907948	-0.62388980388641	73.000000000000	0.0000000000000
2.2520000934601	-0.049497418105602	-0.62482267618179	73.000000000000	0.0000000000000
2.2560000419617	-0.051620882004499	-0.62574923038483	73.000000000000	0.0000000000000
2.2599999904633	-0.053752414882183	-0.62666869163513	73.000000000000	0.0000000000000
2.2639999389648	-0.055892527103424	-0.62758004665375	73.000000000000	0.0000000000000
2.2679998874664	-0.058041710406542	-0.62848246097565	73.000000000000	0.0000000000000
2.2720000743866	-0.060200162231922	-0.62937486171722	73.000000000000	0.0000000000000
2.2760000228882	-0.062368363142014	-0.63025635480881	73.000000000000	0.0000000000000
2.2799999713898	-0.064546331763268	-0.63112598657608	73.000000000000	0.0000000000000
2.2839999198914	-0.066734053194523	-0.63198250532150	73.000000000000	0.0000000000000
2.2880001068115	-0.068931527435780	-0.63282501697540	73.000000000000	0.0000000000000
2.2920000553131	-0.071138873696327	-0.63365256786346	73.000000000000	0.0000000000000
2.2960000038147	-0.073355913162231	-0.63446396589279	73.000000000000	0.0000000000000
2.2999999523163	-0.075582139194012	-0.63525837659836	73.000000000000	0.0000000000000
2.3039999008179	-0.077817350625992	-0.63603478670120	73.000000000000	0.0000000000000
2.3080000877380	-0.080061309039593	-0.63679224252701	73.000000000000	0.0000000000000
2.3120000362396	-0.082313321530819	-0.63752973079681	73.000000000000	0.0000000000000
2.3159999847412	-0.084573015570641	-0.63824653625488	73.000000000000	0.0000000000000
2.3199999332428	-0.086839340627193	-0.63894164562225	73.000000000000	0.0000000000000
2.3239998817444	-0.089112065732479	-0.63961446285248	73.000000000000	0.0000000000000
2.3280000686646	-0.091390289366245	-0.64026409387589	73.000000000000	0.0000000000000
2.3320000171661	-0.093673117458820	-0.64088982343674	73.000000000000	0.0000000000000
2.3359999656677	-0.095959819853306	-0.64149111509323	73.000000000000	0.0000000000000
2.3399999141693	-0.098249346017838	-0.64206749200821	73.000000000000	0.0000000000000
2.3440001010895	-0.10054063051939	-0.64261835813522	73.000000000000	0.0000000000000
2.3480000495911	-0.10283261537552	-0.64314323663712	73.000000000000	0.0000000000000
2.3519999980927	-0.10512471199036	-0.64364182949066	73.000000000000	0.0000000000000
2.3559999465942	-0.10741540789604	-0.64411395788193	73.000000000000	0.0000000000000
2.3599998950958	-0.10970393568277	-0.64455938339233	73.000000000000	0.0000000000000
2.3640000820160	-0.11198893934488	-0.64497780799866	73.000000000000	0.0000000000000
2.3680000305176	-0.11426923424006	-0.64536935091019	73.000000000000	0.0000000000000
2.3719999790192	-0.11654394119978	-0.64573419094086	73.000000000000	0.0000000000000
2.3759999275208	-0.11881171166897	-0.64607220888138	73.000000000000	0.0000000000000
2.3800001144409	-0.12107136845589	-0.64638376235962	73.000000000000	0.0000000000000
2.3840000629425	-0.12332224100828	-0.64666903018951	73.000000000000	0.0000000000000
2.3880000114441	-0.12556269764900	-0.64692848920822	73.000000000000	0.0000000000000
2.3919999599457	-0.12779207527637	-0.64716237783432	73.000000000000	0.0000000000000
2.3959999084473	-0.13000895082951	-0.64737135171890	73.000000000000	0.0000000000000
2.4000000953674	-0.13221254944801	-0.64755600690842	73.000000000000	0.0000000000000
2.4040000438690	-0.13440208137035	-0.64771693944931	73.000000000000	0.0000000000000
2.4079999923706	-0.13657619059086	-0.64785480499268	73.000000000000	0.0000000000000
2.4119999408722	-0.13873413205147	-0.64797049760818	73.000000000000	0.0000000000000
2.4159998893738	-0.14087522029877	-0.64806479215622	73.000000000000	0.0000000000000
2.4200000762939	-0.14299874007702	-0.64813858270645	73.000000000000	0.0000000000000
2.4240000247955	-0.14510375261307	-0.64819300174713	73.000000000000	0.0000000000000
2.4279999732971	-0.14718957245350	-0.64822864532471	73.000000000000	0.0000000000000
2.4319999217987	-0.14925590157509	-0.64824682474136	73.000000000000	0.0000000000000
2.4360001087189	-0.15130199491978	-0.64824855327606	73.000000000000	0.0000000000000
2.4400000572205	-0.15332742035389	-0.64823502302170	73.000000000000	0.0000000000000
2.4440000057220	-0.15533207356930	-0.64820700883865	73.000000000000	0.0000000000000
2.4479999542236	-0.15731528401375	-0.64816606044769	73.000000000000	0.0000000000000
2.4519999027252	-0.15927714109421	-0.64811313152313	73.000000000000	0.0000000000000
2.4560000896454	-0.16121730208397	-0.64804959297180	73.000000000000	0.0000000000000
2.4600000381470	-0.16313575208187	-0.64797627925873	73.000000000000	0.0000000000000
2.4639999866486	-0.16503250598907	-0.64789474010468	73.000000000000	0.0000000000000
2.4679999351501	-0.16690786182880	-0.64780586957932	73.000000000000	0.0000000000000
2.4719998836517	-0.16876189410686	-0.64771091938019	73.000000000000	0.0000000000000
2.4760000705719	-0.17059473693371	-0.64761090278625	73.000000000000	0.0000000000000
2.4800000190735	-0.17240665853024	-0.64750725030899	73.000000000000	0.0000000000000
2.4839999675751	-0.17419818043709	-0.64740085601807	73.000000000000	0.0000000000000
2.4879999160767	-0.17596998810768	-0.64729273319244	73.000000000000	0.0000000000000
2.4920001029968	-0.17772229015827	-0.64718383550644	73.000000000000	0.0000000000000
2.4960000514984	-0.17945565283298	-0.64707523584366	73.000000000000	0.0000000000000
2.5000000000000	-0.18117098510265	-0.64696800708771	73.000000000000	0.0000000000000
2.5039999485016	-0.18286876380444	-0.64686274528503	73.000000000000	0.0000000000000
2.5079998970032	-0.18454989790916	-0.64676046371460	73.000000000000	0.0000000000000
2.5120000839233	-0.18621520698071	-0.64666175842285	73.000000000000	0.0000000000000
2.5160000324249	-0.18786574900150	-0.64656752347946	73.000000000000	0.0000000000000
2.5199999809265	-0.18950204551220	-0.64647817611694	73.000000000000	0.0000000000000
2.5239999294281	-0.19112522900105	-0.64639443159103	73.000000000000	0.0000000000000
2.5280001163483	-0.19273647665977	-0.64631676673889	73.000000000000	0.0000000000000
2.5320000648499	-0.19433642923832	-0.64624553918839	73.000000000000	0.0000000000000
2.5360000133514	-0.19592621922493	-0.64618116617203	73.000000000000	0.0000000000000
2.5399999618530	-0.19750693440437	-0.64612388610840	73.000000000000	0.0000000000000
2.5439999103546	-0.19907967746258	-0.64607387781143	73.000000000000	0.0000000000000
2.5480000972748	-0.20064519345760	-0.64603126049042	73.000000000000	0.0000000000000
2.5520000457764	-0.20220521092415	-0.64599615335464	73.000000000000	0.0000000000000
2.5559999942780	-0.20376008749008	-0.64596831798553	73.000000000000	0.0000000000000
2.5599999427795	-0.20531089603901	-0.64594805240631	73.000000000000	0.0000000000000
2.5639998912811	-0.20685921609402	-0.64593470096588	73.000000000000	0.0000000000000
2.5680000782013	-0.20840546488762	-0.64592838287354	73.000000000000	0.0000000000000
2.5720000267029	-0.20995083451271	-0.64592856168747	73.000000000000	0.0000000000000
2.5759999752045	-0.21149630844593	-0.64593482017517	73.000000000000	0.0000000000000
2.5799999237061	-0.21304281055927	-0.64594697952271	73.000000000000	0.0000000000000
2.5840001106262	-0.21459092199802	-0.64596414566040	73.000000000000	0.0000000000000
2.5880000591278	-0.21614180505276	-0.64598608016968	73.000000000000	0.0000000000000
2.5920000076294	-0.21769589185715	-0.64601200819016	73.000000000000	0.0000000000000
2.5959999561310	-0.21925412118435	-0.64604121446609	73.000000000000	0.0000000000000
2.5999999046326	-0.22081719338894	-0.64607298374176	73.000000000000	0.0000000000000
2.6040000915527	-0.22238537669182	-0.64610654115677	73.000000000000	0.0000000000000
2.6080000400543	-0.22395950555801	-0.64614105224609	73.000000000000	0.0000000000000
2.6119999885559	-0.22553981840611	-0.64617574214935	73.000000000000	0.0000000000000
2.6159999370575	-0.22712686657906	-0.64620959758759	73.000000000000	0.0000000000000
2.6199998855591	-0.22872094810009	-0.64624190330505	73.000000000000	0.0000000000000
2.6240000724792	-0.23032227158546	-0.64627158641815	73.000000000000	0.0000000000000
2.6280000209808	-0.23193104565144	-0.64629775285721	73.000000000000	0.0000000000000
2.6319999694824	-0.23354749381542	-0.64631944894791	73.000000000000	0.0000000000000
2.6359999179840	-0.23517127335072	-0.64633578062057	73.000000000000	0.0000000000000
2.6400001049042	-0.23680271208286	-0.64634567499161	73.000000000000	0.0000000000000
2.6440000534058	-0.23844154179096	-0.64634829759598	73.000000000000	0.0000000000000
2.6480000019073	-0.24008753895760	-0.64634263515472	73.000000000000	0.0000000000000
2.6519999504089	-0.24174058437347	-0.64632785320282	73.000000000000	0.0000000000000
2.6559998989105	-0.24340015649796	-0.64630305767059	73.000000000000	0.0000000000000
2.6600000858307	-0.24506619572639	-0.64626729488373	73.000000000000	0.0000000000000
2.6640000343323	-0.24673789739609	-0.64621978998184	73.000000000000	0.0000000000000
2.6679999828339	-0.24841490387917	-0.64615976810455	73.000000000000	0.0000000000000
2.6719999313354	-0.25009667873383	-0.64608639478683	73.000000000000	0.0000000000000
2.6760001182556	-0.25178241729736	-0.64599907398224	73.000000000000	0.0000000000000
2.6800000667572	-0.25347128510475	-0.64589709043503	73.000000000000	0.0000000000000
2.6840000152588	-0.25516310334206	-0.64577978849411	73.000000000000	0.0000000000000
2.6879999637604	-0.25685656070709	-0.64564675092697	73.000000000000	0.0000000000000
2.6919999122620	-0.25855070352554	-0.64549738168716	73.000000000000	0.0000000000000
2.6960000991821	-0.26024550199509	-0.64533114433289	73.000000000000	0.0000000000000
2.7000000476837	-0.26193907856941	-0.64514797925949	73.000000000000	0.0000000000000
2.7039999961853	-0.26363116502762	-0.64494735002518	73.000000000000	0.0000000000000
2.7079999446869	-0.26532068848610	-0.64472895860672	73.000000000000	0.0000000000000
2.7119998931885	-0.26700630784035	-0.64449292421341	73.000000000000	0.0000000000000
2.7160000801086	-0.26868739724159	-0.64423900842667	73.000000000000	0.0000000000000
2.7200000286102	-0.27036297321320	-0.64396709203720	73.000000000000	0.0000000000000
2.7239999771118	-0.27203202247620	-0.64367735385895	73.000000000000	0.0000000000000
2.7279999256134	-0.27369335293770	-0.64336997270584	73.000000000000	0.0000000000000
2.7320001125336	-0.27534586191177	-0.64304512739182	73.000000000000	0.0000000000000
2.7360000610352	-0.27698907256126	-0.64270305633545	73.000000000000	0.0000000000000
2.7400000095367	-0.27862158417702	-0.64234417676926	73.000000000000	0.0000000000000
2.7439999580383	-0.28024271130562	-0.64196866750717	73.000000000000	0.0000000000000
2.7479999065399	-0.28185179829597	-0.64157724380493	73.000000000000	0.0000000000000
2.7520000934601	-0.28344717621803	-0.64117044210434	73.000000000000	0.0000000000000
2.7560000419617	-0.28502887487411	-0.64074879884720	73.000000000000	0.0000000000000
2.7599999904633	-0.28659564256668	-0.64031291007996	73.000000000000	0.0000000000000
2.7639999389648	-0.28814694285393	-0.63986361026764	73.000000000000	0.0000000000000
2.7679998874664	-0.28968188166618	-0.63940167427063	73.000000000000	0.0000000000000
2.7720000743866	-0.29119995236397	-0.63892781734467	73.000000000000	0.0000000000000
2.7760000228882	-0.29270040988922	-0.63844311237335	73.000000000000	0.0000000000000
2.7799999713898	-0.29418307542801	-0.63794833421707	73.000000000000	0.0000000000000
2.7839999198914	-0.29564750194550	-0.63744425773621	73.000000000000	0.0000000000000
2.7880001068115	-0.29709270596504	-0.63693219423294	73.000000000000	0.0000000000000
2.7920000553131	-0.29851892590523	-0.63641291856766	73.000000000000	0.0000000000000
2.7960000038147	-0.29992559552193	-0.63588768243790	73.000000000000	0.0000000000000
2.7999999523163	-0.30131292343140	-0.63535726070404	73.000000000000	0.0000000000000
2.8039999008179	-0.30268034338951	-0.63482290506363	73.000000000000	0.0000000000000
2.8080000877380	-0.30402788519859	-0.63428568840027	73.000000000000	0.0000000000000
2.8120000362396	-0.30535566806793	-0.63374662399292	73.000000000000	0.0000000000000
2.8159999847412	-0.30666401982307	-0.63320666551590	73.000000000000	0.0000000000000
2.8199999332428	-0.30795276165009	-0.63266700506210	73.000000000000	0.0000000000000
2.8239998817444	-0.30922234058380	-0.63212871551514	73.000000000000	0.0000000000000
2.8280000686646	-0.31047317385674	-0.63159269094467	73.000000000000	0.0000000000000
2.8320000171661	-0.31170541048050	-0.63106018304825	73.000000000000	0.0000000000000
2.8359999656677	-0.31291946768761	-0.63053184747696	73.000000000000	0.0000000000000
2.8399999141693	-0.31411612033844	-0.63000881671906	73.000000000000	0.0000000000000
2.8440001010895	-0.31529590487480	-0.62949192523956	73.000000000000	0.0000000000000
2.8480000495911	-0.31645923852921	-0.62898218631744	73.000000000000	0.0000000000000
2.8519999980927	-0.31760713458061	-0.62848007678986	73.000000000000	0.0000000000000
2.8559999465942	-0.31874018907547	-0.62798666954041	73.000000000000	0.0000000000000
2.8599998950958	-0.31985935568810	-0.62750256061554	73.000000000000	0.0000000000000
2.8640000820160	-0.32096511125565	-0.62702846527100	73.000000000000	0.0000000000000
2.8680000305176	-0.32205849885941	-0.62656497955322	73.000000000000	0.0000000000000
2.8719999790192	-0.32314062118530	-0.62611269950867	73.000000000000	0.0000000000000
2.8759999275208	-0.32421234250069	-0.62567186355591	73.000000000000	0.0000000000000
2.8800001144409	-0.32527479529381	-0.62524300813675	73.000000000000	0.0000000000000
2.8840000629425	-0.32632860541344	-0.62482666969299	73.000000000000	0.0000000000000
2.8880000114441	-0.32737529277802	-0.62442260980606	73.000000000000	0.0000000000000
2.8919999599457	-0.32841524481773	-0.62403172254562	73.000000000000	0.0000000000000
2.8959999084473	-0.32945051789284	-0.62365323305130	73.000000000000	0.0000000000000
2.9000000953674	-0.33048117160797	-0.62328815460205	73.000000000000	0.0000000000000
2.9040000438690	-0.33150854706764	-0.62293589115143	73.000000000000	0.0000000000000
2.9079999923706	-0.33253413438797	-0.62259626388550	73.000000000000	0.0000000000000
2.9119999408722	-0.33355847001076	-0.62226951122284	73.000000000000	0.0000000000000
2.9159998893738	-0.33458247780800	-0.62195521593094	73.000000000000	0.0000000000000
2.9200000762939	-0.33560791611671	-0.62165284156799	73.000000000000	0.0000000000000
2.9240000247955	-0.33663478493690	-0.62136238813400	73.000000000000	0.0000000000000
2.9279999732971	-0.33766475319862	-0.62108314037323	73.000000000000	0.0000000000000
2.9319999217987	-0.33869832754135	-0.62081474065781	73.000000000000	0.0000000000000
2.9360001087189	-0.33973643183708	-0.62055647373199	73.000000000000	0.0000000000000
2.9400000572205	-0.34077998995781	-0.62030792236328	73.000000000000	0.0000000000000
2.9440000057220	-0.34182983636856	-0.62006831169128	73.000000000000	0.0000000000000
2.9479999542236	-0.34288638830185	-0.61983704566956	73.000000000000	0.0000000000000
2.9519999027252	-0.34395048022270	-0.61961323022842	73.000000000000	0.0000000000000
2.9560000896454	-0.34502312541008	-0.61939591169357	73.000000000000	0.0000000000000
2.9600000381470	-0.34610378742218	-0.61918467283249	73.000000000000	0.0000000000000
2.9639999866486	-0.34719410538673	-0.61897820234299	73.000000000000	0.0000000000000
2.9679999351501	-0.34829378128052	-0.61877584457397	73.000000000000	0.0000000000000
2.9719998836517	-0.34940344095230	-0.61857664585114	73.000000000000	0.0000000000000
2.9760000705719	-0.35052338242531	-0.61837947368622	73.000000000000	0.0000000000000
2.9800000190735	-0.35165357589722	-0.61818367242813	73.000000000000	0.0000000000000
2.9839999675751	-0.35279399156570	-0.61798828840256	73.000000000000	0.0000000000000
2.9879999160767	-0.35394540429115	-0.61779195070267	73.000000000000	0.0000000000000
2.9920001029968	-0.35510745644569	-0.61759388446808	73.000000000000	0.0000000000000
2.9960000514984	-0.35627979040146	-0.61739349365234	73.000000000000	0.0000000000000
3.0000000000000	-0.35746249556541	-0.61718934774399	73.000000000000	0.0000000000000
3.0039999485016	-0.35865548253059	-0.61698061227798	73.000000000000	0.0000000000000
3.0079998970032	-0.35985827445984	-0.61676657199860	73.000000000000	0.0000000000000
3.0120000839233	-0.36107048392296	-0.61654627323151	73.000000000000	0.0000000000000
3.0160000324249	-0.36229220032692	-0.61631870269775	73.000000000000	0.0000000000000
3.0199999809265	-0.36352211236954	-0.61608332395554	73.000000000000	0.0000000000000
3.0239999294281	-0.36476030945778	-0.61583924293518	73.000000000000	0.0000000000000
3.0280001163483	-0.36600631475449	-0.61558544635773	73.000000000000	0.0000000000000
3.0320000648499	-0.36725881695747	-0.61532181501389	73.000000000000	0.0000000000000
3.0360000133514	-0.36851796507835	-0.61504721641541	73.000000000000	0.0000000000000
3.0399999618530	-0.36978235840797	-0.61476141214371	73.000000000000	0.0000000000000
3.0439999103546	-0.37105154991150	-0.61446368694305	73.000000000000	0.0000000000000
3.0480000972748	-0.37232467532158	-0.61415380239487	73.000000000000	0.0000000000000
3.0520000457764	-0.37360119819641	-0.61383110284805	73.000000000000	0.0000000000000
3.0559999942780	-0.37487977743149	-0.61349534988403	73.000000000000	0.0000000000000
3.0599999427795	-0.37616020441055	-0.61314624547958	73.000000000000	0.0000000000000
3.0639998912811	-0.37744078040123	-0.61278378963470	73.000000000000	0.0000000000000
3.0680000782013	-0.37872123718262	-0.61240762472153	73.000000000000	0.0000000000000
3.0720000267029	-0.38000041246414	-0.61201781034470	73.000000000000	0.0000000000000
3.0759999752045	-0.38127744197845	-0.61161434650421	73.000000000000	0.0000000000000
3.0799999237061	-0.38255140185356	-0.61119729280472	73.000000000000	0.0000000000000
3.0840001106262	-0.38382124900818	-0.61076706647873	73.000000000000	0.0000000000000
3.0880000591278	-0.38508677482605	-0.61032330989838	73.000000000000	0.0000000000000
3.0920000076294	-0.38634636998177	-0.60986691713333	73.000000000000	0.0000000000000
3.0959999561310	-0.38759955763817	-0.60939776897430	73.000000000000	0.0000000000000
3.0999999046326	-0.38884538412094	-0.60891658067703	73.000000000000	0.0000000000000
3.1040000915527	-0.39008328318596	-0.60842376947403	73.000000000000	0.0000000000000
3.1080000400543	-0.39131253957748	-0.60791969299316	73.000000000000	0.0000000000000
3.1119999885559	-0.39253267645836	-0.60740494728088	73.000000000000	0.0000000000000
3.1159999370575	-0.39374250173569	-0.60688036680222	73.000000000000	0.0000000000000
3.1199998855591	-0.39494159817696	-0.60634672641754	73.000000000000	0.0000000000000
3.1240000724792	-0.39612969756126	-0.60580444335938	73.000000000000	0.0000000000000
3.1280000209808	-0.39730620384216	-0.60525447130203	73.000000000000	0.0000000000000
3.1319999694824	-0.39847064018250	-0.60469764471054	73.000000000000	0.0000000000000
3.1359999179840	-0.39962270855904	-0.60413467884064	73.000000000000	0.0000000000000
3.1400001049042	-0.40076211094856	-0.60356652736664	73.000000000000	0.0000000000000
3.1440000534058	-0.40188884735107	-0.60299402475357	73.000000000000	0.0000000000000
3.1480000019073	-0.40300235152245	-0.60241818428040	73.000000000000	0.0000000000000
3.1519999504089	-0.40410330891609	-0.60183960199356	73.000000000000	0.0000000000000
3.1559998989105	-0.40519091486931	-0.60125952959061	73.000000000000	0.0000000000000
3.1600000858307	-0.40626534819603	-0.60067898035049	73.000000000000	0.0000000000000
3.1640000343323	-0.40732705593109	-0.60009866952896	73.000000000000	0.0000000000000
3.1679999828339	-0.40837648510933	-0.59951925277710	73.000000000000	0.0000000000000
3.1719999313354	-0.40941321849823	-0.59894216060638	73.000000000000	0.0000000000000
3.1760001182556	-0.41043815016747	-0.59836798906326	73.000000000000	0.0000000000000
3.1800000667572	-0.41145139932632	-0.59779757261276	73.000000000000	0.0000000000000
3.1840000152588	-0.41245383024216	-0.59723168611526	73.000000000000	0.0000000000000
3.1879999637604	-0.41344550251961	-0.59667146205902	73.000000000000	0.0000000000000
3.1919999122620	-0.41442731022835	-0.59611719846725	73.000000000000	0.0000000000000
3.1960000991821	-0.41539999842644	-0.59556984901428	73.000000000000	0.0000000000000
3.2000000476837	-0.41636404395103	-0.59503006935120	73.000000000000	0.0000000000000
3.2039999961853	-0.41732090711594	-0.59449815750122	73.000000000000	0.0000000000000
3.2079999446869	-0.41827040910721	-0.59397506713867	73.000000000000	0.0000000000000
3.2119998931885	-0.41921406984329	-0.59346115589142	73.000000000000	0.0000000000000
3.2160000801086	-0.42015239596367	-0.59295701980591	73.000000000000	0.0000000000000
3.2200000286102	-0.42108696699142	-0.59246253967285	73.000000000000	0.0000000000000
3.2239999771118	-0.42201864719391	-0.59197819232941	73.000000000000	0.0000000000000
3.2279999256134	-0.42294776439667	-0.59150451421738	73.000000000000	0.0000000000000
3.2320001125336	-0.42387601733208	-0.59104132652283	73.000000000000	0.0000000000000
3.2360000610352	-0.42480400204659	-0.59058886766434	73.000000000000	0.0000000000000
3.2400000095367	-0.42573338747025	-0.59014689922333	73.000000000000	0.0000000000000
3.2439999580383	-0.42666459083557	-0.58971560001373	73.000000000000	0.0000000000000
3.2479999065399	-0.42759898304939	-0.58929479122162	73.000000000000	0.0000000000000
3.2520000934601	-0.42853784561157	-0.58888381719589	73.000000000000	0.0000000000000
3.2560000419617	-0.42948144674301	-0.58848321437836	73.000000000000	0.0000000000000
3.2599999904633	-0.43043175339699	-0.58809167146683	73.000000000000	0.0000000000000
3.2639999389648	-0.43138942122459	-0.58770906925201	73.000000000000	0.0000000000000
3.2679998874664	-0.43235513567924	-0.58733510971069	73.000000000000	0.0000000000000
3.2720000743866	-0.43333017826080	-0.58696895837784	73.000000000000	0.0000000000000
3.2760000228882	-0.43431538343430	-0.58660989999771	73.000000000000	0.0000000000000
3.2799999713898	-0.43531179428101	-0.58625710010529	73.000000000000	0.0000000000000
3.2839999198914	-0.43632003664970	-0.58590984344482	73.000000000000	0.0000000000000
3.2880001068115	-0.43734049797058	-0.58556759357452	73.000000000000	0.0000000000000
3.2920000553131	-0.43837475776672	-0.58522886037827	73.000000000000	0.0000000000000
3.2960000038147	-0.43942245841026	-0.58489310741425	73.000000000000	0.0000000000000
3.2999999523163	-0.44048529863358	-0.58455878496170	73.000000000000	0.0000000000000
3.3039999008179	-0.44156283140182	-0.58422535657883	73.000000000000	0.0000000000000
3.3080000877380	-0.44265586137772	-0.58389145135880	73.000000000000	0.0000000000000
3.3120000362396	-0.44376489520073	-0.58355587720871	73.000000000000	0.0000000000000
3.3159999847412	-0.44489032030106	-0.58321738243103	73.000000000000	0.0000000000000
3.3199999332428	-0.44603195786476	-0.58287495374680	73.000000000000	0.0000000000000
3.3239998817444	-0.44719016551971	-0.58252727985382	73.000000000000	0.0000000000000
3.3280000686646	-0.44836491346359	-0.58217304944992	73.000000000000	0.0000000000000
3.3320000171661	-0.44955652952194	-0.58181089162827	73.000000000000	0.0000000000000
3.3359999656677	-0.45076432824135	-0.58143991231918	73.000000000000	0.0000000000000
3.3399999141693	-0.45198830962181	-0.58105874061584	73.000000000000	0.0000000000000
3.3440001010895	-0.45322862267494	-0.58066588640213	73.000000000000	0.0000000000000
3.3480000495911	-0.45448443293571	-0.58026015758514	73.000000000000	0.0000000000000
3.3519999980927	-0.45575544238091	-0.57984060049057	73.000000000000	0.0000000000000
3.3559999465942	-0.45704114437103	-0.57940584421158	73.000000000000	0.0000000000000
3.3599998950958	-0.45834073424339	-0.57895499467850	73.000000000000	0.0000000000000
3.3640000820160	-0.45965397357941	-0.57848638296127	73.000000000000	0.0000000000000
3.3680000305176	-0.46097981929779	-0.57799935340881	73.000000000000	0.0000000000000
3.3719999790192	-0.46231746673584	-0.57749283313751	73.000000000000	0.0000000000000
3.3759999275208	-0.46366605162621	-0.57696580886841	73.000000000000	0.0000000000000
3.3800001144409	-0.46502473950386	-0.57641744613647	73.000000000000	0.0000000000000
3.3840000629425	-0.46639239788055	-0.57584643363953	73.000000000000	0.0000000000000
3.3880000114441	-0.46776801347733	-0.57525247335434	73.000000000000	0.0000000000000
3.3919999599457	-0.46915009617805	-0.57463485002518	73.000000000000	0.0000000000000
3.3959999084473	-0.47053822875023	-0.57399260997772	73.000000000000	0.0000000000000
3.4000000953674	-0.47193029522896	-0.57332533597946	73.000000000000	0.0000000000000
3.4040000438690	-0.47332602739334	-0.57263231277466	73.000000000000	0.0000000000000
3.4079999923706	-0.47472339868546	-0.57191359996796	73.000000000000	0.0000000000000
3.4119999408722	-0.47612166404724	-0.57116836309433	73.000000000000	0.0000000000000
3.4159998893738	-0.47751900553703	-0.57039648294449	73.000000000000	0.0000000000000
3.4200000762939	-0.47891440987587	-0.56959789991379	73.000000000000	0.0000000000000
3.4240000247955	-0.48030635714531	-0.56877231597900	73.000000000000	0.0000000000000
3.4279999732971	-0.48169347643852	-0.56792008876801	73.000000000000	0.0000000000000
3.4319999217987	-0.48307484388351	-0.56704086065292	73.000000000000	0.0000000000000
3.4360001087189	-0.48444876074791	-0.56613498926163	73.000000000000	0.0000000000000
3.4400000572205	-0.48581388592720	-0.56520277261734	73.000000000000	0.0000000000000
3.4440000057220	-0.48716890811920	-0.56424444913864	73.000000000000	0.0000000000000
3.4479999542236	-0.48851290345192	-0.56326061487198	73.000000000000	0.0000000000000
3.4519999027252	-0.48984429240227	-0.56225156784058	73.000000000000	0.0000000000000
3.4560000896454	-0.49116191267967	-0.56121790409088	73.000000000000	0.0000000000000
3.4600000381470	-0.49246475100517	-0.56016021966934	73.000000000000	0.0000000000000
3.4639999866486	-0.49375167489052	-0.55907940864563	73.000000000000	0.0000000000000
3.4679999351501	-0.49502140283585	-0.55797612667084	73.000000000000	0.0000000000000
3.4719998836517	-0.49627333879471	-0.55685126781464	73.000000000000	0.0000000000000
3.4760000705719	-0.49750623106956	-0.55570554733276	73.000000000000	0.0000000000000
3.4800000190735	-0.49871948361397	-0.55454003810883	73.000000000000	0.0000000000000
3.4839999675751	-0.49991190433502	-0.55335599184036	73.000000000000	0.0000000000000
3.4879999160767	-0.50108289718628	-0.55215400457382	73.000000000000	0.0000000000000
3.4920001029968	-0.50223213434219	-0.55093544721603	73.000000000000	0.0000000000000
3.4960000514984	-0.50335854291916	-0.54970139265060	73.000000000000	0.0000000000000
3.5000000000000	-0.50446212291718	-0.54845279455185	73.000000000000	0.0000000000000
3.5039999485016	-0.50554186105728	-0.54719126224518	73.000000000000	0.0000000000000
3.5079998970032	-0.50659787654877	-0.54591757059097	73.000000000000	0.0000000000000
3.5120000839233	-0.50762981176376	-0.54463309049606	73.000000000000	0.0000000000000
3.5160000324249	-0.50863730907440	-0.54333895444870	73.000000000000	0.0000000000000
3.5199999809265	-0.50962042808533	-0.54203653335571	73.000000000000	0.0000000000000
3.5239999294281	-0.51057922840118	-0.54072672128677	73.000000000000	0.0000000000000
3.5280001163483	-0.51151341199875	-0.53941112756729	73.000000000000	0.0000000000000
3.5320000648499	-0.51242363452911	-0.53809040784836	73.000000000000	0.0000000000000
3.5360000133514	-0.51330983638763	-0.53676605224609	73.000000000000	0.0000000000000
3.5399999618530	-0.51417243480682	-0.53543913364410	73.000000000000	0.0000000000000
3.5439999103546	-0.51501172780991	-0.53411054611206	73.000000000000	0.0000000000000
3.5480000972748	-0.51582813262939	-0.53278160095215	73.000000000000	0.0000000000000
3.5520000457764	-0.51662224531174	-0.53145307302475	73.000000000000	0.0000000000000
3.5559999942780	-0.51739442348480	-0.53012603521347	73.000000000000	0.0000000000000
3.5599999427795	-0.51814568042755	-0.52880138158798	73.000000000000	0.0000000000000
3.5639998912811	-0.51887637376785	-0.52747976779938	73.000000000000	0.0000000000000
3.5680000782013	-0.51958739757538	-0.52616202831268	73.000000000000	0.0000000000000
3.5720000267029	-0.52027970552444	-0.52484893798828	73.000000000000	0.0000000000000
3.5759999752045	-0.52095389366150	-0.52354109287262	73.000000000000	0.0000000000000
3.5799999237061	-0.52161079645157	-0.52223938703537	73.000000000000	0.0000000000000
3.5840001106262	-0.52225148677826	-0.52094358205795	73.000000000000	0.0000000000000
3.5880000591278	-0.52287679910660	-0.51965481042862	73.000000000000	0.0000000000000
3.5920000076294	-0.52348792552948	-0.51837283372879	73.000000000000	0.0000000000000
3.5959999561310	-0.52408540248871	-0.51709836721420	73.000000000000	0.0000000000000
3.5999999046326	-0.52467048168182	-0.51583129167557	73.000000000000	0.0000000000000
3.6040000915527	-0.52524399757385	-0.51457196474075	73.000000000000	0.0000000000000
3.6080000400543	-0.52580690383911	-0.51332014799118	73.000000000000	0.0000000000000
3.6119999885559	-0.52636039257050	-0.51207590103149	73.000000000000	0.0000000000000
3.6159999370575	-0.52690523862839	-0.51083898544312	73.000000000000	0.0000000000000
3.6199998855591	-0.52744221687317	-0.50960940122604	73.000000000000	0.0000000000000
3.6240000724792	-0.52797245979309	-0.50838679075241	73.000000000000	0.0000000000000
3.6280000209808	-0.52849698066711	-0.50717067718506	73.000000000000	0.0000000000000
3.6319999694824	-0.52901613712311	-0.50596064329147	73.000000000000	0.0000000000000
3.6359999179840	-0.52953100204468	-0.50475639104843	73.000000000000	0.0000000000000
3.6400001049042	-0.53004223108292	-0.50355708599091	73.000000000000	0.0000000000000
3.6440000534058	-0.53055024147034	-0.50236243009567	73.000000000000	0.0000000000000
3.6480000019073	-0.53105622529984	-0.50117135047913	73.000000000000	0.0000000000000
3.6519999504089	-0.53156030178070	-0.49998348951340	73.000000000000	0.0000000000000
3.6559998989105	-0.53206318616867	-0.49879789352417	73.000000000000	0.0000000000000
3.6600000858307	-0.53256529569626	-0.49761366844177	73.000000000000	0.0000000000000
3.6640000343323	-0.53306674957275	-0.49643024802208	73.000000000000	0.0000000000000
3.6679999828339	-0.53356814384460	-0.49524649977684	73.000000000000	0.0000000000000
3.6719999313354	-0.53406941890717	-0.49406170845032	73.000000000000	0.0000000000000
3.6760001182556	-0.53457111120224	-0.49287474155426	73.000000000000	0.0000000000000
3.6800000667572	-0.53507268428802	-0.49168482422829	73.000000000000	0.0000000000000
3.6840000152588	-0.53557449579239	-0.49049079418182	73.000000000000	0.0000000000000
3.6879999637604	-0.53607642650604	-0.48929211497307	73.000000000000	0.0000000000000
3.6919999122620	-0.53657805919647	-0.48808753490448	73.000000000000	0.0000000000000
3.6960000991821	-0.53707927465439	-0.48687618970871	73.000000000000	0.0000000000000
3.7000000476837	-0.53757965564728	-0.48565715551376	73.000000000000	0.0000000000000
3.7039999961853	-0.53807890415192	-0.48442953824997	73.000000000000	0.0000000000000
3.7079999446869	-0.53857630491257	-0.48319259285927	73.000000000000	0.0000000000000
3.7119998931885	-0.53907138109207	-0.48194548487663	73.000000000000	0.0000000000000
3.7160000801086	-0.53956371545792	-0.48068720102310	73.000000000000	0.0000000000000
3.7200000286102	-0.54005205631256	-0.47941726446152	73.000000000000	0.0000000000000
3.7239999771118	-0.54053604602814	-0.47813478112221	73.000000000000	0.0000000000000
3.7279999256134	-0.54101443290710	-0.47683936357498	73.000000000000	0.0000000000000
3.7320001125336	-0.54148679971695	-0.47553020715714	73.000000000000	0.0000000000000
3.7360000610352	-0.54195183515549	-0.47420701384544	73.000000000000	0.0000000000000
3.7400000095367	-0.54240882396698	-0.47286897897720	73.000000000000	0.0000000000000
3.7439999580383	-0.54285615682602	-0.47151637077332	73.000000000000	0.0000000000000
3.7479999065399	-0.54329317808151	-0.47014829516411	73.000000000000	0.0000000000000
3.7520000934601	-0.54371881484985	-0.46876481175423	73.000000000000	0.0000000000000
3.7560000419617	-0.54413157701492	-0.46736580133438	73.000000000000	0.0000000000000
3.7599999904633	-0.54453033208847	-0.46595123410225	73.000000000000	0.0000000000000
3.7639999389648	-0.54491430521011	-0.46452108025551	73.000000000000	0.0000000000000
3.7679998874664	-0.54528176784515	-0.46307548880577	73.000000000000	0.0000000000000
3.7720000743866	-0.54563188552856	-0.46161472797394	73.000000000000	0.0000000000000
3.7760000228882	-0.54596304893494	-0.46013906598091	73.000000000000	0.0000000000000
3.7799999713898	-0.54627460241318	-0.45864880084991	73.000000000000	0.0000000000000
3.7839999198914	-0.54656475782394	-0.45714473724365	73.000000000000	0.0000000000000
3.7880001068115	-0.54683303833008	-0.45562708377838	73.000000000000	0.0000000000000
3.7920000553131	-0.54707777500153	-0.45409679412842	73.000000000000	0.0000000000000
3.7960000038147	-0.54729801416397	-0.45255446434021	73.000000000000	0.0000000000000
3.7999999523163	-0.54749292135239	-0.45100089907646	73.000000000000	0.0000000000000
3.8039999008179	-0.54766130447388	-0.44943711161613	73.000000000000	0.0000000000000
3.8080000877380	-0.54780220985413	-0.44786402583122	73.000000000000	0.0000000000000
3.8120000362396	-0.54791474342346	-0.44628238677979	73.000000000000	0.0000000000000
3.8159999847412	-0.54799818992615	-0.44469371438026	73.000000000000	0.0000000000000
3.8199999332428	-0.54805183410645	-0.44309914112091	73.000000000000	0.0000000000000
3.8239998817444	-0.54807472229004	-0.44149973988533	73.000000000000	0.0000000000000
3.8280000686646	-0.54806667566299	-0.43989694118500	73.000000000000	0.0000000000000
3.8320000171661	-0.54802674055099	-0.43829190731049	73.000000000000	0.0000000000000
3.8359999656677	-0.54795479774475	-0.43668597936630	73.000000000000	0.0000000000000
3.8399999141693	-0.54785031080246	-0.43508088588715	73.000000000000	0.0000000000000
3.8440001010895	-0.54771310091019	-0.43347775936127	73.000000000000	0.0000000000000
3.8480000495911	-0.54754298925400	-0.43187823891640	73.000000000000	0.0000000000000
3.8519999980927	-0.54734003543854	-0.43028348684311	73.000000000000	0.0000000000000
3.8559999465942	-0.54710406064987	-0.42869552969933	73.000000000000	0.0000000000000
3.8599998950958	-0.54683518409729	-0.42711541056633	73.000000000000	0.0000000000000
3.8640000820160	-0.54653382301331	-0.42554461956024	73.000000000000	0.0000000000000
3.8680000305176	-0.54620015621185	-0.42398488521576	73.000000000000	0.0000000000000
3.8719999790192	-0.54583466053009	-0.42243763804436	73.000000000000	0.0000000000000
3.8759999275208	-0.54543799161911	-0.42090389132500	73.000000000000	0.0000000000000
3.8800001144409	-0.54501038789749	-0.41938558220863	73.000000000000	0.0000000000000
3.8840000629425	-0.54455262422562	-0.41788378357887	73.000000000000	0.0000000000000
3.8880000114441	-0.54406589269638	-0.41639980673790	73.000000000000	0.0000000000000
3.8919999599457	-0.54355055093765	-0.41493493318558	73.000000000000	0.0000000000000
3.8959999084473	-0.54300785064697	-0.41349047422409	73.000000000000	0.0000000000000
3.9000000953674	-0.54243862628937	-0.41206741333008	73.000000000000	0.0000000000000
3.9040000438690	-0.54184406995773	-0.41066694259644	73.000000000000	0.0000000000000
3.9079999923706	-0.54122543334961	-0.40928989648819	73.000000000000	0.0000000000000
3.9119999408722	-0.54058402776718	-0.40793734788895	73.000000000000	0.0000000000000
3.9159998893738	-0.53992086648941	-0.40661001205444	73.000000000000	0.0000000000000
3.9200000762939	-0.53923738002777	-0.40530884265900	73.000000000000	0.0000000000000
3.9240000247955	-0.53853476047516	-0.40403440594673	73.000000000000	0.0000000000000
3.9279999732971	-0.53781497478485	-0.40278699994087	73.000000000000	0.0000000000000
3.9319999217987	-0.53707903623581	-0.40156745910645	73.000000000000	0.0000000000000
3.9360001087189	-0.53632861375809	-0.40037599205971	73.000000000000	0.0000000000000
3.9400000572205	-0.53556495904922	-0.39921289682388	73.000000000000	0.0000000000000
3.9440000057220	-0.53479003906250	-0.39807829260826	73.000000000000	0.0000000000000
3.9479999542236	-0.53400498628616	-0.39697220921516	73.000000000000	0.0000000000000
3.9519999027252	-0.53321123123169	-0.39589470624924	73.000000000000	0.0000000000000
3.9560000896454	-0.53241056203842	-0.39484557509422	73.000000000000	0.0000000000000
3.9600000381470	-0.53160452842712	-0.39382451772690	73.000000000000	0.0000000000000
3.9639999866486	-0.53079420328140	-0.39283141493797	73.000000000000	0.0000000000000
3.9679999351501	-0.52998137474060	-0.39186558127403	73.000000000000	0.0000000000000
3.9719998836517	-0.52916699647903	-0.39092659950256	73.000000000000	0.0000000000000
3.9760000705719	-0.52835309505463	-0.39001360535622	73.000000000000	0.0000000000000
3.9800000190735	-0.52754008769989	-0.38912624120712	73.000000000000	0.0000000000000
3.9839999675751	-0.52672988176346	-0.38826343417168	73.000000000000	0.0000000000000
3.9879999160767	-0.52592337131500	-0.38742434978485	73.000000000000	0.0000000000000
3.9920001029968	-0.52512186765671	-0.38660809397697	73.000000000000	0.0000000000000
3.9960000514984	-0.52432602643967	-0.38581350445747	73.000000000000	0.0000000000000
4.0000000000000	-0.52353692054749	-0.38503947854042	73.000000000000	0.0000000000000
