#Parameters = {d=80; L=50}
#"Frequency / GHz"	"S1,1 (d=80) [Re]"	"S1,1 (d=80) [Im]"	"Ref.Imp. [Re]"	"Ref.Imp. [Im]"
#---------------------------------------------------------------------------------------
0.0000000000000	0.99767762422562	-0.0000000000000	73.000000000000	0.0000000000000
0.0040000001899898	0.99764168262482	-0.0087654246017337	73.000000000000	0.0000000000000
0.0080000003799796	0.99753367900848	-0.017530580982566	73.000000000000	0.0000000000000
0.012000000104308	0.99735361337662	-0.026295194402337	73.000000000000	0.0000000000000
0.016000000759959	0.99710154533386	-0.035058997571468	73.000000000000	0.0000000000000
0.019999999552965	0.99677735567093	-0.043821711093187	73.000000000000	0.0000000000000
0.024000000208616	0.99638068675995	-0.052583031356335	73.000000000000	0.0000000000000
0.028000000864267	0.99591171741486	-0.061342675238848	73.000000000000	0.0000000000000
0.032000001519918	0.99536997079849	-0.070100322365761	73.000000000000	0.0000000000000
0.035999998450279	0.99475562572479	-0.078855626285076	73.000000000000	0.0000000000000
0.039999999105930	0.99406820535660	-0.087608255445957	73.000000000000	0.0000000000000
0.043999999761581	0.99330747127533	-0.096357844769955	73.000000000000	0.0000000000000
0.048000000417233	0.99247324466705	-0.10510401427746	73.000000000000	0.0000000000000
0.052000001072884	0.99156534671783	-0.11384633183479	73.000000000000	0.0000000000000
0.056000001728535	0.99058336019516	-0.12258438020945	73.000000000000	0.0000000000000
0.059999998658895	0.98952704668045	-0.13131770491600	73.000000000000	0.0000000000000
0.064000003039837	0.98839616775513	-0.14004580676556	73.000000000000	0.0000000000000
0.068000003695488	0.98719018697739	-0.14876818656921	73.000000000000	0.0000000000000
0.071999996900558	0.98590898513794	-0.15748427808285	73.000000000000	0.0000000000000
0.075999997556210	0.98455220460892	-0.16619357466698	73.000000000000	0.0000000000000
0.079999998211861	0.98311936855316	-0.17489539086819	73.000000000000	0.0000000000000
0.083999998867512	0.98161023855209	-0.18358911573887	73.000000000000	0.0000000000000
0.087999999523163	0.98002451658249	-0.19227410852909	73.000000000000	0.0000000000000
0.092000000178814	0.97836178541183	-0.20094966888428	73.000000000000	0.0000000000000
0.096000000834465	0.97662162780762	-0.20961502194405	73.000000000000	0.0000000000000
0.10000000149012	0.97480398416519	-0.21826946735382	73.000000000000	0.0000000000000
0.10400000214577	0.97290831804276	-0.22691218554974	73.000000000000	0.0000000000000
0.10800000280142	0.97093439102173	-0.23554234206676	73.000000000000	0.0000000000000
0.11200000345707	0.96888214349747	-0.24415910243988	73.000000000000	0.0000000000000
0.11599999666214	0.96675091981888	-0.25276157259941	73.000000000000	0.0000000000000
0.11999999731779	0.96454066038132	-0.26134878396988	73.000000000000	0.0000000000000
0.12399999797344	0.96225106716156	-0.26991987228394	73.000000000000	0.0000000000000
0.12800000607967	0.95988208055496	-0.27847379446030	73.000000000000	0.0000000000000
0.13199999928474	0.95743340253830	-0.28700968623161	73.000000000000	0.0000000000000
0.13600000739098	0.95490473508835	-0.29552632570267	73.000000000000	0.0000000000000
0.14000000059605	0.95229631662369	-0.30402281880379	73.000000000000	0.0000000000000
0.14399999380112	0.94960772991180	-0.31249800324440	73.000000000000	0.0000000000000
0.14800000190735	0.94683903455734	-0.32095083594322	73.000000000000	0.0000000000000
0.15199999511242	0.94399011135101	-0.32938027381897	73.000000000000	0.0000000000000
0.15600000321865	0.94106119871140	-0.33778512477875	73.000000000000	0.0000000000000
0.15999999642372	0.93805211782455	-0.34616422653198	73.000000000000	0.0000000000000
0.16400000452995	0.93496298789978	-0.35451647639275	73.000000000000	0.0000000000000
0.16799999773502	0.93179386854172	-0.36284071207047	73.000000000000	0.0000000000000
0.17200000584126	0.92854511737823	-0.37113580107689	73.000000000000	0.0000000000000
0.17599999904633	0.92521667480469	-0.37940049171448	73.000000000000	0.0000000000000
0.18000000715256	0.92180889844894	-0.38763374090195	73.000000000000	0.0000000000000
0.18400000035763	0.91832196712494	-0.39583420753479	73.000000000000	0.0000000000000
0.18799999356270	0.91475635766983	-0.40400090813637	73.000000000000	0.0000000000000
0.19200000166893	0.91111224889755	-0.41213250160217	73.000000000000	0.0000000000000
0.19599999487400	0.90739011764526	-0.42022800445557	73.000000000000	0.0000000000000
0.20000000298023	0.90359038114548	-0.42828616499901	73.000000000000	0.0000000000000
0.20399999618530	0.89971351623535	-0.43630582094193	73.000000000000	0.0000000000000
0.20800000429153	0.89576005935669	-0.44428598880768	73.000000000000	0.0000000000000
0.21199999749660	0.89173036813736	-0.45222544670105	73.000000000000	0.0000000000000
0.21600000560284	0.88762527704239	-0.46012312173843	73.000000000000	0.0000000000000
0.21999999880791	0.88344526290894	-0.46797800064087	73.000000000000	0.0000000000000
0.22400000691414	0.87919086217880	-0.47578901052475	73.000000000000	0.0000000000000
0.22800000011921	0.87486284971237	-0.48355507850647	73.000000000000	0.0000000000000
0.23199999332428	0.87046200037003	-0.49127531051636	73.000000000000	0.0000000000000
0.23600000143051	0.86598896980286	-0.49894860386848	73.000000000000	0.0000000000000
0.23999999463558	0.86144447326660	-0.50657427310944	73.000000000000	0.0000000000000
0.24400000274181	0.85682934522629	-0.51415121555328	73.000000000000	0.0000000000000
0.24799999594688	0.85214447975159	-0.52167862653732	73.000000000000	0.0000000000000
0.25200000405312	0.84739065170288	-0.52915561199188	73.000000000000	0.0000000000000
0.25600001215935	0.84256857633591	-0.53658139705658	73.000000000000	0.0000000000000
0.25999999046326	0.83767932653427	-0.54395538568497	73.000000000000	0.0000000000000
0.26399999856949	0.83272349834442	-0.55127656459808	73.000000000000	0.0000000000000
0.26800000667572	0.82770222425461	-0.55854445695877	73.000000000000	0.0000000000000
0.27200001478195	0.82261627912521	-0.56575840711594	73.000000000000	0.0000000000000
0.27599999308586	0.81746661663055	-0.57291769981384	73.000000000000	0.0000000000000
0.28000000119209	0.81225413084030	-0.58002173900604	73.000000000000	0.0000000000000
0.28400000929832	0.80697953701019	-0.58707004785538	73.000000000000	0.0000000000000
0.28799998760223	0.80164414644241	-0.59406214952469	73.000000000000	0.0000000000000
0.29199999570847	0.79624843597412	-0.60099756717682	73.000000000000	0.0000000000000
0.29600000381470	0.79079359769821	-0.60787582397461	73.000000000000	0.0000000000000
0.30000001192093	0.78528040647507	-0.61469656229019	73.000000000000	0.0000000000000
0.30399999022484	0.77970957756042	-0.62145942449570	73.000000000000	0.0000000000000
0.30799999833107	0.77408212423325	-0.62816399335861	73.000000000000	0.0000000000000
0.31200000643730	0.76839900016785	-0.63481009006500	73.000000000000	0.0000000000000
0.31600001454353	0.76266092061996	-0.64139753580093	73.000000000000	0.0000000000000
0.31999999284744	0.75686848163605	-0.64792591333389	73.000000000000	0.0000000000000
0.32400000095367	0.75102269649506	-0.65439498424530	73.000000000000	0.0000000000000
0.32800000905991	0.74512434005737	-0.66080486774445	73.000000000000	0.0000000000000
0.33199998736382	0.73917424678802	-0.66715508699417	73.000000000000	0.0000000000000
0.33599999547005	0.73317283391953	-0.67344558238983	73.000000000000	0.0000000000000
0.34000000357628	0.72712075710297	-0.67967629432678	73.000000000000	0.0000000000000
0.34400001168251	0.72101914882660	-0.68584710359573	73.000000000000	0.0000000000000
0.34799998998642	0.71486806869507	-0.69195795059204	73.000000000000	0.0000000000000
0.35199999809265	0.70866858959198	-0.69800871610641	73.000000000000	0.0000000000000
0.35600000619888	0.70242077112198	-0.70399928092957	73.000000000000	0.0000000000000
0.36000001430511	0.69612562656403	-0.70992976427078	73.000000000000	0.0000000000000
0.36399999260902	0.68978357315063	-0.71579992771149	73.000000000000	0.0000000000000
0.36800000071526	0.68339473009109	-0.72160983085632	73.000000000000	0.0000000000000
0.37200000882149	0.67695999145508	-0.72735935449600	73.000000000000	0.0000000000000
0.37599998712540	0.67047935724258	-0.73304849863052	73.000000000000	0.0000000000000
0.37999999523163	0.66395342350006	-0.73867708444595	73.000000000000	0.0000000000000
0.38400000333786	0.65738242864609	-0.74424517154694	73.000000000000	0.0000000000000
0.38800001144409	0.65076678991318	-0.74975264072418	73.000000000000	0.0000000000000
0.39199998974800	0.64410680532455	-0.75519931316376	73.000000000000	0.0000000000000
0.39599999785423	0.63740265369415	-0.76058524847031	73.000000000000	0.0000000000000
0.40000000596046	0.63065469264984	-0.76591014862061	73.000000000000	0.0000000000000
0.40400001406670	0.62386286258698	-0.77117401361465	73.000000000000	0.0000000000000
0.40799999237061	0.61702752113342	-0.77637654542923	73.000000000000	0.0000000000000
0.41200000047684	0.61014890670776	-0.78151756525040	73.000000000000	0.0000000000000
0.41600000858307	0.60322701931000	-0.78659677505493	73.000000000000	0.0000000000000
0.41999998688698	0.59626203775406	-0.79161417484283	73.000000000000	0.0000000000000
0.42399999499321	0.58925408124924	-0.79656922817230	73.000000000000	0.0000000000000
0.42800000309944	0.58220314979553	-0.80146175622940	73.000000000000	0.0000000000000
0.43200001120567	0.57510960102081	-0.80629134178162	73.000000000000	0.0000000000000
0.43599998950958	0.56797325611115	-0.81105762720108	73.000000000000	0.0000000000000
0.43999999761581	0.56079435348511	-0.81576019525528	73.000000000000	0.0000000000000
0.44400000572205	0.55357265472412	-0.82039850950241	73.000000000000	0.0000000000000
0.44800001382828	0.54630851745605	-0.82497227191925	73.000000000000	0.0000000000000
0.45199999213219	0.53900218009949	-0.82948082685471	73.000000000000	0.0000000000000
0.45600000023842	0.53165346384048	-0.83392357826233	73.000000000000	0.0000000000000
0.46000000834465	0.52426236867905	-0.83829998970032	73.000000000000	0.0000000000000
0.46399998664856	0.51682925224304	-0.84260946512222	73.000000000000	0.0000000000000
0.46799999475479	0.50935405492783	-0.84685128927231	73.000000000000	0.0000000000000
0.47200000286102	0.50183701515198	-0.85102474689484	73.000000000000	0.0000000000000
0.47600001096725	0.49427816271782	-0.85512900352478	73.000000000000	0.0000000000000
0.47999998927116	0.48667785525322	-0.85916340351105	73.000000000000	0.0000000000000
0.48399999737740	0.47903624176979	-0.86312723159790	73.000000000000	0.0000000000000
0.48800000548363	0.47135335206985	-0.86701941490173	73.000000000000	0.0000000000000
0.49200001358986	0.46362966299057	-0.87083923816681	73.000000000000	0.0000000000000
0.49599999189377	0.45586565136909	-0.87458574771881	73.000000000000	0.0000000000000
0.50000000000000	0.44806116819382	-0.87825810909271	73.000000000000	0.0000000000000
0.50400000810623	0.44021710753441	-0.88185524940491	73.000000000000	0.0000000000000
0.50800001621246	0.43233335018158	-0.88537627458572	73.000000000000	0.0000000000000
0.51200002431870	0.42441070079803	-0.88882011175156	73.000000000000	0.0000000000000
0.51599997282028	0.41644969582558	-0.89218586683273	73.000000000000	0.0000000000000
0.51999998092651	0.40845096111298	-0.89547246694565	73.000000000000	0.0000000000000
0.52399998903275	0.40041464567184	-0.89867889881134	73.000000000000	0.0000000000000
0.52799999713898	0.39234182238579	-0.90180408954620	73.000000000000	0.0000000000000
0.53200000524521	0.38423278927803	-0.90484708547592	73.000000000000	0.0000000000000
0.53600001335144	0.37608861923218	-0.90780669450760	73.000000000000	0.0000000000000
0.54000002145767	0.36791002750397	-0.91068202257156	73.000000000000	0.0000000000000
0.54400002956390	0.35969808697701	-0.91347193717957	73.000000000000	0.0000000000000
0.54799997806549	0.35145321488380	-0.91617542505264	73.000000000000	0.0000000000000
0.55199998617172	0.34317657351494	-0.91879147291183	73.000000000000	0.0000000000000
0.55599999427795	0.33486899733543	-0.92131918668747	73.000000000000	0.0000000000000
0.56000000238419	0.32653191685677	-0.92375725507736	73.000000000000	0.0000000000000
0.56400001049042	0.31816619634628	-0.92610502243042	73.000000000000	0.0000000000000
0.56800001859665	0.30977281928062	-0.92836141586304	73.000000000000	0.0000000000000
0.57200002670288	0.30135333538055	-0.93052554130554	73.000000000000	0.0000000000000
0.57599997520447	0.29290887713432	-0.93259650468826	73.000000000000	0.0000000000000
0.57999998331070	0.28444054722786	-0.93457359075546	73.000000000000	0.0000000000000
0.58399999141693	0.27594974637032	-0.93645554780960	73.000000000000	0.0000000000000
0.58799999952316	0.26743811368942	-0.93824207782745	73.000000000000	0.0000000000000
0.59200000762939	0.25890663266182	-0.93993216753006	73.000000000000	0.0000000000000
0.59600001573563	0.25035700201988	-0.94152522087097	73.000000000000	0.0000000000000
0.60000002384186	0.24179060757160	-0.94302064180374	73.000000000000	0.0000000000000
0.60399997234344	0.23320920765400	-0.94441765546799	73.000000000000	0.0000000000000
0.60799998044968	0.22461365163326	-0.94571584463120	73.000000000000	0.0000000000000
0.61199998855591	0.21600668132305	-0.94691467285156	73.000000000000	0.0000000000000
0.61599999666214	0.20738863945007	-0.94801366329193	73.000000000000	0.0000000000000
0.62000000476837	0.19876173138618	-0.94901251792908	73.000000000000	0.0000000000000
0.62400001287460	0.19012784957886	-0.94991064071655	73.000000000000	0.0000000000000
0.62800002098083	0.18148811161518	-0.95070815086365	73.000000000000	0.0000000000000
0.63200002908707	0.17284451425076	-0.95140457153320	73.000000000000	0.0000000000000
0.63599997758865	0.16419850289822	-0.95199972391129	73.000000000000	0.0000000000000
0.63999998569489	0.15555144846439	-0.95249360799789	73.000000000000	0.0000000000000
0.64399999380112	0.14690557122231	-0.95288616418839	73.000000000000	0.0000000000000
0.64800000190735	0.13826224207878	-0.95317745208740	73.000000000000	0.0000000000000
0.65200001001358	0.12962317466736	-0.95336735248566	73.000000000000	0.0000000000000
0.65600001811981	0.12098973989487	-0.95345616340637	73.000000000000	0.0000000000000
0.66000002622604	0.11236372590065	-0.95344400405884	73.000000000000	0.0000000000000
0.66399997472763	0.10374689847231	-0.95333111286163	73.000000000000	0.0000000000000
0.66799998283386	0.095140144228935	-0.95311796665192	73.000000000000	0.0000000000000
0.67199999094009	0.086546123027802	-0.95280456542969	73.000000000000	0.0000000000000
0.67599999904633	0.077965252101421	-0.95239150524139	73.000000000000	0.0000000000000
0.68000000715256	0.069399274885654	-0.95187926292419	73.000000000000	0.0000000000000
0.68400001525879	0.060849934816360	-0.95126813650131	73.000000000000	0.0000000000000
0.68800002336502	0.052318517118692	-0.95055884122849	73.000000000000	0.0000000000000
0.69199997186661	0.043805830180645	-0.94975179433823	73.000000000000	0.0000000000000
0.69599997997284	0.035314027220011	-0.94884783029556	73.000000000000	0.0000000000000
0.69999998807907	0.026844343170524	-0.94784730672836	73.000000000000	0.0000000000000
0.70399999618530	0.018396649509668	-0.94675087928772	73.000000000000	0.0000000000000
0.70800000429153	0.0099735027179122	-0.94555938243866	73.000000000000	0.0000000000000
0.71200001239777	0.0015751924365759	-0.94427347183228	73.000000000000	0.0000000000000
0.71600002050400	-0.0067966594360769	-0.94289392232895	73.000000000000	0.0000000000000
0.72000002861023	-0.015140899457037	-0.94142127037048	73.000000000000	0.0000000000000
0.72399997711182	-0.023457285016775	-0.93985641002655	73.000000000000	0.0000000000000
0.72799998521805	-0.031745139509439	-0.93819993734360	73.000000000000	0.0000000000000
0.73199999332428	-0.040002916008234	-0.93645286560059	73.000000000000	0.0000000000000
0.73600000143051	-0.048229955136776	-0.93461561203003	73.000000000000	0.0000000000000
0.74000000953674	-0.056425649672747	-0.93268924951553	73.000000000000	0.0000000000000
0.74400001764297	-0.064589351415634	-0.93067413568497	73.000000000000	0.0000000000000
0.74800002574921	-0.072720922529697	-0.92857116460800	73.000000000000	0.0000000000000
0.75199997425079	-0.080818869173527	-0.92638081312180	73.000000000000	0.0000000000000
0.75599998235703	-0.088883489370346	-0.92410409450531	73.000000000000	0.0000000000000
0.75999999046326	-0.096914194524288	-0.92174124717712	73.000000000000	0.0000000000000
0.76399999856949	-0.10490954667330	-0.91929316520691	73.000000000000	0.0000000000000
0.76800000667572	-0.11287114024162	-0.91676008701324	73.000000000000	0.0000000000000
0.77200001478195	-0.12079666554928	-0.91414266824722	73.000000000000	0.0000000000000
0.77600002288818	-0.12868775427341	-0.91144132614136	73.000000000000	0.0000000000000
0.77999997138977	-0.13654206693172	-0.90865659713745	73.000000000000	0.0000000000000
0.78399997949600	-0.14436075091362	-0.90578848123550	73.000000000000	0.0000000000000
0.78799998760223	-0.15214364230633	-0.90283763408661	73.000000000000	0.0000000000000
0.79199999570847	-0.15989057719707	-0.89980393648148	73.000000000000	0.0000000000000
0.79600000381470	-0.16760006546974	-0.89668804407120	73.000000000000	0.0000000000000
0.80000001192093	-0.17527276277542	-0.89348965883255	73.000000000000	0.0000000000000
0.80400002002716	-0.18290972709656	-0.89020889997482	73.000000000000	0.0000000000000
0.80800002813339	-0.19050855934620	-0.88684588670731	73.000000000000	0.0000000000000
0.81199997663498	-0.19807109236717	-0.88340032100677	73.000000000000	0.0000000000000
0.81599998474121	-0.20559614896774	-0.87987214326859	73.000000000000	0.0000000000000
0.81999999284744	-0.21308340132236	-0.87626129388809	73.000000000000	0.0000000000000
0.82400000095367	-0.22053368389606	-0.87256705760956	73.000000000000	0.0000000000000
0.82800000905991	-0.22794532775879	-0.86878949403763	73.000000000000	0.0000000000000
0.83200001716614	-0.23531946539879	-0.86492770910263	73.000000000000	0.0000000000000
0.83600002527237	-0.24265478551388	-0.86098164319992	73.000000000000	0.0000000000000
0.83999997377396	-0.24995151162148	-0.85695034265518	73.000000000000	0.0000000000000
0.84399998188019	-0.25720855593681	-0.85283356904984	73.000000000000	0.0000000000000
0.84799998998642	-0.26442646980286	-0.84863013029099	73.000000000000	0.0000000000000
0.85199999809265	-0.27160412073135	-0.84433960914612	73.000000000000	0.0000000000000
0.85600000619888	-0.27874100208282	-0.83996105194092	73.000000000000	0.0000000000000
0.86000001430511	-0.28583660721779	-0.83549356460571	73.000000000000	0.0000000000000
0.86400002241135	-0.29288962483406	-0.83093643188477	73.000000000000	0.0000000000000
0.86799997091293	-0.29990020394325	-0.82628828287125	73.000000000000	0.0000000000000
0.87199997901917	-0.30686637759209	-0.82154852151871	73.000000000000	0.0000000000000
0.87599998712540	-0.31378811597824	-0.81671571731567	73.000000000000	0.0000000000000
0.87999999523163	-0.32066380977631	-0.81178903579712	73.000000000000	0.0000000000000
0.88400000333786	-0.32749238610268	-0.80676710605621	73.000000000000	0.0000000000000
0.88800001144409	-0.33427205681801	-0.80164915323257	73.000000000000	0.0000000000000
0.89200001955032	-0.34100204706192	-0.79643386602402	73.000000000000	0.0000000000000
0.89600002765656	-0.34768074750900	-0.79111993312836	73.000000000000	0.0000000000000
0.89999997615814	-0.35430595278740	-0.78570640087128	73.000000000000	0.0000000000000
0.90399998426437	-0.36087635159492	-0.78019201755524	73.000000000000	0.0000000000000
0.90799999237061	-0.36739030480385	-0.77457559108734	73.000000000000	0.0000000000000
0.91200000047684	-0.37384483218193	-0.76885634660721	73.000000000000	0.0000000000000
0.91600000858307	-0.38023883104324	-0.76303267478943	73.000000000000	0.0000000000000
0.92000001668930	-0.38656905293465	-0.75710403919220	73.000000000000	0.0000000000000
0.92400002479553	-0.39283397793770	-0.75106900930405	73.000000000000	0.0000000000000
0.92799997329712	-0.39903056621552	-0.74492692947388	73.000000000000	0.0000000000000
0.93199998140335	-0.40515595674515	-0.73867696523666	73.000000000000	0.0000000000000
0.93599998950958	-0.41120803356171	-0.73231810331345	73.000000000000	0.0000000000000
0.93999999761581	-0.41718342900276	-0.72584968805313	73.000000000000	0.0000000000000
0.94400000572205	-0.42307913303375	-0.71927100419998	73.000000000000	0.0000000000000
0.94800001382828	-0.42889201641083	-0.71258163452148	73.000000000000	0.0000000000000
0.95200002193451	-0.43461892008781	-0.70578110218048	73.000000000000	0.0000000000000
0.95599997043610	-0.44025647640228	-0.69886887073517	73.000000000000	0.0000000000000
0.95999997854233	-0.44580119848251	-0.69184494018555	73.000000000000	0.0000000000000
0.96399998664856	-0.45124897360802	-0.68470937013626	73.000000000000	0.0000000000000
0.96799999475479	-0.45659697055817	-0.67746180295944	73.000000000000	0.0000000000000
0.97200000286102	-0.46184048056602	-0.67010295391083	73.000000000000	0.0000000000000
0.97600001096725	-0.46697625517845	-0.66263282299042	73.000000000000	0.0000000000000
0.98000001907349	-0.47200044989586	-0.65505176782608	73.000000000000	0.0000000000000
0.98400002717972	-0.47690829634666	-0.64736115932465	73.000000000000	0.0000000000000
0.98799997568130	-0.48169633746147	-0.63956111669540	73.000000000000	0.0000000000000
0.99199998378754	-0.48636007308960	-0.63165313005447	73.000000000000	0.0000000000000
0.99599999189377	-0.49089562892914	-0.62363803386688	73.000000000000	0.0000000000000
1.0000000000000	-0.49529838562012	-0.61551761627197	73.000000000000	0.0000000000000
1.0039999485016	-0.49956449866295	-0.60729312896729	73.000000000000	0.0000000000000
1.0080000162125	-0.50368911027908	-0.59896677732468	73.000000000000	0.0000000000000
1.0119999647141	-0.50766813755035	-0.59054040908813	73.000000000000	0.0000000000000
1.0160000324249	-0.51149731874466	-0.58201617002487	73.000000000000	0.0000000000000
1.0199999809265	-0.51517230272293	-0.57339650392532	73.000000000000	0.0000000000000
1.0240000486374	-0.51868867874146	-0.56468409299850	73.000000000000	0.0000000000000
1.0279999971390	-0.52204227447510	-0.55588179826736	73.000000000000	0.0000000000000
1.0319999456406	-0.52522891759872	-0.54699248075485	73.000000000000	0.0000000000000
1.0360000133514	-0.52824443578720	-0.53801977634430	73.000000000000	0.0000000000000
1.0399999618530	-0.53108459711075	-0.52896690368652	73.000000000000	0.0000000000000
1.0440000295639	-0.53374534845352	-0.51983785629272	73.000000000000	0.0000000000000
1.0479999780655	-0.53622275590897	-0.51063650846481	73.000000000000	0.0000000000000
1.0520000457764	-0.53851306438446	-0.50136667490005	73.000000000000	0.0000000000000
1.0559999942780	-0.54061228036880	-0.49203312397003	73.000000000000	0.0000000000000
1.0599999427795	-0.54251706600189	-0.48264014720917	73.000000000000	0.0000000000000
1.0640000104904	-0.54422396421432	-0.47319269180298	73.000000000000	0.0000000000000
1.0679999589920	-0.54572916030884	-0.46369576454163	73.000000000000	0.0000000000000
1.0720000267029	-0.54702991247177	-0.45415434241295	73.000000000000	0.0000000000000
1.0759999752045	-0.54812294244766	-0.44457402825356	73.000000000000	0.0000000000000
1.0800000429153	-0.54900556802750	-0.43496000766754	73.000000000000	0.0000000000000
1.0839999914169	-0.54967486858368	-0.42531850934029	73.000000000000	0.0000000000000
1.0880000591278	-0.55012893676758	-0.41565492749214	73.000000000000	0.0000000000000
1.0920000076294	-0.55036467313766	-0.40597552061081	73.000000000000	0.0000000000000
1.0959999561310	-0.55038052797318	-0.39628657698631	73.000000000000	0.0000000000000
1.1000000238419	-0.55017453432083	-0.38659441471100	73.000000000000	0.0000000000000
1.1039999723434	-0.54974532127380	-0.37690532207489	73.000000000000	0.0000000000000
1.1080000400543	-0.54909133911133	-0.36722612380981	73.000000000000	0.0000000000000
1.1119999885559	-0.54821175336838	-0.35756325721741	73.000000000000	0.0000000000000
1.1160000562668	-0.54710537195206	-0.34792372584343	73.000000000000	0.0000000000000
1.1200000047684	-0.54577171802521	-0.33831456303596	73.000000000000	0.0000000000000
1.1239999532700	-0.54421031475067	-0.32874259352684	73.000000000000	0.0000000000000
1.1280000209808	-0.54242175817490	-0.31921476125717	73.000000000000	0.0000000000000
1.1319999694824	-0.54040563106537	-0.30973833799362	73.000000000000	0.0000000000000
1.1360000371933	-0.53816276788712	-0.30032038688660	73.000000000000	0.0000000000000
1.1399999856949	-0.53569412231445	-0.29096809029579	73.000000000000	0.0000000000000
1.1440000534058	-0.53300040960312	-0.28168866038322	73.000000000000	0.0000000000000
1.1480000019073	-0.53008341789246	-0.27248921990395	73.000000000000	0.0000000000000
1.1519999504089	-0.52694451808929	-0.26337692141533	73.000000000000	0.0000000000000
1.1560000181198	-0.52358615398407	-0.25435876846313	73.000000000000	0.0000000000000
1.1599999666214	-0.52001023292542	-0.24544225633144	73.000000000000	0.0000000000000
1.1640000343323	-0.51621949672699	-0.23663410544395	73.000000000000	0.0000000000000
1.1679999828339	-0.51221680641174	-0.22794131934643	73.000000000000	0.0000000000000
1.1720000505447	-0.50800532102585	-0.21937072277069	73.000000000000	0.0000000000000
1.1759999990463	-0.50358855724335	-0.21092931926250	73.000000000000	0.0000000000000
1.1799999475479	-0.49897021055222	-0.20262356102467	73.000000000000	0.0000000000000
1.1840000152588	-0.49415430426598	-0.19445997476578	73.000000000000	0.0000000000000
1.1879999637604	-0.48914524912834	-0.18644525110722	73.000000000000	0.0000000000000
1.1920000314713	-0.48394748568535	-0.17858527600765	73.000000000000	0.0000000000000
1.1959999799728	-0.47856590151787	-0.17088627815247	73.000000000000	0.0000000000000
1.2000000476837	-0.47300553321838	-0.16335415840149	73.000000000000	0.0000000000000
1.2039999961853	-0.46727189421654	-0.15599462389946	73.000000000000	0.0000000000000
1.2079999446869	-0.46137037873268	-0.14881314337254	73.000000000000	0.0000000000000
1.2120000123978	-0.45530691742897	-0.14181518554688	73.000000000000	0.0000000000000
1.2159999608994	-0.44908744096756	-0.13500547409058	73.000000000000	0.0000000000000
1.2200000286102	-0.44271829724312	-0.12838901579380	73.000000000000	0.0000000000000
1.2239999771118	-0.43620586395264	-0.12197057157755	73.000000000000	0.0000000000000
1.2280000448227	-0.42955684661865	-0.11575403809547	73.000000000000	0.0000000000000
1.2319999933243	-0.42277798056602	-0.10974384099245	73.000000000000	0.0000000000000
1.2359999418259	-0.41587623953819	-0.10394352674484	73.000000000000	0.0000000000000
1.2400000095367	-0.40885874629021	-0.098356686532497	73.000000000000	0.0000000000000
1.2439999580383	-0.40173286199570	-0.092986486852169	73.000000000000	0.0000000000000
1.2480000257492	-0.39450582861900	-0.087835937738419	73.000000000000	0.0000000000000
1.2519999742508	-0.38718524575233	-0.082907445728779	73.000000000000	0.0000000000000
1.2560000419617	-0.37977871298790	-0.078203439712524	73.000000000000	0.0000000000000
1.2599999904633	-0.37229380011559	-0.073726043105125	73.000000000000	0.0000000000000
1.2640000581741	-0.36473831534386	-0.069476611912251	73.000000000000	0.0000000000000
1.2680000066757	-0.35712009668350	-0.065456651151180	73.000000000000	0.0000000000000
1.2719999551773	-0.34944701194763	-0.061667319387197	73.000000000000	0.0000000000000
1.2760000228882	-0.34172675013542	-0.058109149336815	73.000000000000	0.0000000000000
1.2799999713898	-0.33396735787392	-0.054782584309578	73.000000000000	0.0000000000000
1.2840000391006	-0.32617655396461	-0.051687750965357	73.000000000000	0.0000000000000
1.2879999876022	-0.31836226582527	-0.048824351280928	73.000000000000	0.0000000000000
1.2920000553131	-0.31053230166435	-0.046191785484552	73.000000000000	0.0000000000000
1.2960000038147	-0.30269432067871	-0.043789282441139	73.000000000000	0.0000000000000
1.2999999523163	-0.29485607147217	-0.041615422815084	73.000000000000	0.0000000000000
1.3040000200272	-0.28702515363693	-0.039668928831816	73.000000000000	0.0000000000000
1.3079999685287	-0.27920913696289	-0.037947803735733	73.000000000000	0.0000000000000
1.3120000362396	-0.27141523361206	-0.036450076848269	73.000000000000	0.0000000000000
1.3159999847412	-0.26365083456039	-0.035173293203115	73.000000000000	0.0000000000000
1.3200000524521	-0.25592312216759	-0.034114710986614	73.000000000000	0.0000000000000
1.3240000009537	-0.24823893606663	-0.033271435648203	73.000000000000	0.0000000000000
1.3279999494553	-0.24060526490211	-0.032640207558870	73.000000000000	0.0000000000000
1.3320000171661	-0.23302868008614	-0.032217495143414	73.000000000000	0.0000000000000
1.3359999656677	-0.22551561892033	-0.031999517232180	73.000000000000	0.0000000000000
1.3400000333786	-0.21807239949703	-0.031982354819775	73.000000000000	0.0000000000000
1.3439999818802	-0.21070507168770	-0.032161757349968	73.000000000000	0.0000000000000
1.3480000495911	-0.20341949164867	-0.032533254474401	73.000000000000	0.0000000000000
1.3519999980927	-0.19622127711773	-0.033092215657234	73.000000000000	0.0000000000000
1.3559999465942	-0.18911577761173	-0.033833764493465	73.000000000000	0.0000000000000
1.3600000143051	-0.18210820853710	-0.034752767533064	73.000000000000	0.0000000000000
1.3639999628067	-0.17520336806774	-0.035844232887030	73.000000000000	0.0000000000000
1.3680000305176	-0.16840600967407	-0.037102524191141	73.000000000000	0.0000000000000
1.3719999790192	-0.16172040998936	-0.038522325456142	73.000000000000	0.0000000000000
1.3760000467300	-0.15515071153641	-0.040097855031490	73.000000000000	0.0000000000000
1.3799999952316	-0.14870078861713	-0.041823353618383	73.000000000000	0.0000000000000
1.3839999437332	-0.14237411320210	-0.043693013489246	73.000000000000	0.0000000000000
1.3880000114441	-0.13617403805256	-0.045700743794441	73.000000000000	0.0000000000000
1.3919999599457	-0.13010352849960	-0.047840584069490	73.000000000000	0.0000000000000
1.3960000276566	-0.12416529655457	-0.050106354057789	73.000000000000	0.0000000000000
1.3999999761581	-0.11836180090904	-0.052491866052151	73.000000000000	0.0000000000000
1.4040000438690	-0.11269517987967	-0.054990980774164	73.000000000000	0.0000000000000
1.4079999923706	-0.10716722905636	-0.057597424834967	73.000000000000	0.0000000000000
1.4119999408722	-0.10177962481976	-0.060304947197437	73.000000000000	0.0000000000000
1.4160000085831	-0.096533603966236	-0.063107319176197	73.000000000000	0.0000000000000
1.4199999570847	-0.091430209577084	-0.065998308360577	73.000000000000	0.0000000000000
1.4240000247955	-0.086470134556293	-0.068971768021584	73.000000000000	0.0000000000000
1.4279999732971	-0.081653930246830	-0.072021506726742	73.000000000000	0.0000000000000
1.4320000410080	-0.076981775462627	-0.075141459703445	73.000000000000	0.0000000000000
1.4359999895096	-0.072453580796719	-0.078325644135475	73.000000000000	0.0000000000000
1.4400000572205	-0.068069085478783	-0.081568017601967	73.000000000000	0.0000000000000
1.4440000057220	-0.063827693462372	-0.084862820804119	73.000000000000	0.0000000000000
1.4479999542236	-0.059728633612394	-0.088204286992550	73.000000000000	0.0000000000000
1.4520000219345	-0.055770881474018	-0.091586776077747	73.000000000000	0.0000000000000
1.4559999704361	-0.051953166723251	-0.095004804432392	73.000000000000	0.0000000000000
1.4600000381470	-0.048273954540491	-0.098452985286713	73.000000000000	0.0000000000000
1.4639999866486	-0.044731661677361	-0.10192607343197	73.000000000000	0.0000000000000
1.4680000543594	-0.041324362158775	-0.10541901737452	73.000000000000	0.0000000000000
1.4720000028610	-0.038049940019846	-0.10892689973116	73.000000000000	0.0000000000000
1.4759999513626	-0.034906152635813	-0.11244494467974	73.000000000000	0.0000000000000
1.4800000190735	-0.031890641897917	-0.11596858501434	73.000000000000	0.0000000000000
1.4839999675751	-0.029000747948885	-0.11949342489243	73.000000000000	0.0000000000000
1.4880000352859	-0.026233801618218	-0.12301524728537	73.000000000000	0.0000000000000
1.4919999837875	-0.023586846888065	-0.12653005123138	73.000000000000	0.0000000000000
1.4960000514984	-0.021056987345219	-0.13003396987915	73.000000000000	0.0000000000000
1.5000000000000	-0.018641043454409	-0.13352338969707	73.000000000000	0.0000000000000
1.5039999485016	-0.016335897147655	-0.13699491322041	73.000000000000	0.0000000000000
1.5080000162125	-0.014138104394078	-0.14044526219368	73.000000000000	0.0000000000000
1.5119999647141	-0.012044409289956	-0.14387148618698	73.000000000000	0.0000000000000
1.5160000324249	-0.010051273740828	-0.14727069437504	73.000000000000	0.0000000000000
1.5199999809265	-0.0081552434712648	-0.15064032375813	73.000000000000	0.0000000000000
1.5240000486374	-0.0063527086749673	-0.15397799015045	73.000000000000	0.0000000000000
1.5279999971390	-0.0046401517465711	-0.15728148818016	73.000000000000	0.0000000000000
1.5319999456406	-0.0030138662550598	-0.16054882109165	73.000000000000	0.0000000000000
1.5360000133514	-0.0014703196939081	-0.16377821564674	73.000000000000	0.0000000000000
1.5399999618530	-5.7868010117090e-06	-0.16696812212467	73.000000000000	0.0000000000000
1.5440000295639	0.0013833640841767	-0.17011709511280	73.000000000000	0.0000000000000
1.5479999780655	0.0027005923911929	-0.17322398722172	73.000000000000	0.0000000000000
1.5520000457764	0.0039496854878962	-0.17628782987595	73.000000000000	0.0000000000000
1.5559999942780	0.0051340297795832	-0.17930772900581	73.000000000000	0.0000000000000
1.5599999427795	0.0062572020106018	-0.18228313326836	73.000000000000	0.0000000000000
1.5640000104904	0.0073226005770266	-0.18521352112293	73.000000000000	0.0000000000000
1.5679999589920	0.0083336411044002	-0.18809863924980	73.000000000000	0.0000000000000
1.5720000267029	0.0092936474829912	-0.19093838334084	73.000000000000	0.0000000000000
1.5759999752045	0.010205877944827	-0.19373278319836	73.000000000000	0.0000000000000
1.5800000429153	0.011073418892920	-0.19648197293282	73.000000000000	0.0000000000000
1.5839999914169	0.011899314820766	-0.19918633997440	73.000000000000	0.0000000000000
1.5880000591278	0.012686616741121	-0.20184631645679	73.000000000000	0.0000000000000
1.5920000076294	0.013438148424029	-0.20446251332760	73.000000000000	0.0000000000000
1.5959999561310	0.014156692661345	-0.20703560113907	73.000000000000	0.0000000000000
1.6000000238419	0.014844818972051	-0.20956645905972	73.000000000000	0.0000000000000
1.6039999723434	0.015505123883486	-0.21205599606037	73.000000000000	0.0000000000000
1.6080000400543	0.016140025109053	-0.21450521051884	73.000000000000	0.0000000000000
1.6119999885559	0.016751751303673	-0.21691522002220	73.000000000000	0.0000000000000
1.6160000562668	0.017342543229461	-0.21928724646568	73.000000000000	0.0000000000000
1.6200000047684	0.017914408817887	-0.22162248194218	73.000000000000	0.0000000000000
1.6239999532700	0.018469205126166	-0.22392229735851	73.000000000000	0.0000000000000
1.6280000209808	0.019008828327060	-0.22618807852268	73.000000000000	0.0000000000000
1.6319999694824	0.019534934312105	-0.22842119634151	73.000000000000	0.0000000000000
1.6360000371933	0.020048964768648	-0.23062318563461	73.000000000000	0.0000000000000
1.6399999856949	0.020552294328809	-0.23279543220997	73.000000000000	0.0000000000000
1.6440000534058	0.021046338602901	-0.23493951559067	73.000000000000	0.0000000000000
1.6480000019073	0.021532142534852	-0.23705695569515	73.000000000000	0.0000000000000
1.6519999504089	0.022010805085301	-0.23914922773838	73.000000000000	0.0000000000000
1.6560000181198	0.022483218461275	-0.24121789634228	73.000000000000	0.0000000000000
1.6599999666214	0.022950250655413	-0.24326446652412	73.000000000000	0.0000000000000
1.6640000343323	0.023412473499775	-0.24529044330120	73.000000000000	0.0000000000000
1.6679999828339	0.023870423436165	-0.24729733169079	73.000000000000	0.0000000000000
1.6720000505447	0.024324668571353	-0.24928657710552	73.000000000000	0.0000000000000
1.6759999990463	0.024775562807918	-0.25125953555107	73.000000000000	0.0000000000000
1.6799999475479	0.025223357602954	-0.25321766734123	73.000000000000	0.0000000000000
1.6840000152588	0.025668129324913	-0.25516229867935	73.000000000000	0.0000000000000
1.6879999637604	0.026110148057342	-0.25709474086761	73.000000000000	0.0000000000000
1.6920000314713	0.026549320667982	-0.25901615619659	73.000000000000	0.0000000000000
1.6959999799728	0.026985421776772	-0.26092773675919	73.000000000000	0.0000000000000
1.7000000476837	0.027418611571193	-0.26283067464828	73.000000000000	0.0000000000000
1.7039999961853	0.027848463505507	-0.26472595334053	73.000000000000	0.0000000000000
1.7079999446869	0.028274744749069	-0.26661461591721	73.000000000000	0.0000000000000
1.7120000123978	0.028697140514851	-0.26849758625031	73.000000000000	0.0000000000000
1.7159999608994	0.029115265235305	-0.27037569880486	73.000000000000	0.0000000000000
1.7200000286102	0.029528712853789	-0.27224972844124	73.000000000000	0.0000000000000
1.7239999771118	0.029937008395791	-0.27412039041519	73.000000000000	0.0000000000000
1.7280000448227	0.030339714139700	-0.27598828077316	73.000000000000	0.0000000000000
1.7319999933243	0.030736180022359	-0.27785405516624	73.000000000000	0.0000000000000
1.7359999418259	0.031126014888287	-0.27971816062927	73.000000000000	0.0000000000000
1.7400000095367	0.031508661806583	-0.28158089518547	73.000000000000	0.0000000000000
1.7439999580383	0.031883493065834	-0.28344282507896	73.000000000000	0.0000000000000
1.7480000257492	0.032249990850687	-0.28530409932137	73.000000000000	0.0000000000000
1.7519999742508	0.032607611268759	-0.28716486692429	73.000000000000	0.0000000000000
1.7560000419617	0.032955750823021	-0.28902530670166	73.000000000000	0.0000000000000
1.7599999904633	0.033293973654509	-0.29088553786278	73.000000000000	0.0000000000000
1.7640000581741	0.033621698617935	-0.29274553060532	73.000000000000	0.0000000000000
1.7680000066757	0.033938407897949	-0.29460519552231	73.000000000000	0.0000000000000
1.7719999551773	0.034243699163198	-0.29646447300911	73.000000000000	0.0000000000000
1.7760000228882	0.034537032246590	-0.29832321405411	73.000000000000	0.0000000000000
1.7799999713898	0.034818124026060	-0.30018112063408	73.000000000000	0.0000000000000
1.7840000391006	0.035086564719677	-0.30203801393509	73.000000000000	0.0000000000000
1.7879999876022	0.035341985523701	-0.30389353632927	73.000000000000	0.0000000000000
1.7920000553131	0.035584177821875	-0.30574735999107	73.000000000000	0.0000000000000
1.7960000038147	0.035812772810459	-0.30759909749031	73.000000000000	0.0000000000000
1.7999999523163	0.036027625203133	-0.30944833159447	73.000000000000	0.0000000000000
1.8040000200272	0.036228593438864	-0.31129464507103	73.000000000000	0.0000000000000
1.8079999685287	0.036415677517653	-0.31313756108284	73.000000000000	0.0000000000000
1.8120000362396	0.036588747054338	-0.31497654318810	73.000000000000	0.0000000000000
1.8159999847412	0.036747749894857	-0.31681126356125	73.000000000000	0.0000000000000
1.8200000524521	0.036892786622047	-0.31864109635353	73.000000000000	0.0000000000000
1.8240000009537	0.037024114280939	-0.32046550512314	73.000000000000	0.0000000000000
1.8279999494553	0.037141643464565	-0.32228410243988	73.000000000000	0.0000000000000
1.8320000171661	0.037245739251375	-0.32409635186195	73.000000000000	0.0000000000000
1.8359999656677	0.037336625158787	-0.32590171694756	73.000000000000	0.0000000000000
1.8400000333786	0.037414707243443	-0.32769978046417	73.000000000000	0.0000000000000
1.8439999818802	0.037480246275663	-0.32949000597000	73.000000000000	0.0000000000000
1.8480000495911	0.037533674389124	-0.33127203583717	73.000000000000	0.0000000000000
1.8519999980927	0.037575446069241	-0.33304536342621	73.000000000000	0.0000000000000
1.8559999465942	0.037606123834848	-0.33480972051620	73.000000000000	0.0000000000000
1.8600000143051	0.037626195698977	-0.33656463027000	73.000000000000	0.0000000000000
1.8639999628067	0.037636261433363	-0.33830994367599	73.000000000000	0.0000000000000
1.8680000305176	0.037636924535036	-0.34004515409470	73.000000000000	0.0000000000000
1.8719999790192	0.037628754973412	-0.34177020192146	73.000000000000	0.0000000000000
1.8760000467300	0.037612646818161	-0.34348475933075	73.000000000000	0.0000000000000
1.8799999952316	0.037589043378830	-0.34518876671791	73.000000000000	0.0000000000000
1.8839999437332	0.037558883428574	-0.34688210487366	73.000000000000	0.0000000000000
1.8880000114441	0.037522725760937	-0.34856465458870	73.000000000000	0.0000000000000
1.8919999599457	0.037481483072042	-0.35023647546768	73.000000000000	0.0000000000000
1.8960000276566	0.037435747683048	-0.35189759731293	73.000000000000	0.0000000000000
1.8999999761581	0.037386469542980	-0.35354810953140	73.000000000000	0.0000000000000
1.9040000438690	0.037334363907576	-0.35518816113472	73.000000000000	0.0000000000000
1.9079999923706	0.037280164659023	-0.35681796073914	73.000000000000	0.0000000000000
1.9119999408722	0.037224799394608	-0.35843774676323	73.000000000000	0.0000000000000
1.9160000085831	0.037168689072132	-0.36004787683487	73.000000000000	0.0000000000000
1.9199999570847	0.037112966179848	-0.36164870858192	73.000000000000	0.0000000000000
1.9240000247955	0.037058252841234	-0.36324062943459	73.000000000000	0.0000000000000
1.9279999732971	0.037005111575127	-0.36482408642769	73.000000000000	0.0000000000000
1.9320000410080	0.036954361945391	-0.36639967560768	73.000000000000	0.0000000000000
1.9359999895096	0.036906760185957	-0.36796793341637	73.000000000000	0.0000000000000
1.9400000572205	0.036862723529339	-0.36952948570251	73.000000000000	0.0000000000000
1.9440000057220	0.036823105067015	-0.37108492851257	73.000000000000	0.0000000000000
1.9479999542236	0.036788165569305	-0.37263500690460	73.000000000000	0.0000000000000
1.9520000219345	0.036758609116077	-0.37418052554131	73.000000000000	0.0000000000000
1.9559999704361	0.036735054105520	-0.37572214007378	73.000000000000	0.0000000000000
1.9600000381470	0.036717776209116	-0.37726074457169	73.000000000000	0.0000000000000
1.9639999866486	0.036707047373056	-0.37879720330238	73.000000000000	0.0000000000000
1.9680000543594	0.036703418940306	-0.38033238053322	73.000000000000	0.0000000000000
1.9720000028610	0.036706987768412	-0.38186714053154	73.000000000000	0.0000000000000
1.9759999513626	0.036718223243952	-0.38340243697166	73.000000000000	0.0000000000000
1.9800000190735	0.036737125366926	-0.38493922352791	73.000000000000	0.0000000000000
1.9839999675751	0.036763984709978	-0.38647842407227	73.000000000000	0.0000000000000
1.9880000352859	0.036798521876335	-0.38802102208138	73.000000000000	0.0000000000000
1.9919999837875	0.036841120570898	-0.38956803083420	73.000000000000	0.0000000000000
1.9960000514984	0.036891490221024	-0.39112037420273	73.000000000000	0.0000000000000
2.0000000000000	0.036949727684259	-0.39267909526825	73.000000000000	0.0000000000000
2.0039999485016	0.037015344947577	-0.39424511790276	73.000000000000	0.0000000000000
2.0079998970032	0.037088520824909	-0.39581948518753	73.000000000000	0.0000000000000
2.0120000839233	0.037168666720390	-0.39740309119225	73.000000000000	0.0000000000000
2.0160000324249	0.037255361676216	-0.39899691939354	73.000000000000	0.0000000000000
2.0199999809265	0.037348572164774	-0.40060192346573	73.000000000000	0.0000000000000
2.0239999294281	0.037447486072779	-0.40221896767616	73.000000000000	0.0000000000000
2.0280001163483	0.037551749497652	-0.40384894609451	73.000000000000	0.0000000000000
2.0320000648499	0.037660811096430	-0.40549269318581	73.000000000000	0.0000000000000
2.0360000133514	0.037773910909891	-0.40715107321739	73.000000000000	0.0000000000000
2.0399999618530	0.037890564650297	-0.40882492065430	73.000000000000	0.0000000000000
2.0439999103546	0.038009978830814	-0.41051486134529	73.000000000000	0.0000000000000
2.0480000972748	0.038131337612867	-0.41222167015076	73.000000000000	0.0000000000000
2.0520000457764	0.038254018872976	-0.41394606232643	73.000000000000	0.0000000000000
2.0559999942780	0.038376968353987	-0.41568860411644	73.000000000000	0.0000000000000
2.0599999427795	0.038499522954226	-0.41744989156723	73.000000000000	0.0000000000000
2.0639998912811	0.038620490580797	-0.41923040151596	73.000000000000	0.0000000000000
2.0680000782013	0.038739163428545	-0.42103070020676	73.000000000000	0.0000000000000
2.0720000267029	0.038854606449604	-0.42285111546516	73.000000000000	0.0000000000000
2.0759999752045	0.038965668529272	-0.42469209432602	73.000000000000	0.0000000000000
2.0799999237061	0.039071470499039	-0.42655390501022	73.000000000000	0.0000000000000
2.0840001106262	0.039170913398266	-0.42843681573868	73.000000000000	0.0000000000000
2.0880000591278	0.039263069629669	-0.43034097552299	73.000000000000	0.0000000000000
2.0920000076294	0.039346791803837	-0.43226659297943	73.000000000000	0.0000000000000
2.0959999561310	0.039421111345291	-0.43421372771263	73.000000000000	0.0000000000000
2.0999999046326	0.039484925568104	-0.43618240952492	73.000000000000	0.0000000000000
2.1040000915527	0.039537012577057	-0.43817257881165	73.000000000000	0.0000000000000
2.1080000400543	0.039576750248671	-0.44018414616585	73.000000000000	0.0000000000000
2.1119999885559	0.039602756500244	-0.44221705198288	73.000000000000	0.0000000000000
2.1159999370575	0.039614159613848	-0.44427090883255	73.000000000000	0.0000000000000
2.1199998855591	0.039609845727682	-0.44634571671486	73.000000000000	0.0000000000000
2.1240000724792	0.039589002728462	-0.44844090938568	73.000000000000	0.0000000000000
2.1280000209808	0.039550475776196	-0.45055633783340	73.000000000000	0.0000000000000
2.1319999694824	0.039493411779404	-0.45269143581390	73.000000000000	0.0000000000000
2.1359999179840	0.039416834712029	-0.45484575629234	73.000000000000	0.0000000000000
2.1400001049042	0.039319854229689	-0.45701888203621	73.000000000000	0.0000000000000
2.1440000534058	0.039201784878969	-0.45921021699905	73.000000000000	0.0000000000000
2.1480000019073	0.039061486721039	-0.46141922473907	73.000000000000	0.0000000000000
2.1519999504089	0.038898572325706	-0.46364510059357	73.000000000000	0.0000000000000
2.1559998989105	0.038711994886398	-0.46588733792305	73.000000000000	0.0000000000000
2.1600000858307	0.038501117378473	-0.46814522147179	73.000000000000	0.0000000000000
2.1640000343323	0.038265425711870	-0.47041803598404	73.000000000000	0.0000000000000
2.1679999828339	0.038004163652658	-0.47270494699478	73.000000000000	0.0000000000000
2.1719999313354	0.037716791033745	-0.47500517964363	73.000000000000	0.0000000000000
2.1760001182556	0.037402775138617	-0.47731795907021	73.000000000000	0.0000000000000
2.1800000667572	0.037061568349600	-0.47964248061180	73.000000000000	0.0000000000000
2.1840000152588	0.036692865192890	-0.48197790980339	73.000000000000	0.0000000000000
2.1879999637604	0.036296226084232	-0.48432332277298	73.000000000000	0.0000000000000
2.1919999122620	0.035871349275112	-0.48667791485786	73.000000000000	0.0000000000000
2.1960000991821	0.035417802631855	-0.48904085159302	73.000000000000	0.0000000000000
2.2000000476837	0.034935642033815	-0.49141120910645	73.000000000000	0.0000000000000
2.2039999961853	0.034424565732479	-0.49378809332848	73.000000000000	0.0000000000000
2.2079999446869	0.033884167671204	-0.49617069959641	73.000000000000	0.0000000000000
2.2119998931885	0.033314764499664	-0.49855819344521	73.000000000000	0.0000000000000
2.2160000801086	0.032715953886509	-0.50094962120056	73.000000000000	0.0000000000000
2.2200000286102	0.032087847590446	-0.50334429740906	73.000000000000	0.0000000000000
2.2239999771118	0.031430669128895	-0.50574117898941	73.000000000000	0.0000000000000
2.2279999256134	0.030744178220630	-0.50813972949982	73.000000000000	0.0000000000000
2.2320001125336	0.030028630048037	-0.51053887605667	73.000000000000	0.0000000000000
2.2360000610352	0.029284307733178	-0.51293808221817	73.000000000000	0.0000000000000
2.2400000095367	0.028511377051473	-0.51533651351929	73.000000000000	0.0000000000000
2.2439999580383	0.027709772810340	-0.51773351430893	73.000000000000	0.0000000000000
2.2479999065399	0.026879938319325	-0.52012819051743	73.000000000000	0.0000000000000
2.2520000934601	0.026022095233202	-0.52252018451691	73.000000000000	0.0000000000000
2.2560000419617	0.025136722251773	-0.52490872144699	73.000000000000	0.0000000000000
2.2599999904633	0.024224059656262	-0.52729308605194	73.000000000000	0.0000000000000
2.2639999389648	0.023284379392862	-0.52967286109924	73.000000000000	0.0000000000000
2.2679998874664	0.022318085655570	-0.53204756975174	73.000000000000	0.0000000000000
2.2720000743866	0.021325599402189	-0.53441655635834	73.000000000000	0.0000000000000
2.2760000228882	0.020307235419750	-0.53677952289581	73.000000000000	0.0000000000000
2.2799999713898	0.019263569265604	-0.53913593292236	73.000000000000	0.0000000000000
2.2839999198914	0.018194817006588	-0.54148530960083	73.000000000000	0.0000000000000
2.2880001068115	0.017101464793086	-0.54382759332657	73.000000000000	0.0000000000000
2.2920000553131	0.015984134748578	-0.54616218805313	73.000000000000	0.0000000000000
2.2960000038147	0.014842957258224	-0.54848897457123	73.000000000000	0.0000000000000
2.2999999523163	0.013678452931345	-0.55080759525299	73.000000000000	0.0000000000000
2.3039999008179	0.012491162866354	-0.55311787128448	73.000000000000	0.0000000000000
2.3080000877380	0.011281109414995	-0.55541974306107	73.000000000000	0.0000000000000
2.3120000362396	0.010049248114228	-0.55771285295486	73.000000000000	0.0000000000000
2.3159999847412	0.0087956236675382	-0.55999714136124	73.000000000000	0.0000000000000
2.3199999332428	0.0075205527245998	-0.56227266788483	73.000000000000	0.0000000000000
2.3239998817444	0.0062246234156191	-0.56453913450241	73.000000000000	0.0000000000000
2.3280000686646	0.0049079009331763	-0.56679666042328	73.000000000000	0.0000000000000
2.3320000171661	0.0035709920339286	-0.56904518604279	73.000000000000	0.0000000000000
2.3359999656677	0.0022139714565128	-0.57128465175629	73.000000000000	0.0000000000000
2.3399999141693	0.00083705247379839	-0.57351523637772	73.000000000000	0.0000000000000
2.3440001010895	-0.00055941083701327	-0.57573676109314	73.000000000000	0.0000000000000
2.3480000495911	-0.0019750581122935	-0.57794946432114	73.000000000000	0.0000000000000
2.3519999980927	-0.0034099386539310	-0.58015340566635	73.000000000000	0.0000000000000
2.3559999465942	-0.0048638242296875	-0.58234852552414	73.000000000000	0.0000000000000
2.3599998950958	-0.0063364841043949	-0.58453500270844	73.000000000000	0.0000000000000
2.3640000820160	-0.0078279627487063	-0.58671289682388	73.000000000000	0.0000000000000
2.3680000305176	-0.0093378880992532	-0.58888238668442	73.000000000000	0.0000000000000
2.3719999790192	-0.010866582393646	-0.59104335308075	73.000000000000	0.0000000000000
2.3759999275208	-0.012413812801242	-0.59319609403610	73.000000000000	0.0000000000000
2.3800001144409	-0.013979621231556	-0.59534060955048	73.000000000000	0.0000000000000
2.3840000629425	-0.015564200468361	-0.59747707843781	73.000000000000	0.0000000000000
2.3880000114441	-0.017167452722788	-0.59960544109344	73.000000000000	0.0000000000000
2.3919999599457	-0.018789283931255	-0.60172575712204	73.000000000000	0.0000000000000
2.3959999084473	-0.020430171862245	-0.60383814573288	73.000000000000	0.0000000000000
2.4000000953674	-0.022090027108788	-0.60594266653061	73.000000000000	0.0000000000000
2.4040000438690	-0.023769043385983	-0.60803920030594	73.000000000000	0.0000000000000
2.4079999923706	-0.025467414408922	-0.61012774705887	73.000000000000	0.0000000000000
2.4119999408722	-0.027185488492250	-0.61220836639404	73.000000000000	0.0000000000000
2.4159998893738	-0.028923170641065	-0.61428093910217	73.000000000000	0.0000000000000
2.4200000762939	-0.030680960044265	-0.61634546518326	73.000000000000	0.0000000000000
2.4240000247955	-0.032459054142237	-0.61840182542801	73.000000000000	0.0000000000000
2.4279999732971	-0.034257505089045	-0.62044972181320	73.000000000000	0.0000000000000
2.4319999217987	-0.036076962947845	-0.62248903512955	73.000000000000	0.0000000000000
2.4360001087189	-0.037917338311672	-0.62451988458633	73.000000000000	0.0000000000000
2.4400000572205	-0.039779126644135	-0.62654167413712	73.000000000000	0.0000000000000
2.4440000057220	-0.041662525385618	-0.62855422496796	73.000000000000	0.0000000000000
2.4479999542236	-0.043567728251219	-0.63055735826492	73.000000000000	0.0000000000000
2.4519999027252	-0.045495100319386	-0.63255071640015	73.000000000000	0.0000000000000
2.4560000896454	-0.047444973140955	-0.63453394174576	73.000000000000	0.0000000000000
2.4600000381470	-0.049417693167925	-0.63650649785995	73.000000000000	0.0000000000000
2.4639999866486	-0.051413301378489	-0.63846820592880	73.000000000000	0.0000000000000
2.4679999351501	-0.053432136774063	-0.64041852951050	73.000000000000	0.0000000000000
2.4719998836517	-0.055474217981100	-0.64235693216324	73.000000000000	0.0000000000000
2.4760000705719	-0.057540185749531	-0.64428293704987	73.000000000000	0.0000000000000
2.4800000190735	-0.059630051255226	-0.64619606733322	73.000000000000	0.0000000000000
2.4839999675751	-0.061743676662445	-0.64809560775757	73.000000000000	0.0000000000000
2.4879999160767	-0.063881680369377	-0.64998114109039	73.000000000000	0.0000000000000
2.4920001029968	-0.066043883562088	-0.65185195207596	73.000000000000	0.0000000000000
2.4960000514984	-0.068230457603931	-0.65370744466782	73.000000000000	0.0000000000000
2.5000000000000	-0.070441663265228	-0.65554684400558	73.000000000000	0.0000000000000
2.5039999485016	-0.072677023708820	-0.65736967325211	73.000000000000	0.0000000000000
2.5079998970032	-0.074937097728252	-0.65917503833771	73.000000000000	0.0000000000000
2.5120000839233	-0.077221222221851	-0.66096228361130	73.000000000000	0.0000000000000
2.5160000324249	-0.079529963433743	-0.66273081302643	73.000000000000	0.0000000000000
2.5199999809265	-0.081862919032574	-0.66447955369949	73.000000000000	0.0000000000000
2.5239999294281	-0.084220021963120	-0.66620814800262	73.000000000000	0.0000000000000
2.5280001163483	-0.086600832641125	-0.66791564226151	73.000000000000	0.0000000000000
2.5320000648499	-0.089005418121815	-0.66960120201111	73.000000000000	0.0000000000000
2.5360000133514	-0.091433160007000	-0.67126423120499	73.000000000000	0.0000000000000
2.5399999618530	-0.093884095549583	-0.67290377616882	73.000000000000	0.0000000000000
2.5439999103546	-0.096357792615891	-0.67451941967010	73.000000000000	0.0000000000000
2.5480000972748	-0.098853535950184	-0.67611008882523	73.000000000000	0.0000000000000
2.5520000457764	-0.10137137770653	-0.67767512798309	73.000000000000	0.0000000000000
2.5559999942780	-0.10391030460596	-0.67921388149261	73.000000000000	0.0000000000000
2.5599999427795	-0.10647027194500	-0.68072563409805	73.000000000000	0.0000000000000
2.5639998912811	-0.10905046015978	-0.68220967054367	73.000000000000	0.0000000000000
2.5680000782013	-0.11165028065443	-0.68366527557373	73.000000000000	0.0000000000000
2.5720000267029	-0.11426922678947	-0.68509197235107	73.000000000000	0.0000000000000
2.5759999752045	-0.11690652370453	-0.68648886680603	73.000000000000	0.0000000000000
2.5799999237061	-0.11956129223108	-0.68785554170609	73.000000000000	0.0000000000000
2.5840001106262	-0.12223311513662	-0.68919152021408	73.000000000000	0.0000000000000
2.5880000591278	-0.12492087483406	-0.69049602746964	73.000000000000	0.0000000000000
2.5920000076294	-0.12762415409088	-0.69176876544952	73.000000000000	0.0000000000000
2.5959999561310	-0.13034184277058	-0.69300919771194	73.000000000000	0.0000000000000
2.5999999046326	-0.13307313621044	-0.69421690702438	73.000000000000	0.0000000000000
2.6040000915527	-0.13581727445126	-0.69539153575897	73.000000000000	0.0000000000000
2.6080000400543	-0.13857309520245	-0.69653278589249	73.000000000000	0.0000000000000
2.6119999885559	-0.14133980870247	-0.69764012098312	73.000000000000	0.0000000000000
2.6159999370575	-0.14411677420139	-0.69871371984482	73.000000000000	0.0000000000000
2.6199998855591	-0.14690253138542	-0.69975298643112	73.000000000000	0.0000000000000
2.6240000724792	-0.14969637989998	-0.70075786113739	73.000000000000	0.0000000000000
2.6280000209808	-0.15249741077423	-0.70172840356827	73.000000000000	0.0000000000000
2.6319999694824	-0.15530458092690	-0.70266437530518	73.000000000000	0.0000000000000
2.6359999179840	-0.15811678767204	-0.70356571674347	73.000000000000	0.0000000000000
2.6400001049042	-0.16093319654465	-0.70443254709244	73.000000000000	0.0000000000000
2.6440000534058	-0.16375300288200	-0.70526504516602	73.000000000000	0.0000000000000
2.6480000019073	-0.16657474637032	-0.70606315135956	73.000000000000	0.0000000000000
2.6519999504089	-0.16939795017242	-0.70682710409164	73.000000000000	0.0000000000000
2.6559998989105	-0.17222167551517	-0.70755720138550	73.000000000000	0.0000000000000
2.6600000858307	-0.17504459619522	-0.70825344324112	73.000000000000	0.0000000000000
2.6640000343323	-0.17786614596844	-0.70891654491425	73.000000000000	0.0000000000000
2.6679999828339	-0.18068535625935	-0.70954644680023	73.000000000000	0.0000000000000
2.6719999313354	-0.18350148200989	-0.71014374494553	73.000000000000	0.0000000000000
2.6760001182556	-0.18631342053413	-0.71070879697800	73.000000000000	0.0000000000000
2.6800000667572	-0.18912050127983	-0.71124225854874	73.000000000000	0.0000000000000
2.6840000152588	-0.19192206859589	-0.71174430847168	73.000000000000	0.0000000000000
2.6879999637604	-0.19471715390682	-0.71221584081650	73.000000000000	0.0000000000000
2.6919999122620	-0.19750536978245	-0.71265709400177	73.000000000000	0.0000000000000
2.6960000991821	-0.20028568804264	-0.71306890249252	73.000000000000	0.0000000000000
2.7000000476837	-0.20305761694908	-0.71345180273056	73.000000000000	0.0000000000000
2.7039999961853	-0.20582064986229	-0.71380639076233	73.000000000000	0.0000000000000
2.7079999446869	-0.20857398211956	-0.71413350105286	73.000000000000	0.0000000000000
2.7119998931885	-0.21131749451160	-0.71443372964859	73.000000000000	0.0000000000000
2.7160000801086	-0.21405038237572	-0.71470779180527	73.000000000000	0.0000000000000
2.7200000286102	-0.21677258610725	-0.71495634317398	73.000000000000	0.0000000000000
2.7239999771118	-0.21948297321796	-0.71518039703369	73.000000000000	0.0000000000000
2.7279999256134	-0.22218219935894	-0.71538031101227	73.000000000000	0.0000000000000
2.7320001125336	-0.22486950457096	-0.71555703878403	73.000000000000	0.0000000000000
2.7360000610352	-0.22754454612732	-0.71571141481400	73.000000000000	0.0000000000000
2.7400000095367	-0.23020724952221	-0.71584415435791	73.000000000000	0.0000000000000
2.7439999580383	-0.23285764455795	-0.71595585346222	73.000000000000	0.0000000000000
2.7479999065399	-0.23549535870552	-0.71604746580124	73.000000000000	0.0000000000000
2.7520000934601	-0.23812042176723	-0.71611958742142	73.000000000000	0.0000000000000
2.7560000419617	-0.24073281884193	-0.71617293357849	73.000000000000	0.0000000000000
2.7599999904633	-0.24333263933659	-0.71620839834213	73.000000000000	0.0000000000000
2.7639999389648	-0.24592021107674	-0.71622639894485	73.000000000000	0.0000000000000
2.7679998874664	-0.24849490821362	-0.71622782945633	73.000000000000	0.0000000000000
2.7720000743866	-0.25105744600296	-0.71621316671371	73.000000000000	0.0000000000000
2.7760000228882	-0.25360789895058	-0.71618330478668	73.000000000000	0.0000000000000
2.7799999713898	-0.25614634156227	-0.71613866090775	73.000000000000	0.0000000000000
2.7839999198914	-0.25867319107056	-0.71607989072800	73.000000000000	0.0000000000000
2.7880001068115	-0.26118877530098	-0.71600735187531	73.000000000000	0.0000000000000
2.7920000553131	-0.26369327306747	-0.71592181921005	73.000000000000	0.0000000000000
2.7960000038147	-0.26618695259094	-0.71582347154617	73.000000000000	0.0000000000000
2.7999999523163	-0.26867070794106	-0.71571284532547	73.000000000000	0.0000000000000
2.8039999008179	-0.27114418148994	-0.71559053659439	73.000000000000	0.0000000000000
2.8080000877380	-0.27360811829567	-0.71545672416687	73.000000000000	0.0000000000000
2.8120000362396	-0.27606257796288	-0.71531194448471	73.000000000000	0.0000000000000
2.8159999847412	-0.27850866317749	-0.71515613794327	73.000000000000	0.0000000000000
2.8199999332428	-0.28094673156738	-0.71498972177505	73.000000000000	0.0000000000000
2.8239998817444	-0.28337648510933	-0.71481299400330	73.000000000000	0.0000000000000
2.8280000686646	-0.28579902648926	-0.71462607383728	73.000000000000	0.0000000000000
2.8320000171661	-0.28821462392807	-0.71442896127701	73.000000000000	0.0000000000000
2.8359999656677	-0.29062372446060	-0.71422183513641	73.000000000000	0.0000000000000
2.8399999141693	-0.29302662611008	-0.71400481462479	73.000000000000	0.0000000000000
2.8440001010895	-0.29542398452759	-0.71377778053284	73.000000000000	0.0000000000000
2.8480000495911	-0.29781615734100	-0.71354073286057	73.000000000000	0.0000000000000
2.8519999980927	-0.30020344257355	-0.71329361200333	73.000000000000	0.0000000000000
2.8559999465942	-0.30258682370186	-0.71303617954254	73.000000000000	0.0000000000000
2.8599998950958	-0.30496555566788	-0.71276873350143	73.000000000000	0.0000000000000
2.8640000820160	-0.30734121799469	-0.71249032020569	73.000000000000	0.0000000000000
2.8680000305176	-0.30971312522888	-0.71220153570175	73.000000000000	0.0000000000000
2.8719999790192	-0.31208217144012	-0.71190166473389	73.000000000000	0.0000000000000
2.8759999275208	-0.31444889307022	-0.71159040927887	73.000000000000	0.0000000000000
2.8800001144409	-0.31681284308434	-0.71126776933670	73.000000000000	0.0000000000000
2.8840000629425	-0.31917455792427	-0.71093326807022	73.000000000000	0.0000000000000
2.8880000114441	-0.32153454422951	-0.71058642864227	73.000000000000	0.0000000000000
2.8919999599457	-0.32389235496521	-0.71022719144821	73.000000000000	0.0000000000000
2.8959999084473	-0.32624837756157	-0.70985502004623	73.000000000000	0.0000000000000
2.9000000953674	-0.32860285043716	-0.70946943759918	73.000000000000	0.0000000000000
2.9040000438690	-0.33095583319664	-0.70907002687454	73.000000000000	0.0000000000000
2.9079999923706	-0.33330744504929	-0.70865637063980	73.000000000000	0.0000000000000
2.9119999408722	-0.33565717935562	-0.70822834968567	73.000000000000	0.0000000000000
2.9159998893738	-0.33800572156906	-0.70778506994247	73.000000000000	0.0000000000000
2.9200000762939	-0.34035217761993	-0.70732653141022	73.000000000000	0.0000000000000
2.9240000247955	-0.34269696474075	-0.70685195922852	73.000000000000	0.0000000000000
2.9279999732971	-0.34503942728043	-0.70636135339737	73.000000000000	0.0000000000000
2.9319999217987	-0.34737998247147	-0.70585387945175	73.000000000000	0.0000000000000
2.9360001087189	-0.34971794486046	-0.70532929897308	73.000000000000	0.0000000000000
2.9400000572205	-0.35205310583115	-0.70478731393814	73.000000000000	0.0000000000000
2.9440000057220	-0.35438540577888	-0.70422726869583	73.000000000000	0.0000000000000
2.9479999542236	-0.35671389102936	-0.70364916324615	73.000000000000	0.0000000000000
2.9519999027252	-0.35903894901276	-0.70305240154266	73.000000000000	0.0000000000000
2.9560000896454	-0.36135989427567	-0.70243680477142	73.000000000000	0.0000000000000
2.9600000381470	-0.36367571353912	-0.70180213451385	73.000000000000	0.0000000000000
2.9639999866486	-0.36598682403564	-0.70114785432816	73.000000000000	0.0000000000000
2.9679999351501	-0.36829221248627	-0.70047396421432	73.000000000000	0.0000000000000
2.9719998836517	-0.37059116363525	-0.69978034496307	73.000000000000	0.0000000000000
2.9760000705719	-0.37288373708725	-0.69906646013260	73.000000000000	0.0000000000000
2.9800000190735	-0.37516903877258	-0.69833266735077	73.000000000000	0.0000000000000
2.9839999675751	-0.37744629383087	-0.69757854938507	73.000000000000	0.0000000000000
2.9879999160767	-0.37971532344818	-0.69680404663086	73.000000000000	0.0000000000000
2.9920001029968	-0.38197508454323	-0.69600915908813	73.000000000000	0.0000000000000
2.9960000514984	-0.38422572612762	-0.69519388675690	73.000000000000	0.0000000000000
3.0000000000000	-0.38646596670151	-0.69435828924179	73.000000000000	0.0000000000000
3.0039999485016	-0.38869521021843	-0.69350266456604	73.000000000000	0.0000000000000
3.0079998970032	-0.39091283082962	-0.69262689352036	73.000000000000	0.0000000000000
3.0120000839233	-0.39311873912811	-0.69173121452332	73.000000000000	0.0000000000000
3.0160000324249	-0.39531162381172	-0.69081586599350	73.000000000000	0.0000000000000
3.0199999809265	-0.39749130606651	-0.68988102674484	73.000000000000	0.0000000000000
3.0239999294281	-0.39965704083443	-0.68892717361450	73.000000000000	0.0000000000000
3.0280001163483	-0.40180829167366	-0.68795448541641	73.000000000000	0.0000000000000
3.0320000648499	-0.40394458174706	-0.68696320056915	73.000000000000	0.0000000000000
3.0360000133514	-0.40606513619423	-0.68595397472382	73.000000000000	0.0000000000000
3.0399999618530	-0.40816962718964	-0.68492716550827	73.000000000000	0.0000000000000
3.0439999103546	-0.41025790572166	-0.68388295173645	73.000000000000	0.0000000000000
3.0480000972748	-0.41232854127884	-0.68282234668732	73.000000000000	0.0000000000000
3.0520000457764	-0.41438174247742	-0.68174570798874	73.000000000000	0.0000000000000
3.0559999942780	-0.41641694307327	-0.68065345287323	73.000000000000	0.0000000000000
3.0599999427795	-0.41843396425247	-0.67954617738724	73.000000000000	0.0000000000000
3.0639998912811	-0.42043250799179	-0.67842435836792	73.000000000000	0.0000000000000
3.0680000782013	-0.42241165041924	-0.67728912830353	73.000000000000	0.0000000000000
3.0720000267029	-0.42437180876732	-0.67614066600800	73.000000000000	0.0000000000000
3.0759999752045	-0.42631238698959	-0.67497974634171	73.000000000000	0.0000000000000
3.0799999237061	-0.42823299765587	-0.67380738258362	73.000000000000	0.0000000000000
3.0840001106262	-0.43013441562653	-0.67262357473373	73.000000000000	0.0000000000000
3.0880000591278	-0.43201535940170	-0.67142957448959	73.000000000000	0.0000000000000
3.0920000076294	-0.43387627601624	-0.67022615671158	73.000000000000	0.0000000000000
3.0959999561310	-0.43571719527245	-0.66901367902756	73.000000000000	0.0000000000000
3.0999999046326	-0.43753808736801	-0.66779297590256	73.000000000000	0.0000000000000
3.1040000915527	-0.43933892250061	-0.66656488180161	73.000000000000	0.0000000000000
3.1080000400543	-0.44112020730972	-0.66532969474792	73.000000000000	0.0000000000000
3.1119999885559	-0.44288131594658	-0.66408872604370	73.000000000000	0.0000000000000
3.1159999370575	-0.44462314248085	-0.66284209489822	73.000000000000	0.0000000000000
3.1199998855591	-0.44634568691254	-0.66159063577652	73.000000000000	0.0000000000000
3.1240000724792	-0.44804903864861	-0.66033524274826	73.000000000000	0.0000000000000
3.1280000209808	-0.44973367452621	-0.65907627344131	73.000000000000	0.0000000000000
3.1319999694824	-0.45140004158020	-0.65781426429749	73.000000000000	0.0000000000000
3.1359999179840	-0.45304811000824	-0.65655010938644	73.000000000000	0.0000000000000
3.1400001049042	-0.45467883348465	-0.65528404712677	73.000000000000	0.0000000000000
3.1440000534058	-0.45629236102104	-0.65401679277420	73.000000000000	0.0000000000000
3.1480000019073	-0.45788916945457	-0.65274864435196	73.000000000000	0.0000000000000
3.1519999504089	-0.45946973562241	-0.65148025751114	73.000000000000	0.0000000000000
3.1559998989105	-0.46103495359421	-0.65021175146103	73.000000000000	0.0000000000000
3.1600000858307	-0.46258491277695	-0.64894390106201	73.000000000000	0.0000000000000
3.1640000343323	-0.46412047743797	-0.64767670631409	73.000000000000	0.0000000000000
3.1679999828339	-0.46564203500748	-0.64641064405441	73.000000000000	0.0000000000000
3.1719999313354	-0.46715018153191	-0.64514601230621	73.000000000000	0.0000000000000
3.1760001182556	-0.46864548325539	-0.64388304948807	73.000000000000	0.0000000000000
3.1800000667572	-0.47012919187546	-0.64262145757675	73.000000000000	0.0000000000000
3.1840000152588	-0.47160127758980	-0.64136183261871	73.000000000000	0.0000000000000
3.1879999637604	-0.47306257486343	-0.64010417461395	73.000000000000	0.0000000000000
3.1919999122620	-0.47451394796371	-0.63884830474854	73.000000000000	0.0000000000000
3.1960000991821	-0.47595560550690	-0.63759452104568	73.000000000000	0.0000000000000
3.2000000476837	-0.47738832235336	-0.63634258508682	73.000000000000	0.0000000000000
3.2039999961853	-0.47881326079369	-0.63509213924408	73.000000000000	0.0000000000000
3.2079999446869	-0.48023015260696	-0.63384354114532	73.000000000000	0.0000000000000
3.2119998931885	-0.48164013028145	-0.63259625434875	73.000000000000	0.0000000000000
3.2160000801086	-0.48304384946823	-0.63135004043579	73.000000000000	0.0000000000000
3.2200000286102	-0.48444139957428	-0.63010483980179	73.000000000000	0.0000000000000
3.2239999771118	-0.48583367466927	-0.62886023521423	73.000000000000	0.0000000000000
3.2279999256134	-0.48722171783447	-0.62761533260345	73.000000000000	0.0000000000000
3.2320001125336	-0.48860478401184	-0.62637066841125	73.000000000000	0.0000000000000
3.2360000610352	-0.48998412489891	-0.62512528896332	73.000000000000	0.0000000000000
3.2400000095367	-0.49135994911194	-0.62387895584106	73.000000000000	0.0000000000000
3.2439999580383	-0.49273273348808	-0.62263089418411	73.000000000000	0.0000000000000
3.2479999065399	-0.49410292506218	-0.62138056755066	73.000000000000	0.0000000000000
3.2520000934601	-0.49547043442726	-0.62012779712677	73.000000000000	0.0000000000000
3.2560000419617	-0.49683591723442	-0.61887168884277	73.000000000000	0.0000000000000
3.2599999904633	-0.49819952249527	-0.61761170625687	73.000000000000	0.0000000000000
3.2639999389648	-0.49956130981445	-0.61634737253189	73.000000000000	0.0000000000000
3.2679998874664	-0.50092148780823	-0.61507779359818	73.000000000000	0.0000000000000
3.2720000743866	-0.50227993726730	-0.61380285024643	73.000000000000	0.0000000000000
3.2760000228882	-0.50363713502884	-0.61252135038376	73.000000000000	0.0000000000000
3.2799999713898	-0.50499272346497	-0.61123299598694	73.000000000000	0.0000000000000
3.2839999198914	-0.50634658336639	-0.60993701219559	73.000000000000	0.0000000000000
3.2880001068115	-0.50769877433777	-0.60863280296326	73.000000000000	0.0000000000000
3.2920000553131	-0.50904911756516	-0.60731983184814	73.000000000000	0.0000000000000
3.2960000038147	-0.51039743423462	-0.60599720478058	73.000000000000	0.0000000000000
3.2999999523163	-0.51174366474152	-0.60466444492340	73.000000000000	0.0000000000000
3.3039999008179	-0.51308715343475	-0.60332077741623	73.000000000000	0.0000000000000
3.3080000877380	-0.51442801952362	-0.60196578502655	73.000000000000	0.0000000000000
3.3120000362396	-0.51576524972916	-0.60059916973114	73.000000000000	0.0000000000000
3.3159999847412	-0.51709902286530	-0.59921985864639	73.000000000000	0.0000000000000
3.3199999332428	-0.51842844486237	-0.59782767295837	73.000000000000	0.0000000000000
3.3239998817444	-0.51975345611572	-0.59642195701599	73.000000000000	0.0000000000000
3.3280000686646	-0.52107310295105	-0.59500241279602	73.000000000000	0.0000000000000
3.3320000171661	-0.52238720655441	-0.59356838464737	73.000000000000	0.0000000000000
3.3359999656677	-0.52369469404221	-0.59211975336075	73.000000000000	0.0000000000000
3.3399999141693	-0.52499532699585	-0.59065598249435	73.000000000000	0.0000000000000
3.3440001010895	-0.52628827095032	-0.58917677402496	73.000000000000	0.0000000000000
3.3480000495911	-0.52757269144058	-0.58768188953400	73.000000000000	0.0000000000000
3.3519999980927	-0.52884817123413	-0.58617120981216	73.000000000000	0.0000000000000
3.3559999465942	-0.53011423349380	-0.58464431762695	73.000000000000	0.0000000000000
3.3599998950958	-0.53136932849884	-0.58310127258301	73.000000000000	0.0000000000000
3.3640000820160	-0.53261327743530	-0.58154207468033	73.000000000000	0.0000000000000
3.3680000305176	-0.53384536504745	-0.57996636629105	73.000000000000	0.0000000000000
3.3719999790192	-0.53506445884705	-0.57837444543839	73.000000000000	0.0000000000000
3.3759999275208	-0.53627014160156	-0.57676613330841	73.000000000000	0.0000000000000
3.3800001144409	-0.53746140003204	-0.57514166831970	73.000000000000	0.0000000000000
3.3840000629425	-0.53863751888275	-0.57350128889084	73.000000000000	0.0000000000000
3.3880000114441	-0.53979772329330	-0.57184505462646	73.000000000000	0.0000000000000
3.3919999599457	-0.54094135761261	-0.57017332315445	73.000000000000	0.0000000000000
3.3959999084473	-0.54206770658493	-0.56848609447479	73.000000000000	0.0000000000000
3.4000000953674	-0.54317617416382	-0.56678402423859	73.000000000000	0.0000000000000
3.4040000438690	-0.54426562786102	-0.56506752967834	73.000000000000	0.0000000000000
3.4079999923706	-0.54533565044403	-0.56333684921265	73.000000000000	0.0000000000000
3.4119999408722	-0.54638552665710	-0.56159251928329	73.000000000000	0.0000000000000
3.4159998893738	-0.54741472005844	-0.55983513593674	73.000000000000	0.0000000000000
3.4200000762939	-0.54842251539230	-0.55806517601013	73.000000000000	0.0000000000000
3.4240000247955	-0.54940861463547	-0.55628329515457	73.000000000000	0.0000000000000
3.4279999732971	-0.55037224292755	-0.55448997020721	73.000000000000	0.0000000000000
3.4319999217987	-0.55131274461746	-0.55268597602844	73.000000000000	0.0000000000000
3.4360001087189	-0.55223017930984	-0.55087184906006	73.000000000000	0.0000000000000
3.4400000572205	-0.55312377214432	-0.54904848337173	73.000000000000	0.0000000000000
3.4440000057220	-0.55399334430695	-0.54721629619598	73.000000000000	0.0000000000000
3.4479999542236	-0.55483835935593	-0.54537647962570	73.000000000000	0.0000000000000
3.4519999027252	-0.55565857887268	-0.54352939128876	73.000000000000	0.0000000000000
3.4560000896454	-0.55645400285721	-0.54167610406876	73.000000000000	0.0000000000000
3.4600000381470	-0.55722427368164	-0.53981721401215	73.000000000000	0.0000000000000
3.4639999866486	-0.55796951055527	-0.53795355558395	73.000000000000	0.0000000000000
3.4679999351501	-0.55868911743164	-0.53608602285385	73.000000000000	0.0000000000000
3.4719998836517	-0.55938369035721	-0.53421521186829	73.000000000000	0.0000000000000
3.4760000705719	-0.56005281209946	-0.53234201669693	73.000000000000	0.0000000000000
3.4800000190735	-0.56069660186768	-0.53046727180481	73.000000000000	0.0000000000000
3.4839999675751	-0.56131488084793	-0.52859181165695	73.000000000000	0.0000000000000
3.4879999160767	-0.56190872192383	-0.52671605348587	73.000000000000	0.0000000000000
3.4920001029968	-0.56247740983963	-0.52484118938446	73.000000000000	0.0000000000000
3.4960000514984	-0.56302165985107	-0.52296751737595	73.000000000000	0.0000000000000
3.5000000000000	-0.56354153156281	-0.52109616994858	73.000000000000	0.0000000000000
3.5039999485016	-0.56403744220734	-0.51922762393951	73.000000000000	0.0000000000000
3.5079998970032	-0.56450986862183	-0.51736229658127	73.000000000000	0.0000000000000
3.5120000839233	-0.56495916843414	-0.51550096273422	73.000000000000	0.0000000000000
3.5160000324249	-0.56538575887680	-0.51364439725876	73.000000000000	0.0000000000000
3.5199999809265	-0.56578993797302	-0.51179301738739	73.000000000000	0.0000000000000
3.5239999294281	-0.56617224216461	-0.50994718074799	73.000000000000	0.0000000000000
3.5280001163483	-0.56653344631195	-0.50810754299164	73.000000000000	0.0000000000000
3.5320000648499	-0.56687396764755	-0.50627452135086	73.000000000000	0.0000000000000
3.5360000133514	-0.56719416379929	-0.50444841384888	73.000000000000	0.0000000000000
3.5399999618530	-0.56749504804611	-0.50262951850891	73.000000000000	0.0000000000000
3.5439999103546	-0.56777703762054	-0.50081825256348	73.000000000000	0.0000000000000
3.5480000972748	-0.56804031133652	-0.49901485443115	73.000000000000	0.0000000000000
3.5520000457764	-0.56828612089157	-0.49721944332123	73.000000000000	0.0000000000000
3.5559999942780	-0.56851488351822	-0.49543201923370	73.000000000000	0.0000000000000
3.5599999427795	-0.56872707605362	-0.49365302920341	73.000000000000	0.0000000000000
3.5639998912811	-0.56892323493958	-0.49188241362572	73.000000000000	0.0000000000000
3.5680000782013	-0.56910413503647	-0.49011999368668	73.000000000000	0.0000000000000
3.5720000267029	-0.56927061080933	-0.48836606740952	73.000000000000	0.0000000000000
3.5759999752045	-0.56942296028137	-0.48662003874779	73.000000000000	0.0000000000000
3.5799999237061	-0.56956177949905	-0.48488217592239	73.000000000000	0.0000000000000
3.5840001106262	-0.56968754529953	-0.48315212130547	73.000000000000	0.0000000000000
3.5880000591278	-0.56980097293854	-0.48142999410629	73.000000000000	0.0000000000000
3.5920000076294	-0.56990236043930	-0.47971493005753	73.000000000000	0.0000000000000
3.5959999561310	-0.56999242305756	-0.47800707817078	73.000000000000	0.0000000000000
3.5999999046326	-0.57007145881653	-0.47630599141121	73.000000000000	0.0000000000000
3.6040000915527	-0.57013964653015	-0.47461131215096	73.000000000000	0.0000000000000
3.6080000400543	-0.57019788026810	-0.47292262315750	73.000000000000	0.0000000000000
3.6119999885559	-0.57024586200714	-0.47123953700066	73.000000000000	0.0000000000000
3.6159999370575	-0.57028430700302	-0.46956136822701	73.000000000000	0.0000000000000
3.6199998855591	-0.57031345367432	-0.46788772940636	73.000000000000	0.0000000000000
3.6240000724792	-0.57033318281174	-0.46621835231781	73.000000000000	0.0000000000000
3.6280000209808	-0.57034373283386	-0.46455258131027	73.000000000000	0.0000000000000
3.6319999694824	-0.57034546136856	-0.46288970112801	73.000000000000	0.0000000000000
3.6359999179840	-0.57033801078796	-0.46122944355011	73.000000000000	0.0000000000000
3.6400001049042	-0.57032167911530	-0.45957109332085	73.000000000000	0.0000000000000
3.6440000534058	-0.57029610872269	-0.45791438221931	73.000000000000	0.0000000000000
3.6480000019073	-0.57026153802872	-0.45625826716423	73.000000000000	0.0000000000000
3.6519999504089	-0.57021754980087	-0.45460236072540	73.000000000000	0.0000000000000
3.6559998989105	-0.57016396522522	-0.45294645428658	73.000000000000	0.0000000000000
3.6600000858307	-0.57010048627853	-0.45128986239433	73.000000000000	0.0000000000000
3.6640000343323	-0.57002681493759	-0.44963189959526	73.000000000000	0.0000000000000
3.6679999828339	-0.56994271278381	-0.44797223806381	73.000000000000	0.0000000000000
3.6719999313354	-0.56984758377075	-0.44631060957909	73.000000000000	0.0000000000000
3.6760001182556	-0.56974101066589	-0.44464609026909	73.000000000000	0.0000000000000
3.6800000667572	-0.56962239742279	-0.44297870993614	73.000000000000	0.0000000000000
3.6840000152588	-0.56949138641357	-0.44130790233612	73.000000000000	0.0000000000000
3.6879999637604	-0.56934702396393	-0.43963336944580	73.000000000000	0.0000000000000
3.6919999122620	-0.56918901205063	-0.43795514106750	73.000000000000	0.0000000000000
3.6960000991821	-0.56901651620865	-0.43627244234085	73.000000000000	0.0000000000000
3.7000000476837	-0.56882870197296	-0.43458545207977	73.000000000000	0.0000000000000
3.7039999961853	-0.56862521171570	-0.43289384245872	73.000000000000	0.0000000000000
3.7079999446869	-0.56840485334396	-0.43119755387306	73.000000000000	0.0000000000000
3.7119998931885	-0.56816720962524	-0.42949664592743	73.000000000000	0.0000000000000
3.7160000801086	-0.56791120767593	-0.42779099941254	73.000000000000	0.0000000000000
3.7200000286102	-0.56763613224030	-0.42608103156090	73.000000000000	0.0000000000000
3.7239999771118	-0.56734085083008	-0.42436656355858	73.000000000000	0.0000000000000
3.7279999256134	-0.56702488660812	-0.42264771461487	73.000000000000	0.0000000000000
3.7320001125336	-0.56668722629547	-0.42092496156693	73.000000000000	0.0000000000000
3.7360000610352	-0.56632709503174	-0.41919863224030	73.000000000000	0.0000000000000
3.7400000095367	-0.56594353914261	-0.41746908426285	73.000000000000	0.0000000000000
3.7439999580383	-0.56553566455841	-0.41573670506477	73.000000000000	0.0000000000000
3.7479999065399	-0.56510293483734	-0.41400194168091	73.000000000000	0.0000000000000
3.7520000934601	-0.56464409828186	-0.41226553916931	73.000000000000	0.0000000000000
3.7560000419617	-0.56415849924088	-0.41052812337875	73.000000000000	0.0000000000000
3.7599999904633	-0.56364578008652	-0.40879026055336	73.000000000000	0.0000000000000
3.7639999389648	-0.56310462951660	-0.40705272555351	73.000000000000	0.0000000000000
3.7679998874664	-0.56253463029861	-0.40531650185585	73.000000000000	0.0000000000000
3.7720000743866	-0.56193512678146	-0.40358236432076	73.000000000000	0.0000000000000
3.7760000228882	-0.56130552291870	-0.40185108780861	73.000000000000	0.0000000000000
3.7799999713898	-0.56064492464066	-0.40012383460999	73.000000000000	0.0000000000000
3.7839999198914	-0.55995303392410	-0.39840173721313	73.000000000000	0.0000000000000
3.7880001068115	-0.55922943353653	-0.39668560028076	73.000000000000	0.0000000000000
3.7920000553131	-0.55847358703613	-0.39497658610344	73.000000000000	0.0000000000000
3.7960000038147	-0.55768525600433	-0.39327594637871	73.000000000000	0.0000000000000
3.7999999523163	-0.55686384439468	-0.39158493280411	73.000000000000	0.0000000000000
3.8039999008179	-0.55600947141647	-0.38990473747253	73.000000000000	0.0000000000000
3.8080000877380	-0.55512171983719	-0.38823631405830	73.000000000000	0.0000000000000
3.8120000362396	-0.55420035123825	-0.38658133149147	73.000000000000	0.0000000000000
3.8159999847412	-0.55324566364288	-0.38494086265564	73.000000000000	0.0000000000000
3.8199999332428	-0.55225759744644	-0.38331627845764	73.000000000000	0.0000000000000
3.8239998817444	-0.55123609304428	-0.38170886039734	73.000000000000	0.0000000000000
3.8280000686646	-0.55018132925034	-0.38012018799782	73.000000000000	0.0000000000000
3.8320000171661	-0.54909378290176	-0.37855136394501	73.000000000000	0.0000000000000
3.8359999656677	-0.54797357320786	-0.37700363993645	73.000000000000	0.0000000000000
3.8399999141693	-0.54682129621506	-0.37547835707664	73.000000000000	0.0000000000000
3.8440001010895	-0.54563707113266	-0.37397718429565	73.000000000000	0.0000000000000
3.8480000495911	-0.54442179203033	-0.37250083684921	73.000000000000	0.0000000000000
3.8519999980927	-0.54317599534988	-0.37105104327202	73.000000000000	0.0000000000000
3.8559999465942	-0.54190027713776	-0.36962884664536	73.000000000000	0.0000000000000
3.8599998950958	-0.54059547185898	-0.36823561787605	73.000000000000	0.0000000000000
3.8640000820160	-0.53926247358322	-0.36687225103378	73.000000000000	0.0000000000000
3.8680000305176	-0.53790205717087	-0.36554011702538	73.000000000000	0.0000000000000
3.8719999790192	-0.53651505708694	-0.36424040794373	73.000000000000	0.0000000000000
3.8759999275208	-0.53510284423828	-0.36297398805618	73.000000000000	0.0000000000000
3.8800001144409	-0.53366643190384	-0.36174184083939	73.000000000000	0.0000000000000
3.8840000629425	-0.53220665454865	-0.36054486036301	73.000000000000	0.0000000000000
3.8880000114441	-0.53072500228882	-0.35938414931297	73.000000000000	0.0000000000000
3.8919999599457	-0.52922254800797	-0.35826057195663	73.000000000000	0.0000000000000
3.8959999084473	-0.52770072221756	-0.35717445611954	73.000000000000	0.0000000000000
3.9000000953674	-0.52616071701050	-0.35612696409225	73.000000000000	0.0000000000000
3.9040000438690	-0.52460414171219	-0.35511839389801	73.000000000000	0.0000000000000
3.9079999923706	-0.52303206920624	-0.35414949059486	73.000000000000	0.0000000000000
3.9119999408722	-0.52144587039948	-0.35322079062462	73.000000000000	0.0000000000000
3.9159998893738	-0.51984745264053	-0.35233229398727	73.000000000000	0.0000000000000
3.9200000762939	-0.51823782920837	-0.35148483514786	73.000000000000	0.0000000000000
3.9240000247955	-0.51661878824234	-0.35067826509476	73.000000000000	0.0000000000000
3.9279999732971	-0.51499152183533	-0.34991309046745	73.000000000000	0.0000000000000
3.9319999217987	-0.51335763931274	-0.34918901324272	73.000000000000	0.0000000000000
3.9360001087189	-0.51171869039536	-0.34850627183914	73.000000000000	0.0000000000000
3.9400000572205	-0.51007622480392	-0.34786474704742	73.000000000000	0.0000000000000
3.9440000057220	-0.50843149423599	-0.34726434946060	73.000000000000	0.0000000000000
3.9479999542236	-0.50678616762161	-0.34670472145081	73.000000000000	0.0000000000000
3.9519999027252	-0.50514149665833	-0.34618559479713	73.000000000000	0.0000000000000
3.9560000896454	-0.50349879264832	-0.34570685029030	73.000000000000	0.0000000000000
3.9600000381470	-0.50185990333557	-0.34526771306992	73.000000000000	0.0000000000000
3.9639999866486	-0.50022566318512	-0.34486773610115	73.000000000000	0.0000000000000
3.9679999351501	-0.49859762191772	-0.34450629353523	73.000000000000	0.0000000000000
3.9719998836517	-0.49697697162628	-0.34418290853500	73.000000000000	0.0000000000000
3.9760000705719	-0.49536496400833	-0.34389653801918	73.000000000000	0.0000000000000
3.9800000190735	-0.49376270174980	-0.34364670515060	73.000000000000	0.0000000000000
3.9839999675751	-0.49217146635056	-0.34343260526657	73.000000000000	0.0000000000000
3.9879999160767	-0.49059209227562	-0.34325313568115	73.000000000000	0.0000000000000
3.9920001029968	-0.48902571201324	-0.34310728311539	73.000000000000	0.0000000000000
3.9960000514984	-0.48747295141220	-0.34299445152283	73.000000000000	0.0000000000000
4.0000000000000	-0.48593509197235	-0.34291315078735	73.000000000000	0.0000000000000
